时间(s)	角速度roll(rad/s)	角速度pitch(rad/s)	角速度yaw(rad/s)	推力
1782832599.760075	0.000000	0.011891	3.079388	-0.310095
1782832599.776653	0.000000	0.007033	3.085423	-0.310231
1782832599.793532	0.000000	0.008901	3.080615	-0.310218
1782832599.807375	0.000000	0.013798	3.009990	-0.310433
1782832599.820903	0.000000	0.021440	2.969429	-0.310433
1782832599.836703	0.000000	-0.011281	2.746016	-0.310113
1782832599.850015	0.000000	-0.011193	2.581662	-0.308767
1782832599.863948	0.000000	-0.012356	2.317158	-0.309639
1782832599.877521	0.000000	-0.005856	2.210695	-0.308741
1782832599.891532	0.000000	-0.036091	2.073106	-0.308447
1782832599.905298	0.000000	-0.046994	1.789822	-0.308343
1782832599.919809	0.000000	-0.017193	1.669108	-0.307538
1782832599.935483	0.000000	-0.004702	1.571473	-0.307062
1782832599.948567	0.000000	-0.027033	1.434746	-0.307731
1782832599.962588	0.000000	-0.041704	1.183092	-0.307821
1782832599.975926	0.000000	0.008857	1.113335	-0.306345
1782832599.989357	0.000000	-0.040151	1.000336	-0.307864
1782832600.003818	0.000000	-0.010273	0.777658	-0.307655
1782832600.017736	0.000000	0.003697	0.727565	-0.308336
1782832600.035500	0.004331	-0.002285	0.469051	-0.308697
1782832600.050606	0.013573	0.004691	0.464664	-0.308697
1782832600.067047	0.057609	0.048976	0.365136	-0.308151
1782832600.083153	0.108556	0.046647	0.224079	-0.307570
1782832600.100201	0.146768	0.096775	0.151311	-0.306338
1782832600.114695	0.173027	0.118521	0.147623	-0.305472
1782832600.128982	0.230938	0.124932	0.009064	-0.304903
1782832600.143839	0.272698	0.091430	-0.093837	-0.305694
1782832600.158663	0.306613	0.117606	-0.119466	-0.304733
1782832600.172890	0.339801	0.148942	-0.109856	-0.303469
1782832600.186322	0.380037	0.145782	-0.218465	-0.303469
1782832600.206980	0.444084	0.157816	-0.251132	-0.301754
1782832600.222007	0.471884	0.207363	-0.284981	-0.299998
1782832600.235680	0.508611	0.236553	-0.241268	-0.298985
1782832600.248853	0.498088	0.231311	-0.300139	-0.298985
1782832600.266879	0.512601	0.252353	-0.286525	-0.298335
1782832600.280901	0.488297	0.284694	-0.283289	-0.296802
1782832600.297355	0.520018	0.299901	-0.233324	-0.295432
1782832600.314600	0.489212	0.302650	-0.225938	-0.294966
1782832600.328702	0.462856	0.349677	-0.199756	-0.293281
1782832600.343282	0.413885	0.359966	-0.205712	-0.293221
1782832600.357468	0.423345	0.383565	-0.165516	-0.291749
1782832600.373570	0.379549	0.400772	-0.124238	-0.290515
1782832600.387029	0.326644	0.418986	-0.101059	-0.289711
1782832600.400863	0.274049	0.444781	-0.091491	-0.289242
1782832600.416347	0.277708	0.449549	-0.056013	-0.287664
1782832600.433337	0.226144	0.434842	0.012831	-0.285588
1782832600.447061	0.189206	0.480609	-0.046027	-0.285588
1782832600.460933	0.164582	0.467073	-0.032200	-0.284842
1782832600.479505	0.159084	0.485725	-0.016927	-0.282530
1782832600.495706	0.138835	0.464505	-0.038042	-0.282189
1782832600.510658	0.134146	0.441880	-0.011587	-0.280257
1782832600.526665	0.136511	0.457381	-0.013260	-0.278199
1782832600.539971	0.159914	0.452420	-0.002429	-0.277792
1782832600.554221	0.157060	0.454155	-0.009690	-0.276079
1782832600.569317	0.183652	0.428362	0.002704	-0.276192
1782832600.583798	0.203194	0.403333	-0.026152	-0.273780
1782832600.597053	0.202087	0.401720	-0.014558	-0.273699
1782832600.610474	0.236456	0.370901	0.012705	-0.271730
1782832600.625749	0.263459	0.343925	-0.013887	-0.270130
1782832600.639402	0.299358	0.315979	0.044932	-0.269217
1782832600.653569	0.300820	0.305470	0.055517	-0.268394
1782832600.667400	0.322503	0.301720	0.010343	-0.267355
1782832600.682741	0.352291	0.272082	0.050526	-0.265692
1782832600.696211	0.339690	0.241851	0.060581	-0.264763
1782832600.709954	0.343189	0.232822	0.060308	-0.264086
1782832600.725967	0.363070	0.250798	0.086215	-0.262248
1782832600.740340	0.355672	0.220551	0.098018	-0.262248
1782832600.759401	0.348657	0.191951	0.124733	-0.260073
1782832600.779868	0.340318	0.160675	0.119293	-0.258683
1782832600.795915	0.312882	0.136033	0.154699	-0.256901
1782832600.814179	0.313956	0.163435	0.150256	-0.255915
1782832600.838320	0.276769	0.087974	0.194364	-0.254413
1782832600.858454	0.254373	0.087952	0.210903	-0.252554
1782832600.881719	0.231298	0.055862	0.231152	-0.250751
1782832600.899447	0.213144	0.059095	0.240624	-0.248878
1782832600.915578	0.203165	0.035491	0.259163	-0.247099
1782832600.931678	0.203165	0.035491	0.259163	-0.247099
1782832600.949301	0.193666	0.034076	0.238927	-0.244793
1782832600.963829	0.195859	0.000294	0.268038	-0.244096
1782832600.985886	0.210457	-0.044636	0.301135	-0.241858
1782832601.002302	0.206974	-0.025366	0.276800	-0.240976
1782832601.017553	0.237134	-0.076205	0.324063	-0.238961
1782832601.031182	0.237134	-0.076205	0.324063	-0.238961
1782832601.047211	0.256723	-0.100835	0.305992	-0.237550
1782832601.060850	0.277794	-0.114932	0.336184	-0.238376
1782832601.075756	0.296513	-0.125757	0.362567	-0.236917
1782832601.090118	0.298059	-0.121803	0.368296	-0.235975
1782832601.105157	0.308260	-0.139518	0.389924	-0.234276
1782832601.119425	0.308186	-0.190070	0.436685	-0.234084
1782832601.135697	0.313657	-0.121553	0.400616	-0.232234
1782832601.150231	0.320624	-0.159347	0.427942	-0.232234
1782832601.172735	0.328118	-0.162836	0.454331	-0.230154
1782832601.193220	0.321678	-0.171945	0.451787	-0.228578
1782832601.210010	0.321090	-0.179646	0.479042	-0.226943
1782832601.224102	0.314925	-0.205103	0.490488	-0.225180
1782832601.237978	0.301018	-0.204558	0.544342	-0.224121
1782832601.251484	0.301018	-0.204558	0.544342	-0.224121
1782832601.266658	0.290912	-0.214149	0.558021	-0.222273
1782832601.283082	0.275662	-0.200557	0.576279	-0.220280
1782832601.297110	0.261916	-0.191030	0.624598	-0.219259
1782832601.315027	0.262494	-0.204871	0.587139	-0.217356
1782832601.330713	0.257606	-0.169593	0.628011	-0.215855
1782832601.345701	0.251168	-0.168947	0.652932	-0.214280
1782832601.359314	0.250409	-0.150622	0.669326	-0.212947
1782832601.373967	0.250416	-0.149225	0.622733	-0.210416
1782832601.387909	0.243795	-0.141714	0.631335	-0.208488
1782832601.402450	0.244097	-0.129221	0.680424	-0.206745
1782832601.416836	0.243704	-0.141999	0.623593	-0.203022
1782832601.433646	0.245951	-0.156023	0.625961	-0.201368
1782832601.446854	0.248931	-0.146878	0.644582	-0.199152
1782832601.461469	0.247693	-0.132194	0.637954	-0.197631
1782832601.475975	0.248032	-0.140285	0.596910	-0.193491
1782832601.491081	0.255221	-0.141877	0.620663	-0.191617
1782832601.505300	0.266184	-0.144501	0.591624	-0.187027
1782832601.519563	0.270178	-0.156376	0.627275	-0.184519
1782832601.535296	0.271278	-0.158069	0.614141	-0.182320
1782832601.548683	0.278526	-0.157950	0.592442	-0.180840
1782832601.564889	0.295042	-0.150185	0.593700	-0.176048
1782832601.579714	0.298185	-0.154297	0.647642	-0.173829
1782832601.595494	0.308915	-0.174507	0.608225	-0.170252
1782832601.635339	0.305179	-0.161181	0.594708	-0.163759
1782832601.648465	0.312278	-0.144591	0.611577	-0.161183
1782832601.662698	0.300776	-0.168176	0.651470	-0.157562
1782832601.676694	0.303909	-0.159138	0.626970	-0.155644
1782832601.690715	0.296409	-0.171058	0.627115	-0.154139
1782832601.705625	0.297201	-0.172605	0.621188	-0.149772
1782832601.718900	0.291259	-0.143990	0.647827	-0.147672
1782832601.734266	0.292339	-0.160168	0.626282	-0.144285
1782832601.748338	0.278929	-0.158105	0.688712	-0.144285
1782832601.763746	0.270602	-0.164465	0.698837	-0.143495
1782832601.777615	0.271004	-0.161918	0.666503	-0.139852
1782832601.792020	0.267578	-0.171203	0.677880	-0.138795
1782832601.805821	0.260518	-0.159660	0.639347	-0.134966
1782832601.819159	0.260563	-0.154104	0.618545	-0.133871
1782832601.833792	0.262511	-0.148733	0.632733	-0.131031
1782832601.847456	0.257705	-0.135287	0.661094	-0.131031
1782832601.862320	0.259959	-0.114674	0.660985	-0.128686
1782832601.876854	0.258501	-0.107931	0.622076	-0.125906
1782832601.890563	0.259800	-0.111370	0.645435	-0.124249
1782832601.904363	0.269242	-0.083185	0.629734	-0.121584
1782832601.919483	0.278354	-0.079472	0.630925	-0.120542
1782832601.933446	0.277638	-0.097826	0.594862	-0.117182
1782832601.947746	0.275435	-0.088451	0.605377	-0.117182
1782832601.961033	0.287405	-0.068669	0.589781	-0.115724
1782832601.975121	0.287386	-0.077550	0.560699	-0.113111
1782832601.988595	0.288689	-0.041741	0.565305	-0.111588
1782832602.002593	0.293983	-0.015167	0.544737	-0.108980
1782832602.015915	0.294353	-0.034833	0.531331	-0.107915
1782832602.029079	0.290703	-0.010037	0.543668	-0.107915
1782832602.043213	0.293126	0.020727	0.555928	-0.105398
1782832602.056978	0.294154	0.028372	0.516528	-0.103827
1782832602.071845	0.294024	-0.000945	0.529964	-0.102634
1782832602.085973	0.289998	0.049871	0.495330	-0.099959
1782832602.099432	0.289134	0.051246	0.490571	-0.098504
1782832602.113014	0.276848	0.057890	0.480361	-0.095890
1782832602.126405	0.275633	0.060471	0.480235	-0.094660
1782832602.140656	0.267575	0.099398	0.486719	-0.094660
1782832602.160406	0.258343	0.130280	0.472222	-0.092130
1782832602.175443	0.255245	0.150039	0.470393	-0.090236
1782832602.191996	0.254405	0.154989	0.462133	-0.088330
1782832602.206106	0.247169	0.158550	0.444686	-0.085240
1782832602.219781	0.249746	0.170968	0.461617	-0.084401
1782832602.240336	0.251291	0.195011	0.434068	-0.083115
1782832602.253944	0.248668	0.233382	0.420202	-0.080460
1782832602.271341	0.247173	0.227322	0.411372	-0.078631
1782832602.287385	0.244390	0.227450	0.408397	-0.075956
1782832602.301903	0.252283	0.234635	0.387852	-0.075344
1782832602.320367	0.257391	0.243850	0.380494	-0.072541
1782832602.334996	0.252481	0.252788	0.371808	-0.069914
1782832602.350034	0.252481	0.252788	0.371808	-0.069914
1782832602.364433	0.262176	0.239449	0.363963	-0.067344
1782832602.378477	0.274363	0.273756	0.363324	-0.065860
1782832602.393913	0.274339	0.233375	0.355538	-0.063221
1782832602.409756	0.271207	0.257175	0.350760	-0.061654
1782832602.424891	0.281007	0.229970	0.334238	-0.059557
1782832602.439645	0.284815	0.262671	0.323036	-0.058223
1782832602.453095	0.285092	0.275558	0.316522	-0.056698
1782832602.469475	0.280412	0.273811	0.328750	-0.055977
1782832602.483159	0.282526	0.263990	0.313865	-0.053358
1782832602.496448	0.283868	0.258063	0.303993	-0.052520
1782832602.510232	0.284694	0.253357	0.294069	-0.051240
1782832602.525818	0.286507	0.235789	0.296716	-0.048909
1782832602.539017	0.278647	0.264188	0.288048	-0.048191
1782832602.553546	0.278873	0.238882	0.294301	-0.047073
1782832602.568801	0.277712	0.255400	0.304119	-0.046621
1782832602.586768	0.271973	0.265068	0.296440	-0.044361
1782832602.602711	0.272898	0.256507	0.285304	-0.043534
1782832602.616714	0.264853	0.265779	0.320015	-0.041636
1782832602.631634	0.264670	0.242608	0.326252	-0.040914
1782832602.646801	0.267125	0.254067	0.320842	-0.039998
1782832602.660655	0.262354	0.259007	0.284094	-0.039764
1782832602.679482	0.265320	0.254752	0.287101	-0.037956
1782832602.694134	0.264514	0.232260	0.298334	-0.036334
1782832602.709618	0.264409	0.244023	0.298293	-0.035825
1782832602.725344	0.261887	0.233670	0.296992	-0.034510
1782832602.739808	0.258620	0.255053	0.287342	-0.033387
1782832602.754652	0.258377	0.245178	0.293221	-0.032775
1782832602.769967	0.252813	0.249984	0.289883	-0.032162
1782832602.784323	0.255804	0.238129	0.306301	-0.031295
1782832602.798755	0.264533	0.234223	0.295619	-0.030375
1782832602.813208	0.264103	0.208007	0.327613	-0.029650
1782832602.827820	0.266156	0.224544	0.295333	-0.029182
1782832602.842811	0.271525	0.223164	0.267543	-0.028016
1782832602.856748	0.272749	0.215853	0.271028	-0.027797
1782832602.871664	0.273169	0.211605	0.283592	-0.027564
1782832602.886805	0.274321	0.183042	0.289846	-0.025930
1782832602.901925	0.273392	0.206676	0.299851	-0.025883
1782832602.916578	0.276167	0.196144	0.310683	-0.024379
1782832602.933994	0.276350	0.192779	0.307515	-0.024221
1782832602.948988	0.279966	0.181554	0.284826	-0.023981
1782832602.962867	0.283450	0.144509	0.277966	-0.023001
1782832602.976727	0.291262	0.149381	0.268748	-0.022382
1782832602.990222	0.291828	0.133492	0.261815	-0.022852
1782832603.003694	0.293550	0.147167	0.266551	-0.022123
1782832603.018548	0.287796	0.155349	0.269188	-0.022008
1782832603.032283	0.288164	0.145060	0.275221	-0.021774
1782832603.048550	0.290082	0.139649	0.271730	-0.021653
1782832603.062549	0.287514	0.135038	0.273537	-0.020364
1782832603.076299	0.280099	0.107584	0.268124	-0.020552
1782832603.089860	0.280267	0.104065	0.270077	-0.020174
1782832603.106203	0.280662	0.137770	0.291430	-0.019788
1782832603.119339	0.274227	0.145455	0.307609	-0.019110
1782832603.134949	0.273669	0.116910	0.306640	-0.018430
1782832603.149119	0.271222	0.111193	0.292419	-0.018430
1782832603.163341	0.268197	0.084730	0.308435	-0.017377
1782832603.178810	0.264606	0.105058	0.312489	-0.017412
1782832603.194100	0.263819	0.092068	0.305480	-0.016530
1782832603.208284	0.267000	0.086331	0.315115	-0.016394
1782832603.222346	0.265501	0.116312	0.324757	-0.016538
1782832603.237110	0.268034	0.113761	0.326915	-0.016356
1782832603.253214	0.267762	0.071014	0.332271	-0.015467
1782832603.267725	0.269776	0.072869	0.330886	-0.015549
1782832603.280937	0.276610	0.077158	0.325537	-0.015620
1782832603.299794	0.276846	0.074494	0.314869	-0.014627
1782832603.320879	0.277787	0.063728	0.340387	-0.014257
1782832603.336314	0.277909	0.060115	0.330835	-0.013775
1782832603.360227	0.284964	0.061057	0.314710	-0.014030
1782832603.377019	0.285412	0.050676	0.319385	-0.013217
1782832603.391230	0.281424	0.035007	0.336157	-0.013448
1782832603.406480	0.281794	0.045776	0.340411	-0.013348
1782832603.419901	0.280529	0.045515	0.319428	-0.013266
1782832603.433815	0.280831	0.027526	0.315625	-0.013067
1782832603.447541	0.282813	0.039805	0.328760	-0.012817
1782832603.464154	0.282830	0.007963	0.319174	-0.012731
1782832603.478847	0.275264	0.018672	0.333680	-0.012935
1782832603.494442	0.275947	0.008452	0.341142	-0.012984
1782832603.507833	0.283337	0.003764	0.322363	-0.012984
1782832603.523090	0.282144	-0.007354	0.318712	-0.012367
1782832603.536581	0.278492	-0.010194	0.333406	-0.012367
1782832603.551562	0.278674	0.011140	0.314306	-0.012180
1782832603.566502	0.281520	0.022955	0.317862	-0.012533
1782832603.580976	0.277806	0.010403	0.323340	-0.013010
1782832603.594756	0.277710	0.029100	0.322705	-0.012984
1782832603.609438	0.280654	0.013835	0.327747	-0.012757
1782832603.625143	0.281918	0.008123	0.320183	-0.013004
1782832603.640013	0.272360	0.014026	0.330152	-0.012973
1782832603.655667	0.271843	0.029798	0.327062	-0.013050
1782832603.669786	0.274896	0.028086	0.337796	-0.012884
1782832603.684882	0.269205	0.005812	0.318892	-0.012804
1782832603.698279	0.274590	0.009956	0.350870	-0.012766
1782832603.712161	0.274364	0.007450	0.345671	-0.012517
1782832603.726773	0.272131	0.008748	0.342346	-0.012501
1782832603.741470	0.266085	-0.003544	0.338708	-0.012238
1782832603.755587	0.267197	-0.018524	0.356203	-0.011746
1782832603.769994	0.267136	-0.009813	0.338141	-0.012076
1782832603.784806	0.271382	0.041001	0.331733	-0.012117
1782832603.799257	0.273465	0.021365	0.322971	-0.012239
1782832603.815691	0.273359	0.038775	0.312545	-0.011649
1782832603.829946	0.276804	0.037496	0.319965	-0.011653
1782832603.846002	0.277619	0.019598	0.317475	-0.011359
1782832603.859702	0.281057	0.034338	0.310584	-0.011015
1782832603.873364	0.281133	0.025893	0.328003	-0.010726
1782832603.889272	0.281160	0.003360	0.305703	-0.010381
1782832603.908845	0.283534	0.025722	0.322680	-0.010510
1782832603.935906	0.289537	0.022632	0.294946	-0.009647
1782832603.953643	0.286480	0.045051	0.279165	-0.009450
1782832603.967355	0.283828	0.024295	0.309631	-0.009683
1782832603.981533	0.278384	0.059643	0.315424	-0.009165
1782832603.995735	0.278034	0.021234	0.320980	-0.008589
1782832604.013518	0.275520	0.066547	0.295926	-0.007978
1782832604.036518	0.271886	0.070111	0.298168	-0.007978
1782832604.055526	0.273779	0.071545	0.326175	-0.006672
1782832604.072087	0.267110	0.053448	0.323737	-0.006037
1782832604.087314	0.265276	0.060212	0.304581	-0.005324
1782832604.103008	0.265426	0.068088	0.334760	-0.004538
1782832604.116710	0.260749	0.088036	0.320109	-0.004065
1782832604.132776	0.260057	0.072116	0.334145	-0.003422
1782832604.146865	0.259679	0.052126	0.306555	-0.003391
1782832604.160354	0.264900	0.091290	0.319059	-0.002612
1782832604.175102	0.264115	0.067871	0.318208	-0.002072
1782832604.190151	0.267419	0.077872	0.320165	-0.001445
1782832604.208837	0.271701	0.062669	0.323795	-0.000894
1782832604.223092	0.278606	0.090371	0.291714	-0.000032
1782832604.236492	0.278767	0.072769	0.305341	0.000079
1782832604.250447	0.281852	0.069178	0.296035	0.000079
1782832604.264915	0.282326	0.061062	0.290065	0.001064
1782832604.278251	0.286134	0.081674	0.295252	0.001072
1782832604.293804	0.286968	0.081828	0.283662	0.001382
1782832604.310413	0.288183	0.087721	0.293866	0.001328
1782832604.325366	0.287632	0.074133	0.287992	0.002356
1782832604.339670	0.288398	0.078851	0.277693	0.002356
1782832604.355041	0.289136	0.071694	0.282681	0.002549
1782832604.369325	0.290560	0.074103	0.285331	0.002829
1782832604.384382	0.288130	0.068668	0.284210	0.003235
1782832604.399436	0.290052	0.073701	0.264689	0.003571
1782832604.415862	0.290433	0.064063	0.280665	0.004125
1782832604.429742	0.284530	0.052204	0.285445	0.004265
1782832604.444282	0.283227	0.066935	0.297397	0.004447
1782832604.458949	0.279513	0.078097	0.288819	0.004695
1782832604.474933	0.279585	0.080491	0.295476	0.004831
1782832604.489742	0.274341	0.094547	0.286430	0.004945
1782832604.505343	0.272937	0.117806	0.297730	0.005704
1782832604.519499	0.272531	0.136664	0.284901	0.005805
1782832604.533938	0.263987	0.116303	0.295836	0.005831
1782832604.547209	0.264729	0.123978	0.291836	0.005831
1782832604.562698	0.264131	0.142251	0.299532	0.006083
1782832604.577397	0.263082	0.135370	0.295989	0.006444
1782832604.591308	0.257265	0.132730	0.290531	0.007450
1782832604.606636	0.261466	0.139253	0.303285	0.007598
1782832604.620181	0.261052	0.138944	0.310618	0.007546
1782832604.634290	0.265863	0.144068	0.300820	0.008181
1782832604.647523	0.268564	0.143009	0.291536	0.008689
1782832604.661044	0.269620	0.136427	0.290639	0.008666
1782832604.676106	0.269599	0.151609	0.303743	0.008780
1782832604.690759	0.269273	0.148872	0.307128	0.009478
1782832604.705746	0.266038	0.164176	0.312299	0.009311
1782832604.721774	0.266174	0.161157	0.311988	0.009507
1782832604.738643	0.270821	0.154283	0.316137	0.010271
1782832604.752868	0.278529	0.163847	0.311213	0.010556
1782832604.767083	0.280990	0.159145	0.308845	0.010442
1782832604.783121	0.281264	0.155036	0.310970	0.010879
1782832604.798320	0.278109	0.144865	0.306240	0.011581
1782832604.813812	0.283051	0.165975	0.326544	0.011419
1782832604.830601	0.283331	0.175337	0.322442	0.011347
1782832604.845040	0.279845	0.180568	0.333718	0.011741
1782832604.860260	0.280454	0.184435	0.330382	0.011987
1782832604.875000	0.280955	0.183069	0.343983	0.011844
1782832604.888325	0.277082	0.177673	0.345159	0.012108
1782832604.903857	0.278205	0.177073	0.334063	0.012953
1782832604.919961	0.277768	0.181718	0.338002	0.013247
1782832604.937985	0.273066	0.164097	0.334794	0.013261
1782832604.952273	0.272950	0.160057	0.329363	0.013343
1782832604.966742	0.275515	0.182380	0.327374	0.013146
1782832604.982312	0.273531	0.171920	0.327933	0.013441
1782832604.996534	0.272913	0.192218	0.323239	0.013174
1782832605.009904	0.270309	0.166655	0.324759	0.013422
1782832605.024419	0.272146	0.180471	0.326996	0.014129
1782832605.038348	0.270317	0.181189	0.331145	0.014129
1782832605.052355	0.269824	0.176814	0.333408	0.014253
1782832605.066553	0.268934	0.168128	0.318121	0.013828
1782832605.080142	0.268728	0.166962	0.324351	0.013966
1782832605.095858	0.264479	0.137792	0.335534	0.015187
1782832605.110279	0.264150	0.133355	0.338595	0.015168
1782832605.124924	0.264454	0.160245	0.343142	0.015202
1782832605.138860	0.265379	0.140058	0.337836	0.015323
1782832605.153293	0.265012	0.145961	0.339669	0.015276
1782832605.167596	0.264269	0.122858	0.336528	0.015627
1782832605.181535	0.265436	0.121171	0.348262	0.015827
1782832605.197050	0.267302	0.110408	0.360097	0.016952
1782832605.210474	0.267522	0.111223	0.353687	0.016575
1782832605.225546	0.270991	0.130106	0.350549	0.016926
1782832605.239009	0.271126	0.118236	0.338771	0.016776
1782832605.253114	0.273986	0.074467	0.341203	0.016542
1782832605.267375	0.278617	0.065175	0.332223	0.016436
1782832605.281128	0.285151	0.073543	0.308631	0.016710
1782832605.296992	0.290610	0.076536	0.292317	0.016880
1782832605.310194	0.291223	0.091318	0.282969	0.016712
1782832605.324452	0.287137	0.079473	0.287096	0.017003
1782832605.337816	0.287472	0.078937	0.283551	0.017274
1782832605.351088	0.286635	0.080457	0.287298	0.017274
1782832605.366232	0.291491	0.087219	0.305189	0.017321
1782832605.379986	0.291947	0.074677	0.298509	0.017613
1782832605.398395	0.287237	0.056293	0.273932	0.018035
1782832605.413485	0.284656	0.042370	0.312091	0.018404
1782832605.426868	0.284761	0.058225	0.291319	0.018593
1782832605.441885	0.284695	0.052352	0.298982	0.018700
1782832605.456507	0.276115	0.048743	0.280460	0.018764
1782832605.472744	0.275988	0.041354	0.282646	0.018320
1782832605.490412	0.272097	0.039665	0.302283	0.018760
1782832605.509091	0.263744	0.041989	0.268311	0.019190
1782832605.522488	0.265190	0.074101	0.267452	0.018785
1782832605.537741	0.262245	0.086996	0.262828	0.018581
1782832605.556188	0.261309	0.080178	0.272234	0.019334
1782832605.570085	0.258148	0.053099	0.260947	0.019277
1782832605.586181	0.261119	0.076235	0.281117	0.019900
1782832605.600948	0.262885	0.094821	0.299592	0.020061
1782832605.616173	0.261751	0.049647	0.312040	0.020310
1782832605.630254	0.260780	0.036147	0.295243	0.020180
1782832605.643942	0.263129	0.043001	0.287062	0.020694
1782832605.658226	0.262921	0.036260	0.288327	0.020849
1782832605.674570	0.268561	0.047695	0.281210	0.021065
1782832605.687972	0.271623	0.041169	0.296222	0.021233
1782832605.705655	0.270534	0.037636	0.301633	0.022044
1782832605.719424	0.270943	0.045740	0.305909	0.021687
1782832605.734961	0.272648	0.058328	0.299742	0.022048
1782832605.748923	0.281231	0.057947	0.302231	0.022048
1782832605.763196	0.286811	0.067927	0.315791	0.021691
1782832605.776765	0.288674	0.074738	0.301723	0.021600
1782832605.790741	0.288855	0.066669	0.305255	0.022004
1782832605.805630	0.291190	0.025340	0.290677	0.022187
1782832605.821792	0.293362	0.032219	0.303981	0.021791
1782832605.837281	0.288577	0.041071	0.315967	0.022401
1782832605.852007	0.288954	0.023526	0.317554	0.022748
1782832605.869470	0.286546	0.028352	0.303961	0.022872
1782832605.883723	0.286836	0.042068	0.298619	0.023256
1782832605.897011	0.287124	0.033981	0.303788	0.023063
1782832605.910725	0.283356	0.034429	0.311293	0.022913
1782832605.928927	0.276631	0.048428	0.310365	0.022937
1782832605.942915	0.276487	0.062933	0.313849	0.022969
1782832605.956221	0.271542	0.074455	0.306210	0.023217
1782832605.972815	0.271571	0.077403	0.300999	0.022809
1782832605.986267	0.266216	0.064537	0.300368	0.022930
1782832605.999597	0.264328	0.065149	0.325823	0.023146
1782832606.014833	0.263033	0.078218	0.310849	0.023636
1782832606.028534	0.259072	0.079359	0.317338	0.023288
1782832606.042111	0.253912	0.078082	0.315359	0.022959
1782832606.055520	0.262499	0.083624	0.305378	0.023216
1782832606.070345	0.261882	0.073272	0.305322	0.023106
1782832606.084446	0.262823	0.073446	0.321907	0.023193
1782832606.097834	0.262439	0.072115	0.324101	0.023512
1782832606.114151	0.264794	0.089129	0.314000	0.023678
1782832606.128786	0.264784	0.073043	0.304679	0.023478
1782832606.143623	0.270111	0.073092	0.299076	0.023382
1782832606.156804	0.270165	0.065585	0.290926	0.023693
1782832606.170431	0.276362	0.073200	0.302297	0.023425
1782832606.185703	0.276876	0.089609	0.318586	0.023659
1782832606.200092	0.278644	0.090360	0.295604	0.023688
1782832606.219944	0.281197	0.093812	0.298419	0.023998
1782832606.237292	0.281833	0.082290	0.301251	0.024601
1782832606.253464	0.283340	0.065987	0.305403	0.024529
1782832606.267405	0.281317	0.059081	0.301679	0.024818
1782832606.281857	0.278902	0.067280	0.308511	0.025069
1782832606.295683	0.279367	0.069406	0.302109	0.025000
1782832606.309415	0.280697	0.084833	0.311183	0.024704
1782832606.325057	0.275784	0.089013	0.330530	0.024989
1782832606.338750	0.274202	0.060255	0.312645	0.025039
1782832606.353714	0.274183	0.073751	0.306805	0.025128
1782832606.367296	0.272620	0.084183	0.303850	0.025111
1782832606.380946	0.267964	0.085117	0.336471	0.025274
1782832606.394440	0.267688	0.090453	0.336248	0.025606
1782832606.408086	0.268061	0.091203	0.329550	0.025570
1782832606.424022	0.268438	0.079828	0.324909	0.025739
1782832606.438522	0.269252	0.081832	0.321894	0.026049
1782832606.452992	0.269102	0.072436	0.322463	0.025949
1782832606.467465	0.270087	0.082796	0.313588	0.025677
1782832606.483090	0.271395	0.072625	0.312658	0.026338
1782832606.498300	0.269249	0.066549	0.325624	0.025793
1782832606.513838	0.269219	0.066265	0.322002	0.025563
1782832606.527835	0.271528	0.063544	0.316668	0.025764
1782832606.543395	0.276376	0.070832	0.302001	0.026084
1782832606.556844	0.274196	0.051023	0.296437	0.025435
1782832606.572782	0.274208	0.052300	0.297836	0.025307
1782832606.590527	0.272311	0.044934	0.289660	0.025527
1782832606.613892	0.273085	0.056568	0.304236	0.025868
1782832606.632482	0.274740	0.044987	0.300108	0.026787
1782832606.704809	0.267559	0.031615	0.287928	0.026345
1782832606.720536	0.266209	0.024144	0.281354	0.026746
1782832606.736460	0.267955	0.044738	0.306887	0.026659
1782832606.752489	0.267955	0.056447	0.306012	0.026899
1782832606.767049	0.263516	0.068366	0.302104	0.027101
1782832606.780931	0.263287	0.057717	0.288210	0.026960
1782832606.795412	0.270613	0.066441	0.284086	0.027101
1782832606.813142	0.270419	0.067498	0.289000	0.027142
1782832606.827929	0.272655	0.082870	0.284342	0.027150
1782832606.842471	0.271430	0.067404	0.286079	0.027158
1782832606.857119	0.271495	0.057134	0.293986	0.027324
1782832606.875363	0.281743	0.065997	0.287890	0.027455
1782832606.892058	0.282255	0.057345	0.298051	0.026934
1782832606.907795	0.283344	0.066361	0.289074	0.027409
1782832606.926969	0.283536	0.035726	0.288023	0.026917
1782832606.948604	0.284119	0.028110	0.289923	0.027353
1782832606.964326	0.283306	0.021152	0.287495	0.027811
1782832606.980452	0.279807	0.023353	0.290503	0.027856
1782832606.999005	0.278666	0.029242	0.292087	0.028390
1782832607.012804	0.278822	0.025821	0.296916	0.028400
1782832607.032395	0.280003	0.044287	0.307808	0.028251
1782832607.048141	0.275840	0.054709	0.296539	0.028192
1782832607.062362	0.272087	0.051047	0.280511	0.028381
1782832607.076437	0.272441	0.071867	0.312860	0.028378
1782832607.090310	0.272331	0.093630	0.314637	0.028158
1782832607.106045	0.267119	0.072328	0.315225	0.028432
1782832607.121335	0.267167	0.075766	0.295209	0.028308
1782832607.135964	0.271228	0.095376	0.299954	0.028388
1782832607.149597	0.271228	0.095376	0.299954	0.028388
1782832607.166016	0.268700	0.078863	0.310516	0.028721
1782832607.179708	0.264458	0.102610	0.304695	0.028065
1782832607.193830	0.264137	0.091699	0.313303	0.028589
1782832607.208785	0.267931	0.089077	0.331406	0.028681
1782832607.227075	0.271025	0.097451	0.345778	0.028671
1782832607.240832	0.271575	0.094164	0.332160	0.028671
1782832607.256411	0.277561	0.090984	0.312880	0.029238
1782832607.269941	0.277747	0.079925	0.315954	0.029152
1782832607.283861	0.282121	0.088860	0.313528	0.029758
1782832607.297246	0.282479	0.088237	0.311253	0.029589
1782832607.311118	0.280228	0.087497	0.315548	0.029177
1782832607.327763	0.278047	0.072847	0.307351	0.029342
1782832607.341268	0.278316	0.054167	0.311042	0.030017
1782832607.354945	0.282961	0.057996	0.334603	0.029722
1782832607.370501	0.281638	0.065522	0.340785	0.029290
1782832607.386824	0.278010	0.066892	0.323256	0.030058
1782832607.400089	0.279197	0.072247	0.321894	0.030055
1782832607.414273	0.279491	0.091548	0.322571	0.029940
1782832607.427650	0.274183	0.089711	0.333377	0.030156
1782832607.442600	0.270155	0.083129	0.333008	0.030165
1782832607.456610	0.275843	0.096792	0.346312	0.029778
1782832607.473521	0.275857	0.079424	0.360510	0.029881
1782832607.488340	0.272700	0.089669	0.355557	0.030073
1782832607.503803	0.268508	0.091129	0.329693	0.030462
1782832607.517473	0.268424	0.092895	0.335696	0.030540
1782832607.530997	0.272383	0.110852	0.340223	0.030632
1782832607.546295	0.269686	0.107030	0.357173	0.030444
1782832607.559489	0.265268	0.083510	0.350901	0.029877
1782832607.575010	0.269258	0.090232	0.352843	0.030313
1782832607.588539	0.269271	0.067101	0.356797	0.030313
1782832607.604492	0.274946	0.068367	0.366646	0.030220
1782832607.619164	0.273448	0.074419	0.344146	0.029900
1782832607.633596	0.273513	0.062042	0.338363	0.030551
1782832607.647532	0.272586	0.045802	0.335532	0.030293
1782832607.662282	0.279443	0.084511	0.328663	0.030218
1782832607.677582	0.281712	0.082104	0.338883	0.030062
1782832607.692215	0.281872	0.073827	0.337662	0.030157
1782832607.709566	0.278053	0.060005	0.338611	0.030238
1782832607.728958	0.280315	0.046486	0.330805	0.030279
1782832607.748093	0.284465	0.074655	0.327368	0.029678
1782832607.763508	0.281091	0.046823	0.314145	0.029947
1782832607.777810	0.281447	0.059310	0.301981	0.029981
1782832607.796891	0.282254	0.094369	0.322514	0.030321
1782832607.810116	0.282641	0.076979	0.329390	0.030185
1782832607.824235	0.276955	0.072177	0.318494	0.029827
1782832607.838097	0.277099	0.080648	0.315620	0.029393
1782832607.854420	0.277316	0.087402	0.305572	0.030014
1782832607.870210	0.280705	0.094093	0.288547	0.029982
1782832607.884155	0.274643	0.072473	0.288281	0.029429
1782832607.897752	0.273056	0.096764	0.307157	0.029079
1782832607.911776	0.272698	0.083247	0.306892	0.029306
1782832607.925711	0.274015	0.093227	0.303000	0.029921
1782832607.941631	0.271793	0.103059	0.289650	0.029576
1782832607.957061	0.269455	0.083010	0.299724	0.029662
1782832607.971443	0.269303	0.090573	0.302210	0.029629
1782832607.986124	0.269445	0.102658	0.280233	0.028990
1782832607.999582	0.267185	0.097090	0.311954	0.029035
1782832608.013329	0.266626	0.097365	0.298666	0.029158
1782832608.026601	0.267912	0.077051	0.298026	0.029098
1782832608.040160	0.267191	0.080652	0.283583	0.029098
1782832608.055229	0.266721	0.080316	0.293228	0.028943
1782832608.069193	0.263710	0.080357	0.308183	0.028773
1782832608.084068	0.267448	0.069358	0.291492	0.029099
1782832608.097599	0.267315	0.077570	0.290695	0.028929
1782832608.110988	0.270203	0.087547	0.300720	0.029227
1782832608.125066	0.269215	0.090667	0.292315	0.028920
1782832608.139347	0.268946	0.087818	0.284586	0.029501
1782832608.153523	0.269026	0.095669	0.280458	0.029360
1782832608.168395	0.274046	0.098155	0.297959	0.029151
1782832608.183750	0.274940	0.107767	0.299034	0.028930
1782832608.197193	0.273905	0.101631	0.292590	0.028742
1782832608.214209	0.274519	0.084393	0.299218	0.028399
1782832608.228166	0.279325	0.075553	0.299701	0.028918
1782832608.243972	0.285187	0.079970	0.308275	0.028868
1782832608.257765	0.285920	0.075591	0.291715	0.028301
1782832608.274711	0.286248	0.073461	0.298408	0.028244
1782832608.287827	0.284712	0.094347	0.291355	0.028203
1782832608.301057	0.287147	0.106262	0.306645	0.028336
1782832608.318800	0.283234	0.106849	0.318182	0.028577
1782832608.335302	0.281283	0.093657	0.314580	0.028629
1782832608.348587	0.281283	0.093657	0.314580	0.028629
1782832608.362813	0.283310	0.094006	0.308154	0.028272
1782832608.376418	0.283400	0.089337	0.313212	0.028133
1782832608.389914	0.277167	0.070161	0.306613	0.028058
1782832608.406019	0.271582	0.090012	0.318515	0.027666
1782832608.422133	0.271400	0.085415	0.325067	0.027586
1782832608.437135	0.273076	0.098085	0.328712	0.027855
1782832608.450785	0.267072	0.084059	0.318326	0.027599
1782832608.467643	0.265765	0.091752	0.312902	0.027904
1782832608.483014	0.265313	0.074184	0.309279	0.028266
1782832608.499493	0.261949	0.071957	0.319050	0.027973
1782832608.514006	0.260981	0.065983	0.314660	0.027902
1782832608.528001	0.258824	0.068899	0.341895	0.027430
1782832608.542923	0.261246	0.071251	0.326219	0.027281
1782832608.556663	0.264769	0.068346	0.313222	0.027377
1782832608.573858	0.267595	0.083866	0.307400	0.027658
1782832608.588355	0.267526	0.078856	0.302634	0.027586
1782832608.603214	0.272091	0.088366	0.303251	0.027888
1782832608.618142	0.272179	0.080251	0.298992	0.027834
1782832608.631902	0.276903	0.068110	0.295557	0.027595
1782832608.645465	0.281121	0.070813	0.295321	0.027834
1782832608.659056	0.282850	0.066587	0.309303	0.027959
1782832608.674644	0.283527	0.052951	0.303418	0.028146
1782832608.687774	0.286911	0.054730	0.294822	0.027624
1782832608.702997	0.286990	0.053883	0.290116	0.027677
1782832608.718380	0.287988	0.072532	0.272672	0.027873
1782832608.734462	0.287074	0.067215	0.277829	0.028258
1782832608.747585	0.283425	0.069834	0.292864	0.028258
1782832608.761850	0.280640	0.067308	0.294141	0.028337
1782832608.775864	0.281200	0.065126	0.304866	0.028080
1782832608.790290	0.282209	0.071579	0.303007	0.028044
1782832608.804808	0.279317	0.065490	0.307674	0.028315
1782832608.820381	0.279317	0.065490	0.307674	0.028315
1782832608.844671	0.274478	0.076827	0.310536	0.027580
1782832608.858687	0.269372	0.080406	0.322488	0.027580
1782832608.874640	0.269129	0.075059	0.320713	0.028440
1782832608.888283	0.266778	0.069653	0.302376	0.028102
1782832608.902247	0.267685	0.066358	0.291670	0.028451
1782832608.916918	0.267198	0.079571	0.287087	0.028764
1782832608.930461	0.265463	0.066803	0.293522	0.028788
1782832608.944796	0.263284	0.078363	0.315337	0.028225
1782832608.958227	0.267321	0.094915	0.333399	0.028373
1782832608.973380	0.266791	0.081473	0.335550	0.028407
1782832608.986792	0.268319	0.097758	0.332698	0.028440
1782832609.001493	0.269610	0.092967	0.333737	0.028669
