时间(s)	角速度roll(rad/s)	角速度pitch(rad/s)	角速度yaw(rad/s)	推力
1782832647.927314	0.000000	0.002166	3.084991	-0.308885
1782832647.942050	0.000000	0.002166	3.084991	-0.308885
1782832647.958324	0.000000	-0.001745	3.078412	-0.309146
1782832647.972384	0.000000	0.002744	3.057243	-0.309499
1782832647.987083	0.000000	0.037335	2.864950	-0.309847
1782832648.003424	0.000000	0.015053	2.572514	-0.309981
1782832648.016731	0.000000	-0.008165	2.440333	-0.310404
1782832648.032571	0.000000	0.021777	2.317587	-0.310090
1782832648.046652	0.000000	0.026317	2.155343	-0.310131
1782832648.059871	0.000000	0.007307	2.019049	-0.309854
1782832648.074019	0.000000	0.022272	1.833940	-0.309350
1782832648.089926	0.000000	-0.005685	1.703760	-0.309699
1782832648.105745	0.000000	0.006237	1.450026	-0.309612
1782832648.119017	0.000000	0.021015	1.290208	-0.308651
1782832648.133471	0.000000	0.001234	1.220874	-0.308089
1782832648.149285	0.000000	0.016461	1.100691	-0.309648
1782832648.163557	0.000000	0.036392	0.903085	-0.308286
1782832648.177655	0.000000	0.025793	0.727375	-0.308418
1782832648.193892	0.044643	0.049714	0.583901	-0.307669
1782832648.212637	0.055556	0.064576	0.539272	-0.307472
1782832648.226783	0.115136	0.079581	0.413860	-0.306305
1782832648.240384	0.141647	0.072785	0.289910	-0.306305
1782832648.258923	0.204077	0.112554	0.194089	-0.305415
1782832648.273229	0.255720	0.069365	0.075581	-0.305399
1782832648.287705	0.286989	0.111560	0.078271	-0.304210
1782832648.301427	0.340669	0.131063	-0.010520	-0.303723
1782832648.317093	0.384853	0.166373	-0.113622	-0.302755
1782832648.333086	0.384853	0.166373	-0.113622	-0.302755
1782832648.347110	0.451261	0.154030	-0.152879	-0.302445
1782832648.362010	0.460617	0.195310	-0.203744	-0.300902
1782832648.375771	0.499069	0.200784	-0.168443	-0.299793
1782832648.389885	0.508545	0.249951	-0.206447	-0.299341
1782832648.405553	0.522597	0.291031	-0.244531	-0.297827
1782832648.419705	0.498695	0.281825	-0.272621	-0.297944
1782832648.434384	0.515450	0.311126	-0.257722	-0.297243
1782832648.447572	0.482788	0.327673	-0.251469	-0.296197
1782832648.463804	0.441901	0.350598	-0.284208	-0.295562
1782832648.478636	0.400541	0.406029	-0.271330	-0.294057
1782832648.492815	0.410939	0.405898	-0.192671	-0.292585
1782832648.507772	0.364165	0.437642	-0.194702	-0.291884
1782832648.523434	0.323634	0.482895	-0.170709	-0.290951
1782832648.537083	0.274605	0.495460	-0.191506	-0.290951
1782832648.553604	0.239193	0.526799	-0.168837	-0.288943
1782832648.567245	0.241085	0.537005	-0.154850	-0.288533
1782832648.584587	0.204960	0.575019	-0.148758	-0.286522
1782832648.598754	0.190886	0.574575	-0.162750	-0.285744
1782832648.620127	0.178885	0.582963	-0.122593	-0.283605
1782832648.639201	0.177136	0.563424	-0.087892	-0.283327
1782832648.653105	0.174048	0.552861	-0.099528	-0.281517
1782832648.667361	0.188428	0.565403	-0.108266	-0.280258
1782832648.682562	0.203245	0.504529	-0.092234	-0.278172
1782832648.695747	0.210463	0.532023	-0.103424	-0.277298
1782832648.709031	0.209314	0.500745	-0.077428	-0.275835
1782832648.723240	0.225403	0.502709	-0.096198	-0.274181
1782832648.737098	0.269525	0.492379	-0.111041	-0.274181
1782832648.750312	0.269486	0.484313	-0.098395	-0.272301
1782832648.765000	0.284236	0.494844	-0.046203	-0.270498
1782832648.778734	0.300395	0.432591	-0.034842	-0.269912
1782832648.795964	0.303231	0.410466	-0.006914	-0.267850
1782832648.811554	0.316132	0.385863	-0.002207	-0.267850
1782832648.828691	0.328130	0.395482	0.019402	-0.265266
1782832648.848622	0.340281	0.347911	0.052556	-0.263341
1782832648.865678	0.337978	0.311726	0.083084	-0.260808
1782832648.879219	0.325339	0.266410	0.117262	-0.260306
1782832648.893114	0.328294	0.278025	0.107247	-0.258280
1782832648.906285	0.316392	0.219088	0.127087	-0.257592
1782832648.919588	0.317029	0.241537	0.120060	-0.256421
1782832648.934711	0.299873	0.168278	0.129542	-0.255927
1782832648.947784	0.282549	0.133402	0.158351	-0.254985
1782832648.961369	0.258947	0.112014	0.172405	-0.254276
1782832648.975857	0.242957	0.100419	0.196225	-0.252536
1782832648.991711	0.241379	0.094585	0.186741	-0.251748
1782832649.006192	0.227207	0.068196	0.182853	-0.250355
1782832649.019503	0.227207	0.068196	0.182853	-0.250355
1782832649.034647	0.221893	0.021752	0.191183	-0.247963
1782832649.047897	0.215079	-0.010302	0.219463	-0.247432
1782832649.061632	0.214558	-0.055203	0.241923	-0.246076
1782832649.078027	0.212619	-0.078630	0.261352	-0.244518
1782832649.094554	0.209540	-0.047173	0.229751	-0.242549
1782832649.115248	0.215739	-0.056777	0.257360	-0.241375
1782832649.131639	0.235327	-0.082405	0.263044	-0.239823
1782832649.150250	0.230213	-0.095686	0.280495	-0.239246
1782832649.165718	0.256859	-0.188699	0.320128	-0.236998
1782832649.185091	0.264269	-0.159139	0.349151	-0.235146
1782832649.209911	0.283766	-0.198532	0.344469	-0.232981
1782832649.242410	0.310434	-0.227163	0.360597	-0.230940
1782832649.260909	0.320152	-0.261121	0.397418	-0.229227
1782832649.274602	0.325998	-0.214735	0.367050	-0.227272
1782832649.288823	0.336805	-0.213484	0.350037	-0.226008
1782832649.307286	0.331842	-0.227177	0.411852	-0.223461
1782832649.328373	0.333367	-0.209907	0.350411	-0.221186
1782832649.344172	0.317005	-0.267312	0.403226	-0.220001
1782832649.359123	0.304194	-0.287898	0.426866	-0.219088
1782832649.374107	0.307309	-0.250478	0.388938	-0.216695
1782832649.389089	0.290352	-0.276318	0.400235	-0.214897
1782832649.404827	0.275808	-0.229035	0.400753	-0.212797
1782832649.419054	0.275808	-0.229035	0.400753	-0.212797
1782832649.432717	0.262937	-0.238300	0.412707	-0.210184
1782832649.446001	0.252559	-0.222638	0.433747	-0.209068
1782832649.460545	0.238648	-0.236431	0.456580	-0.207606
1782832649.476835	0.234268	-0.223557	0.474694	-0.204251
1782832649.491767	0.233217	-0.212976	0.436745	-0.202749
1782832649.506123	0.220764	-0.252528	0.483181	-0.199563
1782832649.524453	0.227056	-0.234940	0.463104	-0.198333
1782832649.537721	0.226530	-0.240388	0.517305	-0.196715
1782832649.552041	0.225767	-0.230604	0.490665	-0.194578
1782832649.565995	0.234993	-0.253020	0.501375	-0.191341
1782832649.580574	0.252500	-0.272192	0.517245	-0.189871
1782832649.594353	0.252971	-0.239297	0.449313	-0.185781
1782832649.608775	0.257522	-0.239683	0.474676	-0.185035
1782832649.623897	0.277134	-0.245928	0.502744	-0.181829
1782832649.638486	0.282599	-0.272675	0.572779	-0.181829
1782832649.653491	0.285423	-0.255868	0.537466	-0.177878
1782832649.667406	0.291700	-0.273360	0.569880	-0.176859
1782832649.682432	0.303021	-0.250553	0.574935	-0.174332
1782832649.696521	0.300291	-0.244145	0.582104	-0.171907
1782832649.710762	0.302567	-0.270398	0.570986	-0.170244
1782832649.726326	0.308727	-0.243268	0.567277	-0.167752
1782832649.739708	0.311734	-0.236807	0.621841	-0.167752
1782832649.755369	0.315797	-0.237772	0.573798	-0.164787
1782832649.770488	0.306494	-0.225022	0.619191	-0.163293
1782832649.786476	0.296452	-0.209468	0.604367	-0.159819
1782832649.799740	0.297965	-0.194957	0.561798	-0.158418
1782832649.815416	0.280361	-0.174589	0.637563	-0.155204
1782832649.832686	0.280908	-0.183126	0.616390	-0.153378
1782832649.846097	0.265784	-0.178813	0.651664	-0.151703
1782832649.860198	0.259801	-0.157159	0.646910	-0.149640
1782832649.874033	0.259632	-0.182430	0.641486	-0.148712
1782832649.891686	0.255328	-0.133669	0.648117	-0.145613
1782832649.906856	0.251312	-0.158525	0.635206	-0.142668
1782832649.921782	0.243922	-0.147649	0.649322	-0.140696
1782832649.937910	0.239251	-0.135688	0.683200	-0.138920
1782832649.955151	0.237631	-0.159851	0.642907	-0.135474
1782832649.970168	0.250316	-0.126802	0.652359	-0.134168
1782832649.985878	0.256745	-0.114862	0.643596	-0.131818
1782832650.000028	0.260521	-0.106600	0.661113	-0.130147
1782832650.014861	0.274440	-0.089016	0.637946	-0.126775
1782832650.029793	0.274599	-0.100212	0.621350	-0.125071
1782832650.044928	0.280751	-0.100957	0.664701	-0.123923
1782832650.058515	0.285732	-0.080432	0.699916	-0.123923
1782832650.073873	0.286159	-0.075679	0.686409	-0.122151
1782832650.089748	0.298794	-0.100457	0.649139	-0.117674
1782832650.105741	0.293547	-0.066322	0.646510	-0.114967
1782832650.119226	0.299298	-0.054538	0.652771	-0.112786
1782832650.133149	0.300212	-0.058179	0.646157	-0.111174
1782832650.148623	0.299552	-0.039034	0.632368	-0.109744
1782832650.162674	0.293527	-0.011002	0.621876	-0.106606
1782832650.176192	0.283501	0.007390	0.625566	-0.104935
1782832650.189795	0.283811	-0.032069	0.620750	-0.104246
1782832650.205581	0.275691	0.006197	0.600935	-0.100578
1782832650.219317	0.275122	0.010197	0.624732	-0.098866
1782832650.234014	0.274822	0.007955	0.607982	-0.097281
1782832650.248961	0.266431	0.015624	0.604104	-0.095787
1782832650.263264	0.266187	0.054048	0.561691	-0.092497
1782832650.276592	0.260090	0.044983	0.585617	-0.090813
1782832650.292488	0.259254	0.031268	0.570050	-0.089404
1782832650.306756	0.258410	0.046904	0.568053	-0.086140
1782832650.319934	0.256048	0.088918	0.580864	-0.086140
1782832650.334593	0.255531	0.100048	0.573173	-0.083927
1782832650.349611	0.254407	0.114347	0.560431	-0.082345
1782832650.364074	0.263342	0.128327	0.544672	-0.079764
1782832650.378036	0.254964	0.108993	0.545508	-0.077688
1782832650.393886	0.254061	0.117896	0.532093	-0.076909
1782832650.409409	0.257338	0.126084	0.526853	-0.074229
1782832650.424671	0.266428	0.150188	0.494581	-0.072384
1782832650.439475	0.266483	0.167722	0.494375	-0.070982
1782832650.456978	0.264448	0.178016	0.486874	-0.068316
1782832650.470953	0.264114	0.180878	0.482403	-0.067653
1782832650.485192	0.272076	0.168176	0.467187	-0.065076
1782832650.498640	0.278599	0.181026	0.461959	-0.063715
1782832650.514030	0.278361	0.171649	0.450686	-0.061463
1782832650.527144	0.270343	0.187076	0.440860	-0.060000
1782832650.540730	0.274447	0.215267	0.432513	-0.060000
1782832650.555219	0.274609	0.184042	0.447662	-0.058115
1782832650.569712	0.281164	0.221782	0.428228	-0.056838
1782832650.584039	0.275903	0.211543	0.403001	-0.054521
1782832650.597228	0.276002	0.196548	0.402353	-0.052988
1782832650.612500	0.272907	0.218056	0.410257	-0.051916
1782832650.626533	0.271858	0.234770	0.389981	-0.049993
1782832650.644850	0.273492	0.269723	0.380040	-0.049993
1782832650.659397	0.271943	0.268627	0.374776	-0.048161
1782832650.674977	0.271638	0.256591	0.368198	-0.045649
1782832650.688746	0.272216	0.237290	0.366263	-0.045079
1782832650.704160	0.262728	0.224248	0.348394	-0.042807
1782832650.720600	0.262925	0.252864	0.344395	-0.042807
1782832650.736200	0.261463	0.276901	0.356614	-0.040673
1782832650.750168	0.260929	0.252182	0.362183	-0.040108
1782832650.765005	0.268897	0.268923	0.339798	-0.038413
1782832650.779989	0.266703	0.263692	0.318623	-0.037698
1782832650.794364	0.263504	0.259716	0.332392	-0.035390
1782832650.807784	0.263020	0.252972	0.330643	-0.034074
1782832650.822418	0.261983	0.271728	0.332394	-0.033776
1782832650.837832	0.261809	0.266930	0.326446	-0.033080
1782832650.851292	0.261928	0.267605	0.311559	-0.032625
1782832650.865471	0.270186	0.273354	0.287920	-0.030993
1782832650.879554	0.272668	0.276580	0.278474	-0.030225
1782832650.894559	0.273012	0.215794	0.289160	-0.028528
1782832650.908023	0.276446	0.212534	0.298277	-0.027566
1782832650.923838	0.276219	0.229470	0.304156	-0.025786
1782832650.938633	0.276620	0.230549	0.304550	-0.025786
1782832650.957435	0.281288	0.223494	0.275504	-0.024434
1782832650.973990	0.281874	0.191964	0.282186	-0.022977
1782832650.988238	0.278494	0.184370	0.277496	-0.021963
1782832651.005500	0.280929	0.189068	0.266089	-0.020926
1782832651.021582	0.277378	0.177645	0.276619	-0.019984
1782832651.037147	0.274351	0.197879	0.282128	-0.019449
1782832651.051813	0.274569	0.189799	0.282810	-0.019011
1782832651.066344	0.265949	0.175002	0.284117	-0.017931
1782832651.080422	0.265604	0.157937	0.291509	-0.016845
1782832651.097311	0.261205	0.152342	0.277648	-0.016088
1782832651.112407	0.261205	0.152342	0.277648	-0.016088
1782832651.127156	0.260800	0.166742	0.290857	-0.015133
1782832651.140554	0.261491	0.163909	0.297296	-0.014512
1782832651.155633	0.262680	0.150462	0.275051	-0.013794
1782832651.169608	0.262619	0.124095	0.291278	-0.013343
1782832651.187000	0.267644	0.129323	0.276163	-0.012280
1782832651.200522	0.267719	0.117737	0.279929	-0.012463
1782832651.216889	0.269448	0.114017	0.266515	-0.011845
1782832651.233440	0.269706	0.109133	0.263688	-0.011224
1782832651.246606	0.275301	0.119882	0.262385	-0.010784
1782832651.259917	0.277288	0.102911	0.253616	-0.010618
1782832651.273834	0.277243	0.074428	0.287112	-0.009623
1782832651.288357	0.281579	0.061542	0.276857	-0.009707
1782832651.303235	0.282195	0.043472	0.274798	-0.009280
1782832651.319382	0.280233	0.012307	0.265011	-0.008562
1782832651.336843	0.280749	0.018746	0.258731	-0.008815
1782832651.350622	0.285998	0.033326	0.257107	-0.008277
1782832651.365021	0.284131	-0.014295	0.268506	-0.007536
1782832651.379750	0.284642	0.001557	0.268925	-0.007291
1782832651.395410	0.283523	-0.026056	0.296173	-0.007224
1782832651.408617	0.279882	-0.024966	0.309050	-0.006703
1782832651.423864	0.274932	-0.008859	0.297947	-0.006173
1782832651.437835	0.278054	-0.016653	0.287967	-0.006173
1782832651.451008	0.278474	-0.029917	0.301370	-0.006013
1782832651.469620	0.276959	-0.018336	0.303479	-0.005246
1782832651.486967	0.271837	-0.032473	0.283295	-0.004581
1782832651.501146	0.271317	-0.044853	0.286863	-0.004597
1782832651.517760	0.260273	-0.063910	0.308806	-0.003429
1782832651.536257	0.263287	-0.051172	0.308873	-0.003473
1782832651.550080	0.263195	-0.057545	0.307516	-0.003164
1782832651.564354	0.262956	-0.053209	0.308222	-0.002535
1782832651.579291	0.262074	-0.049960	0.307736	-0.002672
1782832651.593478	0.261531	-0.058060	0.319731	-0.002031
1782832651.607518	0.264316	-0.076149	0.321428	-0.001867
1782832651.623276	0.266261	-0.048873	0.316896	-0.001322
1782832651.637281	0.264531	-0.059740	0.310618	-0.001322
1782832651.650931	0.264573	-0.062610	0.305159	-0.000938
1782832651.668217	0.272068	-0.077101	0.303700	-0.000610
1782832651.683302	0.279888	-0.062851	0.321612	-0.000304
1782832651.699605	0.277764	-0.059718	0.338400	0.000069
1782832651.714607	0.276370	-0.079137	0.333829	0.000589
1782832651.728648	0.276467	-0.078407	0.327121	0.000754
1782832651.743521	0.279021	-0.089176	0.355344	0.000923
1782832651.757348	0.277922	-0.092873	0.364730	0.000732
1782832651.770876	0.277908	-0.100325	0.367825	0.001260
1782832651.786897	0.279813	-0.078846	0.363132	0.001135
1782832651.801115	0.273667	-0.072977	0.351310	0.001487
1782832651.816324	0.272010	-0.111742	0.368058	0.002095
1782832651.834271	0.272010	-0.111742	0.368058	0.002095
1782832651.848339	0.273637	-0.054989	0.387426	0.002493
1782832651.861742	0.268052	-0.083229	0.391660	0.002679
1782832651.875343	0.268309	-0.092769	0.401852	0.003209
1782832651.889598	0.267407	-0.079421	0.393582	0.003699
1782832651.905073	0.271295	-0.066848	0.397685	0.004326
1782832651.919001	0.271709	-0.048558	0.372692	0.004780
1782832651.934435	0.271747	-0.071097	0.397986	0.004375
1782832651.948286	0.273700	-0.049048	0.383720	0.004643
1782832651.962648	0.271163	-0.057002	0.384515	0.005904
1782832652.000754	0.278634	-0.049340	0.392529	0.006100
1782832652.015400	0.279505	-0.051261	0.380440	0.007003
1782832652.033717	0.279505	-0.049023	0.384415	0.007533
1782832652.054983	0.272454	-0.027383	0.374720	0.007781
1782832652.069499	0.272283	-0.039408	0.372191	0.008914
1782832652.085238	0.270435	-0.045984	0.407130	0.009140
1782832652.099383	0.270769	-0.022615	0.407952	0.009612
1782832652.115395	0.270282	-0.004164	0.398662	0.010596
1782832652.143208	0.265005	-0.009871	0.388383	0.010596
1782832652.160525	0.269353	-0.006510	0.389133	0.012221
1782832652.179097	0.270056	0.004063	0.390117	0.013083
1782832652.199916	0.274593	-0.004840	0.404345	0.013746
1782832652.225501	0.275893	-0.011513	0.370609	0.014765
1782832652.243892	0.275777	-0.014752	0.355000	0.015655
1782832652.263489	0.279693	-0.000189	0.336273	0.016703
1782832652.280363	0.277146	0.010411	0.355216	0.016964
1782832652.302491	0.274689	0.001606	0.360472	0.018157
1782832652.316107	0.278528	0.010589	0.337361	0.018983
1782832652.332041	0.278517	0.004389	0.334316	0.019610
1782832652.345648	0.280402	-0.008134	0.311930	0.019581
1782832652.359140	0.283733	-0.003959	0.317145	0.020571
1782832652.372777	0.283752	-0.001324	0.309248	0.020626
1782832652.386256	0.282624	-0.002273	0.317351	0.021184
1782832652.400497	0.276672	-0.005540	0.315670	0.021668
1782832652.416249	0.276638	0.008462	0.303188	0.022263
1782832652.432515	0.275057	0.008002	0.304673	0.022765
1782832652.446854	0.270359	0.001649	0.305571	0.022905
1782832652.461507	0.272292	0.027156	0.312167	0.023648
1782832652.477822	0.271404	0.006500	0.315739	0.023759
1782832652.492638	0.270800	0.027607	0.312489	0.024906
1782832652.505894	0.269478	-0.002403	0.291124	0.025316
1782832652.519573	0.274727	0.010497	0.281118	0.025562
1782832652.534393	0.274745	0.001131	0.278627	0.026024
1782832652.549984	0.273565	-0.009086	0.278203	0.026758
1782832652.565737	0.274073	0.008959	0.281754	0.027161
1782832652.581832	0.272543	0.001722	0.296618	0.027582
1782832652.597701	0.269399	0.005954	0.282304	0.028064
1782832652.612673	0.269251	0.016110	0.280538	0.029104
1782832652.626498	0.270670	0.025566	0.268903	0.029608
1782832652.639731	0.274497	0.028575	0.260258	0.029608
1782832652.653081	0.274835	0.030159	0.253328	0.030043
1782832652.667192	0.277027	0.040724	0.258663	0.030526
1782832652.682635	0.281239	0.038879	0.267098	0.030957
1782832652.696658	0.275390	0.010821	0.270843	0.031342
1782832652.709971	0.275524	0.004023	0.270720	0.032267
1782832652.724456	0.269412	0.002199	0.260288	0.032857
1782832652.739183	0.272825	0.013230	0.261720	0.032857
1782832652.754080	0.272892	0.025456	0.263703	0.033357
1782832652.769186	0.270319	0.030555	0.275889	0.034090
1782832652.783224	0.269856	0.018660	0.274653	0.034666
1782832652.797346	0.275170	0.032694	0.276257	0.034948
1782832652.810649	0.276013	0.016956	0.269108	0.035555
1782832652.825446	0.275505	0.001531	0.247479	0.036130
1782832652.839978	0.275505	0.001531	0.247479	0.036130
1782832652.856641	0.274146	0.004613	0.271856	0.037149
1782832652.872403	0.273938	0.010881	0.273097	0.037385
1782832652.887227	0.268898	0.017543	0.278105	0.037385
1782832652.900868	0.270537	0.021091	0.270643	0.037385
1782832652.914472	0.269885	0.017577	0.250073	0.037385
1782832652.928482	0.269239	0.012650	0.250397	0.038823
1782832652.943666	0.275313	0.015059	0.244208	0.038646
1782832652.959328	0.274923	0.016100	0.258621	0.039155
1782832652.973426	0.274519	0.037448	0.260569	0.039811
1782832652.987815	0.270853	0.024528	0.255521	0.039867
1782832653.004107	0.270768	0.014564	0.272583	0.040181
1782832653.019928	0.270279	0.009864	0.279603	0.040235
1782832653.038076	0.270096	0.030656	0.247555	0.040752
1782832653.052700	0.270149	0.031304	0.248770	0.040697
1782832653.066602	0.275280	0.034411	0.258299	0.041070
1782832653.080287	0.275300	0.031393	0.256683	0.040958
1782832653.103850	0.274430	0.013527	0.262957	0.041257
1782832653.120175	0.276943	0.000202	0.267683	0.041661
1782832653.135610	0.277100	0.007044	0.271669	0.041818
1782832653.150125	0.276722	0.010040	0.270262	0.041818
1782832653.165392	0.274709	0.007355	0.277603	0.042256
1782832653.179038	0.275182	0.020719	0.296707	0.042360
1782832653.193379	0.275232	0.034556	0.293603	0.042033
1782832653.207044	0.269686	0.023962	0.299292	0.042198
1782832653.221452	0.275480	0.021292	0.302698	0.042789
1782832653.236378	0.275438	0.029411	0.301802	0.042467
1782832653.251091	0.280784	0.041642	0.311109	0.042475
1782832653.265670	0.279839	0.027355	0.296106	0.043019
1782832653.278846	0.279968	0.025366	0.305805	0.042762
1782832653.293525	0.279247	0.026694	0.311386	0.042654
1782832653.307104	0.271974	0.033215	0.313131	0.042973
1782832653.320588	0.269616	0.054170	0.320899	0.043370
1782832653.333977	0.269413	0.057400	0.321953	0.043204
1782832653.347757	0.268987	0.078567	0.328586	0.043201
1782832653.362543	0.259330	0.058021	0.336480	0.043387
1782832653.376261	0.258861	0.062359	0.324783	0.043928
1782832653.391045	0.258689	0.048240	0.342502	0.044205
1782832653.406825	0.259098	0.059533	0.353370	0.045187
1782832653.421705	0.256226	0.061498	0.366786	0.045377
1782832653.436511	0.260229	0.046877	0.349334	0.045002
1782832653.450471	0.260097	0.048237	0.349214	0.045305
1782832653.466391	0.267058	0.031817	0.346800	0.045663
1782832653.480003	0.267034	0.040042	0.346231	0.045541
1782832653.495131	0.272094	0.040732	0.333115	0.046329
1782832653.508474	0.274801	0.037643	0.331313	0.046280
1782832653.522914	0.278494	0.050342	0.340046	0.045766
1782832653.537415	0.278494	0.050342	0.340046	0.045766
1782832653.552868	0.278269	0.070079	0.354027	0.045831
1782832653.566061	0.278882	0.039115	0.358813	0.045844
1782832653.579204	0.279262	0.034430	0.358480	0.045738
1782832653.597304	0.286323	0.054805	0.337887	0.046260
1782832653.611155	0.287691	0.069358	0.333870	0.045868
1782832653.626736	0.286548	0.046688	0.333994	0.046977
1782832653.640335	0.286548	0.046688	0.333994	0.046977
1782832653.657620	0.275699	0.057487	0.339610	0.046411
1782832653.672195	0.276271	0.059394	0.337380	0.046203
1782832653.685832	0.274225	0.092523	0.333477	0.046167
1782832653.700002	0.274052	0.095094	0.341244	0.046395
1782832653.716289	0.269970	0.093183	0.361267	0.047120
1782832653.729712	0.259939	0.101419	0.368252	0.047082
1782832653.745294	0.256753	0.094669	0.368294	0.047641
1782832653.760111	0.255238	0.102823	0.389472	0.048016
1782832653.775734	0.253810	0.083198	0.386475	0.047963
1782832653.788857	0.253068	0.121114	0.379862	0.047805
1782832653.807266	0.255399	0.114572	0.344247	0.048619
1782832653.824779	0.254050	0.077441	0.351711	0.049386
1782832653.838813	0.254280	0.076614	0.351688	0.049386
1782832653.853454	0.253409	0.064665	0.360182	0.049565
1782832653.868657	0.257582	0.069186	0.370297	0.050015
1782832653.883130	0.257240	0.070510	0.369379	0.050469
1782832653.897261	0.258934	0.066309	0.377130	0.050593
1782832653.910976	0.261837	0.066004	0.369042	0.050406
1782832653.926379	0.267582	0.066238	0.343220	0.050761
1782832653.939575	0.267582	0.066238	0.343220	0.050761
1782832653.954247	0.274598	0.063880	0.338290	0.050990
1782832653.970759	0.275254	0.054013	0.331468	0.051125
1782832653.985630	0.279856	0.052952	0.326344	0.051226
1782832653.999733	0.280603	0.058956	0.338970	0.050880
1782832654.016835	0.288844	0.051814	0.333881	0.051575
1782832654.034710	0.288844	0.051814	0.333881	0.051575
1782832654.049193	0.286294	0.026200	0.312187	0.051742
1782832654.062989	0.288645	0.042905	0.310610	0.051234
1782832654.076371	0.289162	0.054374	0.308327	0.051700
1782832654.089538	0.286605	0.052086	0.305430	0.051559
1782832654.103873	0.281993	0.039626	0.311989	0.050938
1782832654.117429	0.282047	0.040592	0.310253	0.051141
1782832654.130836	0.278408	0.041826	0.314269	0.051141
1782832654.145852	0.272947	0.049673	0.314612	0.051709
1782832654.159530	0.271694	0.050699	0.307117	0.051522
1782832654.175423	0.271782	0.066098	0.304908	0.051178
1782832654.189358	0.263035	0.058393	0.304602	0.051750
1782832654.205699	0.262212	0.064335	0.311727	0.051278
1782832654.219945	0.263467	0.069414	0.307849	0.051464
1782832654.235045	0.263095	0.046968	0.320295	0.051500
1782832654.248223	0.258424	0.050909	0.304369	0.051743
1782832654.261678	0.259730	0.087773	0.285577	0.052144
1782832654.275577	0.258909	0.071470	0.290081	0.052700
1782832654.289436	0.260507	0.083588	0.301548	0.052319
1782832654.304414	0.260446	0.085551	0.309973	0.052797
1782832654.317697	0.259933	0.081047	0.303684	0.052669
1782832654.331512	0.260890	0.087934	0.299852	0.052669
1782832654.346776	0.261037	0.087914	0.321836	0.052749
1782832654.359919	0.260320	0.094872	0.313943	0.052900
1782832654.373578	0.260187	0.094569	0.315630	0.053352
1782832654.387355	0.265809	0.093459	0.317352	0.053681
1782832654.401285	0.275334	0.103439	0.312732	0.053461
1782832654.415131	0.280714	0.104523	0.307042	0.054403
1782832654.430332	0.280821	0.098037	0.308536	0.054173
1782832654.445173	0.278433	0.103262	0.311245	0.054312
1782832654.459285	0.273830	0.092303	0.299262	0.054413
1782832654.473238	0.283614	0.088080	0.318215	0.055106
1782832654.487064	0.283960	0.104451	0.317735	0.055426
1782832654.503570	0.278972	0.098599	0.314988	0.055799
1782832654.518798	0.276705	0.105791	0.297197	0.056384
1782832654.533788	0.276929	0.106392	0.299083	0.056503
1782832654.547441	0.276501	0.115032	0.311756	0.056579
1782832654.561699	0.279143	0.096927	0.291826	0.057059
1782832654.575563	0.279517	0.101514	0.278377	0.057173
1782832654.589081	0.274783	0.102004	0.310843	0.057644
1782832654.604361	0.274109	0.097596	0.302634	0.058042
1782832654.618748	0.274078	0.083985	0.316158	0.058402
1782832654.634144	0.273186	0.092320	0.307698	0.058459
1782832654.647628	0.276702	0.092454	0.308059	0.058597
1782832654.661368	0.278658	0.095661	0.301415	0.058683
1782832654.676168	0.278622	0.077292	0.297298	0.059441
1782832654.689972	0.277425	0.074185	0.268844	0.059484
1782832654.707428	0.278404	0.078405	0.259034	0.059866
1782832654.722659	0.280015	0.097022	0.265364	0.060241
1782832654.743322	0.276918	0.089932	0.275505	0.060521
1782832654.762603	0.271412	0.057790	0.258615	0.060042
1782832654.775768	0.271315	0.058248	0.253603	0.060036
1782832654.789541	0.273569	0.049621	0.261467	0.060285
1782832654.803590	0.273432	0.064132	0.249667	0.060325
1782832654.818761	0.271574	0.062966	0.261728	0.060603
1782832654.834321	0.274407	0.056883	0.253006	0.060687
1782832654.849077	0.274456	0.054227	0.250130	0.061056
1782832654.864604	0.276158	0.026533	0.250593	0.061361
1782832654.877794	0.279099	0.024464	0.249148	0.061340
1782832654.891842	0.279200	0.020121	0.253100	0.061419
1782832654.906224	0.273732	0.026662	0.239452	0.061614
1782832654.921810	0.280602	0.021388	0.255687	0.061447
1782832654.936763	0.280868	0.026564	0.253444	0.061511
1782832654.950679	0.280847	0.032724	0.267676	0.061904
1782832654.970449	0.277189	0.023785	0.230452	0.061844
1782832654.984593	0.278611	0.045364	0.243776	0.061902
1782832654.997809	0.278704	0.054757	0.238704	0.062263
1782832655.013312	0.279607	0.044322	0.217652	0.061963
1782832655.026486	0.271175	0.044925	0.209404	0.062107
1782832655.041326	0.275149	0.041694	0.202945	0.062107
1782832655.061771	0.273377	0.050773	0.193023	0.062097
1782832655.077531	0.273262	0.035502	0.203651	0.062457
1782832655.093039	0.275325	0.047083	0.218204	0.062457
1782832655.109230	0.270973	0.032608	0.249619	0.062823
1782832655.126005	0.275602	0.045406	0.211155	0.062883
1782832655.140019	0.276176	0.046659	0.214405	0.062883
1782832655.157334	0.276359	0.042281	0.213696	0.062832
1782832655.179669	0.271651	0.030227	0.241454	0.063229
1782832655.198394	0.271458	0.035422	0.233144	0.063063
1782832655.215767	0.277344	0.037603	0.239804	0.062853
1782832655.239447	0.275297	0.049460	0.227416	0.063518
1782832655.255845	0.278503	0.032113	0.207012	0.063116
1782832655.276633	0.280820	0.030244	0.237797	0.063252
1782832655.290406	0.280706	0.032052	0.241036	0.063296
1782832655.304338	0.280893	0.040990	0.240049	0.063111
1782832655.318521	0.277871	0.057319	0.274573	0.063459
1782832655.334079	0.277234	0.059569	0.260150	0.063295
1782832655.347657	0.277645	0.067754	0.243540	0.063506
1782832655.361145	0.281642	0.046751	0.259863	0.063016
1782832655.374818	0.281719	0.058040	0.244887	0.063305
1782832655.389610	0.276759	0.042599	0.256285	0.063529
1782832655.404007	0.274395	0.047360	0.272716	0.063018
1782832655.419424	0.270131	0.045664	0.272553	0.062800
1782832655.436981	0.269558	0.037966	0.275587	0.063056
1782832655.450575	0.269522	0.041697	0.279789	0.063157
1782832655.465701	0.267617	0.060123	0.278920	0.062916
1782832655.480909	0.268048	0.078585	0.288646	0.062520
1782832655.495764	0.267682	0.062293	0.292852	0.062912
1782832655.508922	0.269319	0.069521	0.276389	0.062967
1782832655.523378	0.274222	0.075606	0.275411	0.062580
1782832655.538182	0.270782	0.069626	0.293167	0.062377
1782832655.554770	0.270949	0.061421	0.284065	0.062438
1782832655.569052	0.270987	0.059233	0.280046	0.062275
1782832655.584498	0.273684	0.048743	0.284934	0.061794
1782832655.598803	0.273768	0.055695	0.285015	0.062076
1782832655.613419	0.276603	0.061263	0.281317	0.061741
1782832655.627036	0.275206	0.076811	0.286744	0.061662
1782832655.642457	0.275206	0.076811	0.286744	0.061662
1782832655.658937	0.276087	0.092729	0.297806	0.062128
1782832655.674659	0.276638	0.080089	0.304536	0.061564
1782832655.688697	0.278236	0.086231	0.299741	0.061544
1782832655.704211	0.278647	0.076381	0.271471	0.062179
1782832655.718356	0.278697	0.097589	0.267304	0.061285
1782832655.734836	0.281501	0.089555	0.268452	0.061304
1782832655.748291	0.283668	0.101130	0.275703	0.061399
1782832655.764883	0.277252	0.096316	0.280195	0.061231
1782832655.781542	0.277124	0.105998	0.280842	0.060757
1782832655.798153	0.274465	0.105389	0.273426	0.060689
1782832655.812079	0.272729	0.112471	0.279515	0.060655
1782832655.826995	0.270660	0.093648	0.292336	0.060593
1782832655.844189	0.269451	0.117204	0.296543	0.060540
1782832655.857370	0.267689	0.120586	0.297164	0.060823
1782832655.870675	0.267587	0.100782	0.306623	0.060898
1782832655.884890	0.269171	0.087441	0.299494	0.060104
1782832655.898890	0.269164	0.077058	0.299636	0.059870
1782832655.913105	0.271257	0.073920	0.288435	0.060243
1782832655.926958	0.273670	0.077114	0.289646	0.060240
1782832655.940744	0.273670	0.077114	0.289646	0.060240
1782832655.957323	0.271297	0.087503	0.278262	0.059284
1782832655.971650	0.270891	0.081820	0.271222	0.059727
1782832655.985937	0.275806	0.077012	0.275121	0.058894
1782832656.000656	0.274190	0.095486	0.286146	0.058950
1782832656.014916	0.274097	0.116313	0.291234	0.059064
1782832656.028539	0.271178	0.110224	0.299568	0.059131
1782832656.043803	0.270033	0.104120	0.316456	0.058500
1782832656.056907	0.274036	0.123556	0.313506	0.058299
1782832656.071691	0.274076	0.090084	0.327937	0.058343
1782832656.087254	0.274224	0.099245	0.310503	0.058255
1782832656.102836	0.275565	0.105086	0.292715	0.057667
1782832656.118004	0.275409	0.106970	0.291978	0.057475
1782832656.132740	0.272419	0.089611	0.299780	0.057470
1782832656.148989	0.272539	0.071859	0.304015	0.057282
1782832656.163760	0.272921	0.097721	0.307656	0.057004
1782832656.177727	0.272709	0.086757	0.312938	0.057015
1782832656.191917	0.274033	0.089699	0.296092	0.057070
1782832656.206625	0.268847	0.096532	0.294049	0.057264
1782832656.221596	0.268769	0.095748	0.295478	0.057284
1782832656.237604	0.267768	0.099604	0.294766	0.057676
1782832656.252027	0.271010	0.101342	0.303265	0.057786
1782832656.266275	0.268237	0.096462	0.306421	0.057665
1782832656.279929	0.266508	0.107172	0.281959	0.058057
1782832656.294992	0.266462	0.107966	0.280489	0.057663
1782832656.309255	0.268072	0.085052	0.284502	0.057159
1782832656.323857	0.271358	0.088636	0.288541	0.057119
1782832656.337116	0.271304	0.081916	0.287897	0.057083
1782832656.352653	0.265176	0.071668	0.306844	0.056823
1782832656.367010	0.261453	0.068155	0.310877	0.056175
1782832656.382514	0.273571	0.065135	0.285674	0.056293
1782832656.397603	0.273926	0.071728	0.283434	0.055601
1782832656.413146	0.271142	0.073928	0.291109	0.055867
1782832656.427565	0.267621	0.080968	0.276601	0.055579
1782832656.441359	0.271619	0.083837	0.285158	0.055579
1782832656.458732	0.278520	0.090874	0.307144	0.055326
1782832656.476828	0.278722	0.076927	0.304658	0.055634
1782832656.490972	0.279948	0.096266	0.301548	0.055432
1782832656.506105	0.279420	0.082544	0.285930	0.055570
1782832656.521179	0.280303	0.081703	0.278677	0.055332
1782832656.535522	0.280439	0.082084	0.275880	0.055454
1782832656.549144	0.280466	0.066994	0.300700	0.055676
1782832656.564004	0.275230	0.054651	0.311632	0.055597
1782832656.577670	0.275109	0.053977	0.307897	0.055616
1782832656.592695	0.273370	0.055177	0.293911	0.055611
1782832656.606207	0.277632	0.069407	0.289896	0.055813
1782832656.620186	0.274414	0.063938	0.284234	0.055528
1782832656.636487	0.274381	0.062062	0.282601	0.055529
1782832656.650826	0.269538	0.093678	0.292624	0.055188
1782832656.666638	0.270557	0.082612	0.282832	0.055751
1782832656.680448	0.264671	0.080282	0.287257	0.055785
1782832656.695660	0.264781	0.084575	0.274791	0.055545
1782832656.710243	0.264684	0.087651	0.273701	0.055526
1782832656.724090	0.261839	0.104130	0.286376	0.055646
1782832656.738212	0.263703	0.090309	0.277366	0.055646
1782832656.752546	0.263435	0.084869	0.286252	0.055482
1782832656.768126	0.261814	0.086387	0.304102	0.055592
1782832656.783197	0.266918	0.084757	0.293339	0.055531
1782832656.798080	0.262694	0.081097	0.289116	0.055756
1782832656.812243	0.262578	0.073211	0.293361	0.055727
1782832656.827985	0.266809	0.081835	0.286182	0.055741
1782832656.844749	0.268186	0.086653	0.285838	0.055372
1782832656.862650	0.269967	0.083277	0.278008	0.055643
1782832656.880372	0.275620	0.053756	0.281763	0.055232
1782832656.894142	0.275926	0.070408	0.270508	0.055332
1782832656.907380	0.277764	0.051593	0.271840	0.055420
1782832656.920941	0.278958	0.075105	0.270675	0.054952
1782832656.935276	0.284578	0.092306	0.255106	0.054628
1782832656.949480	0.284873	0.084715	0.264548	0.055028
1782832656.963515	0.277765	0.071030	0.286499	0.054447
1782832656.977338	0.280875	0.060847	0.262953	0.054276
1782832656.995523	0.277050	0.059023	0.279037	0.054412
1782832657.036713	0.275889	0.051166	0.284324	0.054150
1782832657.050424	0.275971	0.051092	0.289163	0.054192
1782832657.064933	0.272049	0.056775	0.267576	0.054178
1782832657.079158	0.272027	0.056377	0.267736	0.054153
1782832657.096138	0.269409	0.051315	0.284258	0.054442
1782832657.110157	0.269247	0.059594	0.284493	0.054570
1782832657.125577	0.266734	0.083392	0.283763	0.053377
1782832657.139173	0.263514	0.078102	0.280160	0.053377
1782832657.153085	0.263002	0.079645	0.270573	0.053718
1782832657.166298	0.266463	0.080496	0.257829	0.053712
1782832657.179646	0.266010	0.078404	0.268954	0.053144
1782832657.196421	0.270771	0.096415	0.266107	0.052822
1782832657.209812	0.267941	0.082767	0.256550	0.052803
1782832657.224464	0.265604	0.054390	0.273208	0.052828
1782832657.238813	0.265604	0.054390	0.273208	0.052828
1782832657.253744	0.266356	0.059826	0.283356	0.052944
1782832657.269137	0.270317	0.067966	0.305261	0.053123
1782832657.283973	0.268330	0.057479	0.321206	0.052923
1782832657.299497	0.268324	0.068375	0.316143	0.053101
1782832657.313560	0.265165	0.060633	0.295111	0.052773
1782832657.327274	0.273614	0.061749	0.299256	0.052853
1782832657.344318	0.269439	0.053553	0.299230	0.052853
1782832657.358553	0.270252	0.052457	0.303282	0.053070
1782832657.373614	0.270514	0.062935	0.301785	0.052250
