时间(s)	位置x(m)	位置y(m)	位置z(m)	欧拉角roll(rad)	欧拉角pitch(rad)	欧拉角yaw(rad)	速度x(m/s)	速度y(m/s)	速度z(m/s)
1782912378.455148	0.512274	0.404339	1.198666	-0.007822	0.011651	-0.028423	0.017517	-0.014373	-0.057143
1782912378.474418	0.512484	0.404175	1.197381	-0.011022	0.011937	-0.029572	0.016033	-0.015746	-0.051170
1782912378.494384	0.512615	0.404221	1.197007	-0.013217	0.012795	-0.030108	0.025009	-0.020187	-0.016807
1782912378.514681	0.512615	0.404221	1.197007	-0.013217	0.012795	-0.030108	0.023875	-0.017538	0.011016
1782912378.534331	0.512615	0.404221	1.197007	-0.013217	0.012795	-0.030108	0.017487	-0.010430	0.066831
1782912378.555335	0.513625	0.404577	1.197558	-0.012978	0.013287	-0.017105	0.021458	-0.006362	0.148676
1782912378.575215	0.513977	0.404623	1.201551	-0.018222	0.015505	-0.010943	0.022744	-0.005190	0.249726
1782912378.594919	0.514457	0.404734	1.207703	-0.016292	0.012672	-0.006624	0.028877	0.002920	0.325625
1782912378.615146	0.514933	0.405240	1.216109	-0.014873	0.013819	-0.002903	0.021015	0.000822	0.403416
1782912378.634677	0.515232	0.405128	1.220896	-0.009970	0.011853	-0.000485	0.027839	0.010607	0.455687
1782912378.654487	0.515674	0.405598	1.231180	-0.009842	0.009194	0.005434	0.034914	0.007438	0.487690
1782912378.674899	0.516262	0.405969	1.242339	-0.012265	0.009634	0.008942	0.032424	0.008415	0.498518
1782912378.694585	0.516844	0.406264	1.253383	-0.008416	0.009513	0.013829	0.029900	0.016641	0.473532
1782912378.714608	0.517318	0.406731	1.263854	-0.008060	0.008482	0.018317	0.027645	0.016199	0.434462
1782912378.735073	0.517891	0.407150	1.272736	-0.012365	0.010009	0.024466	0.030232	0.013084	0.371908
1782912378.754623	0.518505	0.407593	1.279977	-0.009677	0.008936	0.030055	0.032779	0.013159	0.304724
1782912378.774779	0.518713	0.407853	1.282888	-0.008314	0.009206	0.032923	0.042783	0.007864	0.233202
1782912378.794931	0.519219	0.408173	1.287301	-0.007336	0.012781	0.036917	0.037762	0.008099	0.151298
1782912378.815844	0.519873	0.408898	1.289460	-0.011901	0.012591	0.041902	0.037730	0.007169	0.032290
1782912378.835134	0.520406	0.409308	1.289660	-0.004175	0.012819	0.047702	0.038524	0.004041	-0.007611
1782912378.854423	0.520802	0.409676	1.289212	-0.009639	0.012844	0.049849	0.040325	0.000511	-0.075492
1782912378.874177	0.521214	0.410328	1.287092	-0.005291	0.012333	0.056786	0.047802	-0.000712	-0.107416
1782912378.894756	0.521214	0.410328	1.287092	-0.005291	0.012333	0.056786	0.048202	0.000337	-0.150217
1782912378.914356	0.522176	0.411200	1.280199	-0.010291	0.016584	0.065584	0.045949	0.001308	-0.164037
1782912378.935083	0.522607	0.411864	1.276673	-0.011951	0.014998	0.070506	0.041783	0.003090	-0.152258
1782912378.955011	0.522726	0.412173	1.275084	-0.009257	0.014751	0.073143	0.041100	0.004367	-0.121041
1782912378.974661	0.523063	0.412612	1.272261	-0.008086	0.013455	0.076779	0.041375	0.005506	-0.080226
1782912378.994776	0.523563	0.413345	1.270743	-0.008741	0.016032	0.080881	0.029520	0.015216	-0.030770
1782912379.014719	0.523629	0.413882	1.270403	-0.010726	0.014318	0.085827	0.031257	0.012931	0.031595
1782912379.034548	0.523629	0.413882	1.270403	-0.010726	0.014318	0.085827	0.032725	0.013942	0.088256
1782912379.055571	0.523923	0.414679	1.272503	-0.007585	0.012940	0.092705	0.018749	0.020504	0.126018
1782912379.074726	0.523923	0.414679	1.272503	-0.007585	0.012940	0.092705	0.020315	0.025464	0.167053
1782912379.094710	0.523923	0.414679	1.272503	-0.007585	0.012940	0.092705	0.015379	0.024708	0.196111
1782912379.114840	0.523923	0.414679	1.272503	-0.007585	0.012940	0.092705	0.012794	0.027602	0.197723
1782912379.135349	0.523923	0.414679	1.272503	-0.007585	0.012940	0.092705	0.015753	0.025025	0.194769
1782912379.155147	0.523923	0.414679	1.272503	-0.007585	0.012940	0.092705	0.013912	0.025585	0.175321
1782912379.174445	0.523923	0.414679	1.272503	-0.007585	0.012940	0.092705	0.012833	0.030858	0.140520
1782912379.194536	0.523923	0.414679	1.272503	-0.007585	0.012940	0.092705	0.007435	0.029138	0.122439
1782912379.214560	0.523923	0.414679	1.272503	-0.007585	0.012940	0.092705	0.008538	0.027096	0.100693
1782912379.234403	0.523923	0.414679	1.272503	-0.007585	0.012940	0.092705	0.015698	0.027637	0.051242
1782912379.256453	0.523923	0.414679	1.272503	-0.007585	0.012940	0.092705	0.020372	0.022643	0.045420
1782912379.274679	0.522531	0.421157	1.299391	-0.007350	0.016270	0.133885	0.021766	0.025303	0.021324
1782912379.294618	0.522531	0.421157	1.299391	-0.007350	0.016270	0.133885	0.024594	0.027953	-0.010881
1782912379.314571	0.522531	0.421157	1.299391	-0.007350	0.016270	0.133885	0.033014	0.021295	-0.002079
1782912379.363124	0.522531	0.421157	1.299391	-0.007350	0.016270	0.133885	0.033574	0.023216	-0.024002
1782912379.388430	0.522531	0.421157	1.299391	-0.007350	0.016270	0.133885	0.039780	0.021214	-0.038634
1782912379.408137	0.522531	0.421157	1.299391	-0.007350	0.016270	0.133885	0.039780	0.021214	-0.038634
1782912379.427924	0.522780	0.426867	1.294462	-0.008675	0.008910	0.164580	0.033816	0.024485	-0.043455
1782912379.448093	0.522858	0.427582	1.293218	-0.005869	0.007537	0.167686	0.032805	0.024139	-0.055634
1782912379.468014	0.522935	0.427940	1.292462	-0.004161	0.008583	0.171613	0.038130	0.020527	-0.048361
1782912379.488029	0.523021	0.428750	1.290752	-0.005492	0.004898	0.174627	0.033597	0.023662	-0.038619
1782912379.508294	0.523069	0.429006	1.290274	-0.003278	0.007137	0.176021	0.024036	0.028849	-0.042428
1782912379.528272	0.522993	0.429811	1.289202	-0.004847	0.007523	0.179981	0.025961	0.025228	-0.014789
1782912379.549392	0.522993	0.429811	1.289202	-0.004847	0.007523	0.179981	0.019696	0.026951	-0.014320
1782912379.571502	0.522872	0.430629	1.287785	-0.002874	0.004428	0.186540	0.019696	0.026951	-0.014320
1782912379.588181	0.522596	0.431471	1.287327	-0.000858	0.005582	0.189641	0.014551	0.025918	0.010875
1782912379.607442	0.522530	0.431988	1.287292	-0.000880	0.006390	0.193228	0.015093	0.021360	0.027707
1782912379.628801	0.522038	0.432811	1.287408	0.003818	0.006518	0.197396	0.009056	0.024450	0.031921
1782912379.649842	0.521834	0.433055	1.287930	0.001709	0.009929	0.199896	0.011937	0.019307	0.052906
1782912379.667022	0.521487	0.433693	1.288618	-0.000923	0.009718	0.203593	0.001766	0.022123	0.050747
1782912379.688506	0.521487	0.433693	1.288618	-0.000923	0.009718	0.203593	0.001285	0.018451	0.053729
1782912379.708097	0.521487	0.433693	1.288618	-0.000923	0.009718	0.203593	0.001165	0.018006	0.042416
1782912379.728479	0.520559	0.434295	1.290392	0.003300	0.010907	0.210830	0.001165	0.018006	0.042416
1782912379.747175	0.519838	0.434690	1.291848	0.000345	0.013791	0.215535	0.001104	0.011740	0.036472
1782912379.767872	0.519838	0.434690	1.291848	0.000345	0.013791	0.215535	0.001104	0.011740	0.036472
1782912379.790094	0.519838	0.434690	1.291848	0.000345	0.013791	0.215535	0.003702	0.009508	0.020870
1782912379.807926	0.519838	0.434690	1.291848	0.000345	0.013791	0.215535	0.001898	0.012450	-0.001285
1782912379.827504	0.518783	0.435236	1.292988	0.004732	0.017005	0.225079	-0.004015	0.012185	-0.006297
1782912379.847396	0.518244	0.435331	1.293046	0.003346	0.017948	0.229632	0.002205	0.005490	-0.020061
1782912379.867725	0.517069	0.435431	1.292547	0.000693	0.018813	0.235915	0.001491	0.007724	-0.027536
1782912379.887351	0.516585	0.435628	1.291949	0.004264	0.017923	0.239567	0.001491	0.007724	-0.027536
1782912379.907570	0.516414	0.435735	1.291610	0.001310	0.018317	0.241390	0.006469	0.002889	-0.017734
1782912379.928796	0.516269	0.435704	1.291301	-0.000113	0.018797	0.241930	0.006469	0.002889	-0.017734
1782912379.949889	0.515088	0.435597	1.290186	0.001948	0.018755	0.250780	0.000965	0.004604	-0.009606
1782912379.967276	0.514939	0.435484	1.289993	-0.003772	0.018345	0.252401	0.006308	0.004351	-0.021318
1782912379.987656	0.514685	0.435532	1.289737	-0.002851	0.018280	0.254812	0.006308	0.004351	-0.021318
1782912380.008082	0.514524	0.435614	1.289679	-0.003739	0.018582	0.256452	0.002993	0.008475	-0.004889
1782912380.028315	0.514264	0.435647	1.289573	0.000064	0.017140	0.258949	0.012495	0.001530	0.002063
1782912380.048127	0.513973	0.435306	1.289553	-0.001643	0.016001	0.263014	0.007228	0.005931	0.006503
1782912380.067791	0.513874	0.435226	1.289631	0.000058	0.015699	0.264177	0.006499	0.006618	0.026010
1782912380.087652	0.513734	0.435136	1.290236	0.000881	0.014704	0.266424	0.011251	0.009503	0.022861
1782912380.111798	0.513343	0.435162	1.291329	-0.003247	0.015849	0.267940	0.014260	0.006067	0.030594
1782912380.129546	0.513343	0.435162	1.291329	-0.003247	0.015849	0.267940	0.008818	0.011349	0.026049
1782912380.150227	0.513343	0.435162	1.291329	-0.003247	0.015849	0.267940	0.010567	0.009462	0.031956
1782912380.169169	0.513124	0.435339	1.292975	-0.003672	0.016012	0.273492	0.014280	0.008860	0.030825
1782912380.188290	0.513026	0.435376	1.293445	-0.003785	0.015582	0.275305	0.009384	0.011402	0.015466
1782912380.210110	0.512965	0.435302	1.294175	-0.003747	0.013621	0.278024	0.008614	0.011860	0.016669
1782912380.227582	0.512700	0.435514	1.294694	-0.002137	0.014178	0.279301	0.008493	0.015355	-0.001441
1782912380.247872	0.512594	0.435565	1.294842	-0.008989	0.015687	0.283246	0.011640	0.010612	0.002353
1782912380.268213	0.512646	0.435736	1.294838	-0.008375	0.015813	0.285217	0.011640	0.010612	0.002353
1782912380.288069	0.512646	0.435736	1.294838	-0.008375	0.015813	0.285217	0.012415	0.011743	-0.023248
1782912380.307772	0.512407	0.435824	1.294776	-0.003856	0.014322	0.288166	0.014363	0.010257	-0.017720
1782912380.327384	0.512367	0.435826	1.294462	-0.004142	0.014478	0.290859	0.015638	0.009913	-0.029395
1782912380.347666	0.512294	0.435928	1.294222	-0.001181	0.014876	0.291300	0.014978	0.007690	-0.018878
1782912380.369380	0.512340	0.435814	1.294109	-0.001343	0.015576	0.292835	0.010011	0.011580	-0.025113
1782912380.387498	0.512210	0.435968	1.293384	-0.003858	0.013357	0.297476	0.006108	0.012937	-0.014425
1782912380.407687	0.512210	0.435968	1.293384	-0.003858	0.013357	0.297476	0.006108	0.012937	-0.014425
1782912380.430899	0.512186	0.436087	1.293027	-0.001553	0.013804	0.298694	0.004938	0.010933	-0.012329
1782912380.447371	0.511821	0.436164	1.292622	-0.002523	0.012897	0.302204	0.003929	0.010062	-0.003478
1782912380.467605	0.511741	0.436146	1.292433	0.001448	0.013441	0.302415	0.003929	0.010062	-0.003478
1782912380.487117	0.511780	0.436273	1.292864	-0.003305	0.014420	0.306860	0.009158	0.007916	0.005191
1782912380.507548	0.511780	0.436273	1.292864	-0.003305	0.014420	0.306860	0.002902	0.013367	-0.002545
1782912380.530073	0.511468	0.436037	1.293019	0.002461	0.015534	0.310489	0.005979	0.007203	0.014235
1782912380.547533	0.511418	0.436131	1.293251	-0.001892	0.014939	0.312021	0.006990	0.008917	0.005275
1782912380.567850	0.511078	0.436120	1.293529	0.000728	0.013920	0.315636	0.004273	0.005996	0.008016
1782912380.587868	0.511078	0.436120	1.293529	0.000728	0.013920	0.315636	0.004273	0.005996	0.008016
1782912380.608385	0.510818	0.435970	1.294227	0.000090	0.014049	0.317710	0.005016	0.005323	0.007243
1782912380.627843	0.510716	0.436032	1.294318	0.000020	0.013540	0.318691	0.006310	0.004953	0.004613
1782912380.648810	0.510489	0.435932	1.294398	-0.002407	0.014431	0.322991	0.000899	0.008905	-0.007273
1782912380.669066	0.510396	0.435971	1.294682	-0.000228	0.012651	0.323998	0.003317	0.006261	0.003890
1782912380.687534	0.510153	0.435905	1.294653	-0.002017	0.012790	0.325403	0.006871	0.006768	-0.008809
1782912380.707482	0.510069	0.435871	1.294682	-0.000865	0.012102	0.326769	0.008045	0.001884	-0.009571
1782912380.727648	0.510087	0.435807	1.294475	-0.000344	0.014070	0.327394	0.004842	0.003618	-0.015997
1782912380.749048	0.510087	0.435807	1.294475	-0.000344	0.014070	0.327394	0.003466	0.007122	-0.015553
1782912380.768708	0.509947	0.435461	1.294131	-0.003609	0.016823	0.332871	0.008940	0.002898	-0.006597
1782912380.787754	0.509879	0.435535	1.293833	-0.003462	0.017468	0.333217	0.006634	0.004845	-0.021447
1782912380.807922	0.509845	0.435420	1.293569	-0.006648	0.017362	0.335470	0.006658	0.004035	-0.013832
1782912380.829658	0.509769	0.435347	1.293163	-0.005606	0.016675	0.336267	0.005128	0.007526	-0.022335
1782912380.847383	0.509876	0.435307	1.292932	-0.005643	0.016528	0.337663	0.007482	0.004360	-0.007753
1782912380.867482	0.509692	0.435273	1.292592	-0.003866	0.015289	0.340799	0.006573	0.006641	-0.006068
1782912380.887550	0.509754	0.435329	1.292493	-0.003661	0.015182	0.341230	0.001744	0.009783	-0.004438
1782912380.907628	0.509543	0.435144	1.292582	-0.001790	0.016988	0.343049	0.001744	0.009783	-0.004438
1782912380.927912	0.509483	0.435176	1.292506	-0.003827	0.015345	0.344804	0.008500	0.008428	-0.005355
1782912380.948290	0.509476	0.435165	1.292573	-0.004798	0.016744	0.346987	0.009995	0.005398	0.000235
1782912380.968117	0.509487	0.435285	1.292730	-0.005421	0.018419	0.347366	0.010123	0.010880	-0.009279
1782912380.990042	0.509522	0.435240	1.292638	0.000207	0.018132	0.349755	0.010123	0.010880	-0.009279
1782912381.008696	0.509497	0.435300	1.292644	-0.004256	0.019417	0.350330	0.013508	0.007776	0.001576
1782912381.027682	0.509444	0.435561	1.292995	-0.001734	0.019799	0.351765	0.009300	0.011122	0.012691
1782912381.047714	0.509483	0.435560	1.293297	0.001142	0.019290	0.352773	0.012300	0.010905	0.014305
1782912381.067342	0.509635	0.435828	1.293868	-0.001259	0.018331	0.354139	0.015070	0.010517	0.012484
1782912381.087400	0.509746	0.435869	1.294079	-0.002737	0.018380	0.354119	0.015070	0.010517	0.012484
1782912381.107652	0.509702	0.435985	1.294193	-0.003922	0.018234	0.354705	0.013347	0.016184	-0.001956
1782912381.126923	0.509797	0.436077	1.294309	-0.001462	0.017339	0.355634	0.015628	0.013250	0.010101
1782912381.149251	0.509797	0.436077	1.294309	-0.001462	0.017339	0.355634	0.021807	0.013119	-0.000704
1782912381.169656	0.509797	0.436077	1.294309	-0.001462	0.017339	0.355634	0.021956	0.013589	-0.003379
1782912381.187615	0.509797	0.436077	1.294309	-0.001462	0.017339	0.355634	0.021956	0.013589	-0.003379
1782912381.208124	0.509797	0.436077	1.294309	-0.001462	0.017339	0.355634	0.016922	0.019421	-0.017601
1782912381.227979	0.509797	0.436077	1.294309	-0.001462	0.017339	0.355634	0.019264	0.016384	-0.006582
1782912381.248068	0.509797	0.436077	1.294309	-0.001462	0.017339	0.355634	0.024002	0.018846	-0.016267
1782912381.267590	0.509797	0.436077	1.294309	-0.001462	0.017339	0.355634	0.024359	0.017979	-0.016064
1782912381.288599	0.510789	0.438635	1.293342	-0.005316	0.018849	0.366927	0.025818	0.017347	-0.021457
1782912381.307699	0.510769	0.438851	1.293209	-0.005383	0.018501	0.366029	0.023850	0.022913	-0.027012
1782912381.327603	0.510769	0.438851	1.293209	-0.005383	0.018501	0.366029	0.029798	0.018809	-0.009975
1782912381.347359	0.511111	0.439826	1.292487	-0.002835	0.016777	0.368916	0.029211	0.022687	-0.020861
1782912381.368710	0.511335	0.440179	1.292439	-0.004164	0.017571	0.369387	0.028342	0.019127	-0.006046
1782912381.386981	0.511289	0.440427	1.292312	-0.003033	0.016564	0.371009	0.024489	0.024163	-0.009499
1782912381.407490	0.511289	0.440427	1.292312	-0.003033	0.016564	0.371009	0.024489	0.024163	-0.009499
1782912381.429458	0.511740	0.441726	1.292578	-0.000827	0.015348	0.374246	0.031895	0.021041	0.011744
1782912381.447953	0.511837	0.441933	1.292718	0.000499	0.014328	0.374795	0.028988	0.021058	0.024435
1782912381.467943	0.511837	0.441933	1.292718	0.000499	0.014328	0.374795	0.028988	0.021058	0.024435
1782912381.487915	0.512189	0.442525	1.293150	-0.000023	0.013664	0.376926	0.026930	0.026139	0.026907
1782912381.508250	0.512461	0.443502	1.294209	-0.002105	0.013277	0.378648	0.026632	0.026572	0.012660
1782912381.531874	0.512461	0.443502	1.294209	-0.002105	0.013277	0.378648	0.026632	0.026572	0.012660
1782912381.548400	0.512767	0.444324	1.294862	-0.000749	0.012983	0.381305	0.032214	0.022574	0.018912
1782912381.567273	0.512767	0.444324	1.294862	-0.000749	0.012983	0.381305	0.029499	0.026558	-0.002671
1782912381.587420	0.512767	0.444324	1.294862	-0.000749	0.012983	0.381305	0.027365	0.025940	0.004508
1782912381.607439	0.512767	0.444324	1.294862	-0.000749	0.012983	0.381305	0.032648	0.023356	0.000015
1782912381.627573	0.513527	0.446689	1.295198	-0.002780	0.013956	0.386745	0.032648	0.023356	0.000015
1782912381.649832	0.513675	0.447339	1.294862	-0.003500	0.014561	0.388033	0.032413	0.023306	-0.016998
1782912381.669142	0.513663	0.447592	1.294716	-0.003152	0.014744	0.388139	0.032413	0.023306	-0.016998
1782912381.697301	0.513793	0.448257	1.294362	0.001309	0.014123	0.389944	0.036884	0.021013	-0.022152
1782912381.717702	0.514334	0.449276	1.293310	0.004546	0.014303	0.392672	0.028673	0.024000	-0.035278
1782912381.736907	0.514393	0.449523	1.293124	0.004027	0.014003	0.393642	0.032839	0.019223	-0.019949
1782912381.757123	0.514441	0.449673	1.292872	0.003252	0.013121	0.394026	0.032145	0.020553	-0.029993
1782912381.774201	0.514645	0.450579	1.291962	0.004774	0.012261	0.397052	0.030531	0.017453	-0.021399
1782912381.790138	0.514851	0.451027	1.291632	0.003438	0.012976	0.398428	0.030531	0.017453	-0.021399
1782912381.808596	0.514956	0.451363	1.291513	0.007057	0.010961	0.400789	0.030623	0.019582	-0.006457
1782912381.828301	0.514993	0.451823	1.291142	0.005925	0.012202	0.401721	0.029196	0.019967	-0.012350
1782912381.847188	0.515100	0.452153	1.291145	0.008123	0.011474	0.400974	0.022402	0.018695	0.006710
1782912381.867291	0.515157	0.452558	1.291255	0.007663	0.010664	0.402632	0.021409	0.022332	0.008287
1782912381.886919	0.515278	0.453005	1.291328	0.005278	0.010542	0.404224	0.023313	0.017532	0.017101
1782912381.907147	0.515278	0.453005	1.291328	0.005278	0.010542	0.404224	0.018476	0.018385	0.013053
1782912381.928481	0.515399	0.453844	1.291817	0.008291	0.010578	0.405812	0.017665	0.017894	0.019143
1782912381.947712	0.515399	0.453844	1.291817	0.008291	0.010578	0.405812	0.023810	0.016814	0.024138
1782912381.968507	0.515486	0.454316	1.292499	0.009734	0.011338	0.408016	0.022024	0.016109	0.014321
1782912381.987300	0.515589	0.454778	1.293026	0.007822	0.012447	0.410258	0.019457	0.014179	0.013421
1782912382.009196	0.515620	0.454932	1.293404	0.004197	0.013060	0.411581	0.017035	0.015321	0.000896
1782912382.027874	0.515551	0.455325	1.293784	0.003474	0.014478	0.412954	0.017035	0.015321	0.000896
1782912382.048787	0.515576	0.455472	1.294011	0.004016	0.013004	0.414127	0.020751	0.008538	0.014603
1782912382.068702	0.515561	0.455577	1.294093	0.008387	0.011356	0.414793	0.014880	0.009636	0.002463
1782912382.088290	0.515647	0.455659	1.294098	0.006809	0.012136	0.414842	0.011495	0.013044	-0.007911
1782912382.107863	0.515643	0.455659	1.294007	0.007961	0.011754	0.415911	0.012569	0.007698	-0.005587
1782912382.128157	0.515718	0.455749	1.293974	0.007268	0.012353	0.416558	0.016939	0.003275	-0.006594
1782912382.147150	0.515734	0.455987	1.293711	0.005910	0.012850	0.417137	0.014929	0.003816	-0.019053
1782912382.168415	0.515778	0.456014	1.293572	0.005887	0.011272	0.418010	0.014929	0.003816	-0.019053
1782912382.188067	0.515791	0.456209	1.293061	0.006691	0.010287	0.419763	0.011720	0.003286	-0.029847
1782912382.209352	0.515810	0.456248	1.292531	0.005612	0.012911	0.420549	0.011720	0.003286	-0.029847
1782912382.227697	0.515744	0.456200	1.292127	0.004289	0.011881	0.422098	0.015678	-0.000982	-0.014975
1782912382.249717	0.515783	0.456095	1.291735	0.004312	0.014941	0.421241	0.010370	-0.001473	-0.007230
1782912382.267753	0.515797	0.455961	1.291500	0.004034	0.014474	0.422154	0.005079	0.001725	-0.010058
1782912382.287795	0.515762	0.455833	1.291335	0.002723	0.014762	0.423779	0.010491	-0.005411	0.005692
1782912382.308616	0.515806	0.455851	1.291334	0.003569	0.015203	0.423365	0.006539	-0.003907	-0.006810
1782912382.329927	0.515888	0.455620	1.291399	0.004169	0.014854	0.425050	0.006537	-0.007500	0.002240
1782912382.347709	0.515972	0.455354	1.291326	0.006072	0.015016	0.426194	0.006155	-0.003995	-0.004900
1782912382.367443	0.515977	0.455292	1.291526	0.006479	0.014928	0.426397	0.013538	-0.011034	0.011795
1782912382.389484	0.516055	0.455061	1.291709	0.007688	0.016251	0.427856	0.009721	-0.009244	0.001510
1782912382.408081	0.516177	0.454763	1.291857	0.005516	0.015419	0.428192	0.009721	-0.009244	0.001510
1782912382.427914	0.516399	0.454597	1.292036	0.007126	0.015216	0.427916	0.007334	-0.011251	0.013762
1782912382.447797	0.516559	0.454412	1.292185	0.004804	0.014838	0.428232	0.012033	-0.017040	0.012786
1782912382.467464	0.516591	0.454136	1.292357	0.006541	0.014583	0.429859	0.011057	-0.014537	-0.001246
1782912382.491143	0.516784	0.453772	1.292723	0.005728	0.015094	0.429557	0.011057	-0.014537	-0.001246
1782912382.507550	0.516929	0.453443	1.292821	0.004509	0.014193	0.430107	0.006503	-0.014639	-0.006586
1782912382.527607	0.517218	0.453071	1.292875	0.005320	0.014355	0.431448	0.006503	-0.014639	-0.006586
1782912382.548760	0.517480	0.452665	1.292781	0.004803	0.014938	0.431795	0.014540	-0.020396	0.001837
1782912382.567282	0.517630	0.452214	1.292518	0.005432	0.015120	0.431144	0.014540	-0.020396	0.001837
1782912382.588452	0.517847	0.451991	1.292652	0.003162	0.014912	0.432025	0.009059	-0.018149	-0.001329
1782912382.607644	0.518191	0.451703	1.292462	0.004667	0.015988	0.431648	0.009059	-0.018149	-0.001329
1782912382.628554	0.518557	0.451281	1.292510	0.006349	0.016773	0.432726	0.010920	-0.018371	-0.013761
1782912382.648492	0.518829	0.451048	1.292081	0.005792	0.018537	0.432975	0.014089	-0.019104	-0.019057
1782912382.667689	0.519346	0.450565	1.291990	0.004056	0.015544	0.433720	0.013013	-0.020486	-0.009187
1782912382.687305	0.519402	0.450284	1.291856	0.001275	0.016267	0.434468	0.013013	-0.020486	-0.009187
1782912382.707739	0.519741	0.450053	1.291731	0.004017	0.014429	0.434359	0.010884	-0.015375	-0.019476
1782912382.727057	0.520017	0.449649	1.291431	0.000693	0.014730	0.435487	0.014317	-0.016991	-0.010875
1782912382.748601	0.520327	0.449444	1.291378	-0.000275	0.014564	0.435209	0.010766	-0.016305	0.004718
1782912382.767019	0.520515	0.449360	1.291424	0.003567	0.015127	0.433910	0.011210	-0.012732	-0.004354
1782912382.787258	0.520858	0.449189	1.291426	0.000902	0.016202	0.435627	0.011210	-0.012732	-0.004354
1782912382.810464	0.521440	0.448678	1.291546	0.002952	0.017816	0.437011	0.016603	-0.011731	-0.005608
1782912382.829765	0.521623	0.448542	1.291748	-0.000223	0.017337	0.436635	0.016603	-0.011731	-0.005608
1782912382.847100	0.521778	0.448409	1.291847	-0.003195	0.016472	0.437454	0.014429	-0.009212	-0.000990
1782912382.867964	0.522268	0.448115	1.292089	-0.003243	0.015959	0.438471	0.014956	-0.012488	0.009144
1782912382.890856	0.522453	0.448043	1.292189	0.001575	0.015914	0.437686	0.015195	-0.007898	0.003364
1782912382.908598	0.522556	0.447990	1.292214	0.001323	0.015475	0.438824	0.010759	-0.005069	0.006080
1782912382.928119	0.522961	0.447943	1.292591	-0.002609	0.014086	0.438722	0.012017	-0.001868	0.006991
1782912382.946995	0.523179	0.447893	1.292727	-0.004046	0.014772	0.439178	0.014141	-0.002951	0.006322
1782912382.966960	0.523303	0.447805	1.292727	-0.001989	0.014650	0.439073	0.012935	-0.002596	0.006082
1782912382.986960	0.523452	0.447910	1.292798	-0.002297	0.015813	0.439505	0.007571	0.002325	0.004012
1782912383.011055	0.523927	0.447909	1.293052	-0.004303	0.014974	0.439968	0.007571	0.002325	0.004012
1782912383.027602	0.523964	0.447956	1.293102	-0.003710	0.014268	0.439686	0.016025	0.002054	-0.001575
1782912383.047697	0.524263	0.448104	1.293229	-0.000807	0.014764	0.439835	0.018254	-0.000950	-0.000578
1782912383.067751	0.524485	0.448253	1.293071	-0.002407	0.014548	0.440138	0.014935	0.005830	-0.015644
1782912383.087608	0.524692	0.448389	1.293296	-0.002708	0.016038	0.441675	0.013510	0.004599	-0.003003
1782912383.107819	0.524721	0.448628	1.293328	-0.003670	0.015375	0.442774	0.015380	0.006247	-0.008423
1782912383.131669	0.524916	0.448846	1.292974	-0.001670	0.016311	0.442643	0.014481	0.005431	-0.006393
1782912383.147410	0.525053	0.449137	1.292784	-0.002560	0.017333	0.442302	0.016316	0.005668	-0.016298
1782912383.167767	0.525053	0.449254	1.292603	-0.000196	0.016461	0.441752	0.012143	0.010908	-0.028720
1782912383.189531	0.525301	0.449432	1.292149	-0.000978	0.015346	0.443578	0.012143	0.010908	-0.028720
1782912383.207687	0.525296	0.449645	1.291981	-0.000047	0.015336	0.444232	0.019581	0.010445	-0.029485
1782912383.227990	0.525424	0.449979	1.291647	-0.000444	0.015232	0.445557	0.021290	0.005487	-0.013756
1782912383.247698	0.525524	0.450279	1.291353	0.003261	0.015723	0.446732	0.013443	0.011517	-0.022654
1782912383.267316	0.525657	0.450668	1.291283	0.001806	0.015264	0.447178	0.017993	0.008110	-0.000047
1782912383.289144	0.525849	0.450817	1.291258	0.000872	0.014824	0.446763	0.020631	0.012112	-0.008556
1782912383.310257	0.525952	0.451113	1.291258	-0.000894	0.014339	0.447301	0.019345	0.009776	0.001895
1782912383.328737	0.526163	0.451583	1.291485	0.000405	0.014499	0.447260	0.015421	0.015007	-0.002094
1782912383.348276	0.526283	0.451941	1.291469	-0.000772	0.015683	0.446152	0.015733	0.015283	-0.002794
1782912383.370733	0.526223	0.452170	1.291529	-0.001797	0.015110	0.448441	0.021915	0.010718	0.014264
1782912383.389086	0.526304	0.452620	1.291699	0.004310	0.013748	0.448691	0.011890	0.014260	0.008219
1782912383.409934	0.526439	0.452984	1.292194	0.004444	0.013401	0.450328	0.017479	0.012259	0.013633
1782912383.428446	0.526467	0.453393	1.292436	0.005769	0.012021	0.451082	0.020860	0.013560	0.012320
1782912383.449544	0.526683	0.453784	1.292877	0.008300	0.013495	0.451290	0.020439	0.013487	0.013479
1782912383.469272	0.526868	0.454192	1.293174	0.004025	0.013538	0.451539	0.016888	0.017343	0.000491
1782912383.487541	0.526898	0.454462	1.293326	-0.000156	0.013461	0.452443	0.015332	0.018059	-0.000009
1782912383.507941	0.527057	0.454838	1.293424	-0.000352	0.013124	0.453365	0.021625	0.015199	-0.003530
1782912383.528835	0.527247	0.455337	1.293712	0.000212	0.012192	0.453370	0.016842	0.015723	-0.002491
1782912383.548237	0.527295	0.455723	1.293741	0.004752	0.010624	0.454505	0.021738	0.013823	-0.002744
1782912383.568157	0.527242	0.456007	1.293774	0.001990	0.010260	0.454369	0.017059	0.018761	-0.017833
1782912383.588254	0.527420	0.456499	1.293828	0.002143	0.010727	0.454482	0.021916	0.014585	-0.001558
1782912383.609115	0.527530	0.456955	1.293732	0.001144	0.011145	0.456131	0.016123	0.019568	-0.015767
1782912383.627984	0.527588	0.457349	1.293698	0.001010	0.011670	0.456341	0.018321	0.018339	-0.014799
1782912383.650866	0.527655	0.457904	1.293503	0.001678	0.011324	0.456610	0.013720	0.018344	-0.007643
1782912383.667811	0.527675	0.458376	1.293229	0.004201	0.011297	0.457377	0.012847	0.021512	-0.016666
1782912383.687753	0.527641	0.458586	1.293147	0.002249	0.011780	0.457612	0.017607	0.015476	-0.000907
1782912383.708099	0.527580	0.459060	1.292859	0.003970	0.012459	0.457494	0.014523	0.019107	-0.018946
1782912383.728843	0.527540	0.459404	1.292645	0.007878	0.012387	0.459343	0.013485	0.018118	-0.013313
1782912383.748060	0.527543	0.459875	1.292549	0.009019	0.012647	0.460076	0.018838	0.017222	-0.012696
1782912383.767495	0.527520	0.460143	1.292311	0.002153	0.015348	0.460589	0.010323	0.018872	0.000826
1782912383.787553	0.527484	0.460511	1.292439	0.001352	0.014778	0.462240	0.011113	0.022013	-0.006505
1782912383.807676	0.527585	0.460894	1.292490	0.001326	0.014408	0.462430	0.008414	0.020763	0.002737
1782912383.829059	0.527545	0.461396	1.292572	0.002674	0.014614	0.461926	0.014658	0.017292	0.014416
1782912383.847643	0.527419	0.461825	1.292681	0.004760	0.012216	0.462269	0.009580	0.017554	0.010146
1782912383.869282	0.527485	0.461933	1.292845	0.004851	0.012601	0.462565	0.010283	0.017766	0.005104
1782912383.891079	0.527437	0.462291	1.293206	0.009390	0.012400	0.461891	0.009694	0.017792	-0.006515
1782912383.910031	0.527267	0.462551	1.293227	0.010134	0.011989	0.462967	0.013201	0.014131	-0.004152
1782912383.928012	0.527166	0.462815	1.293357	0.007037	0.014072	0.463718	0.013487	0.015570	-0.008546
1782912383.948367	0.527221	0.463280	1.293586	0.008234	0.016187	0.463043	0.011377	0.013288	-0.003548
1782912383.968537	0.527198	0.463508	1.293506	0.008604	0.015711	0.464572	0.013524	0.012630	-0.005400
1782912383.988582	0.527132	0.463657	1.293530	0.009177	0.016028	0.465206	0.015897	0.008060	-0.003180
1782912384.010377	0.527238	0.464105	1.293408	0.009729	0.016216	0.466553	0.017162	0.009121	-0.002540
1782912384.030239	0.527186	0.464255	1.293355	0.009860	0.015585	0.466725	0.011796	0.012331	-0.005450
1782912384.047562	0.527186	0.464255	1.293355	0.009860	0.015585	0.466725	0.015011	0.009924	0.006721
1782912384.069020	0.527309	0.464625	1.293512	0.008325	0.017197	0.466189	0.015910	0.009654	-0.007777
1782912384.087439	0.527494	0.464847	1.293501	0.006466	0.016903	0.466851	0.016466	0.008253	-0.010419
1782912384.109057	0.527570	0.465051	1.293233	0.006127	0.015483	0.468848	0.013403	0.008692	-0.023783
1782912384.127030	0.527644	0.465289	1.293089	0.006222	0.014111	0.467524	0.016474	0.007013	-0.011932
1782912384.147187	0.527784	0.465612	1.292789	0.005036	0.012627	0.468750	0.021026	0.006968	-0.009894
1782912384.168951	0.527777	0.465842	1.292826	0.003745	0.012609	0.469278	0.018318	0.005554	-0.007248
1782912384.189095	0.527853	0.465935	1.292756	0.003576	0.012440	0.470214	0.012573	0.009788	-0.004563
1782912384.209076	0.527996	0.466062	1.292709	0.005997	0.013670	0.469388	0.014314	0.009293	0.001205
1782912384.227784	0.528007	0.466383	1.292723	0.004875	0.013966	0.471198	0.017663	0.006651	0.006059
1782912384.248453	0.528198	0.466693	1.292784	0.005141	0.013908	0.470808	0.011710	0.008787	-0.003754
1782912384.267127	0.528266	0.466902	1.292849	0.002727	0.013872	0.471371	0.014101	0.009251	0.004187
1782912384.287971	0.528340	0.466983	1.293015	0.005439	0.012122	0.472159	0.017464	0.009350	-0.000086
1782912384.308543	0.528493	0.467192	1.293155	0.005308	0.012432	0.471200	0.019834	0.005257	0.007327
1782912384.328049	0.528570	0.467198	1.293049	0.004088	0.012955	0.472222	0.012589	0.008760	-0.005780
1782912384.347913	0.528616	0.467510	1.293293	0.007254	0.012870	0.472030	0.014265	0.006380	0.005769
1782912384.394221	0.528891	0.468060	1.293545	0.005592	0.013183	0.472966	0.018266	0.002983	0.002174
1782912384.419682	0.529087	0.468342	1.293260	0.008199	0.013144	0.473323	0.013938	0.007878	-0.013754
1782912384.641738	0.529089	0.468560	1.292970	0.008544	0.010003	0.472964	0.010589	0.006415	-0.009702
1782912384.696099	0.529721	0.468851	1.289182	0.008683	0.010274	0.473959	0.001294	-0.000255	-0.015961
1782912384.753627	0.528009	0.466180	1.292991	0.033950	-0.059111	0.468240	-0.026742	-0.005260	-0.003265
1782912384.803498	0.525078	0.461681	1.297636	0.064238	-0.130453	0.446796	-0.104934	-0.042529	-0.024207
1782912384.847564	0.518955	0.452985	1.298408	0.098197	-0.199291	0.419184	-0.228929	-0.101401	-0.070166
1782912384.895827	0.517180	0.450621	1.297777	0.106277	-0.210503	0.412013	-0.339470	-0.143684	-0.086491
1782912384.948512	0.498723	0.426953	1.283835	0.121801	-0.227305	0.382035	-0.424665	-0.190668	-0.076825
1782912384.995534	0.485252	0.410616	1.272218	0.115067	-0.208119	0.370819	-0.557649	-0.266744	-0.152695
1782912385.045560	0.465473	0.386675	1.252002	0.099385	-0.173088	0.361804	-0.622594	-0.306913	-0.216230
1782912385.094445	0.447728	0.365359	1.229647	0.083720	-0.135731	0.354303	-0.682526	-0.367981	-0.410789
1782912385.145957	0.428905	0.342699	1.200691	0.062738	-0.098764	0.345084	-0.705587	-0.387278	-0.581483
1782912385.198548	0.404509	0.313443	1.155147	0.036258	-0.055435	0.334249	-0.697827	-0.417219	-0.799207
1782912385.252793	0.379527	0.283400	1.101027	0.011911	-0.017189	0.318451	-0.687126	-0.413485	-0.932296
1782912385.305249	0.359414	0.259406	1.054470	-0.002062	0.004318	0.307728	-0.629606	-0.413863	-1.016998
1782912385.359598	0.330354	0.224000	0.988421	-0.011625	0.027222	0.294798	-0.594001	-0.405040	-0.952997
1782912385.415942	0.321436	0.212421	0.969777	-0.008749	0.028964	0.290011	-0.540361	-0.386002	-0.720401
1782912385.469830	0.288623	0.169894	0.923212	-0.010443	0.031834	0.267291	-0.496174	-0.377495	-0.369447
1782912385.547843	0.274394	0.150452	0.919179	-0.017441	0.027346	0.256085	-0.452017	-0.337531	0.033655
1782912385.626587	0.252504	0.119551	0.940575	-0.032480	0.015423	0.241335	-0.408889	-0.326140	0.444354
1782912385.675482	0.230015	0.090201	1.000522	-0.057789	-0.008429	0.226001	-0.359880	-0.295944	0.738305
1782912385.720491	0.219538	0.078305	1.040689	-0.072607	-0.017032	0.221416	-0.341493	-0.271470	0.895648
1782912385.766630	0.209021	0.068066	1.085157	-0.077083	-0.023380	0.214004	-0.325692	-0.250843	0.965968
1782912385.808037	0.198043	0.059202	1.130632	-0.082570	-0.023183	0.212419	-0.315000	-0.208923	0.962640
1782912385.853669	0.186897	0.052012	1.173348	-0.082530	-0.021493	0.209712	-0.313527	-0.180184	0.852072
1782912385.944910	0.178409	0.047490	1.201118	-0.076938	-0.020664	0.208057	-0.320888	-0.150209	0.706355
1782912386.015404	0.152260	0.036093	1.254120	-0.058771	-0.001333	0.200312	-0.328945	-0.088882	0.240912
1782912386.074514	0.131417	0.029443	1.260715	-0.039379	0.012314	0.193891	-0.310865	-0.074266	-0.018456
1782912386.123424	0.119714	0.026303	1.252425	-0.030018	0.020145	0.192959	-0.303277	-0.057607	-0.282481
1782912386.178601	0.104653	0.022986	1.228959	-0.015312	0.019233	0.186695	-0.280322	-0.057682	-0.539634
1782912386.233774	0.089918	0.020204	1.192117	-0.006215	0.018425	0.179295	-0.268597	-0.060431	-0.726374
1782912386.280714	0.078339	0.018185	1.152179	-0.003770	0.014678	0.169796	-0.269007	-0.061036	-0.973077
1782912386.335787	0.063624	0.016160	1.093729	-0.003271	0.011743	0.161611	-0.259292	-0.066046	-1.056519
1782912386.387895	0.046202	0.013668	1.021138	-0.001191	0.008642	0.150607	-0.254640	-0.062226	-1.033432
1782912386.486945	0.034721	0.011805	0.979550	0.000438	0.008465	0.144657	-0.243797	-0.058593	-0.803482
1782912386.581169	0.018804	0.008855	0.938533	0.003151	0.013336	0.137463	-0.208773	-0.049766	-0.134854
1782912386.665116	-0.006562	0.001908	0.942258	0.002911	0.022346	0.139899	-0.186204	-0.049300	0.478445
1782912386.737347	-0.021611	-0.004718	0.999858	0.000612	0.022259	0.150255	-0.155761	-0.040010	0.821076
1782912386.791601	-0.032979	-0.012370	1.072791	-0.004513	0.015917	0.167420	-0.144693	-0.073091	0.958190
1782912386.842598	-0.038571	-0.016922	1.116610	-0.008494	0.012171	0.179120	-0.114801	-0.066841	0.964651
1782912386.897815	-0.043473	-0.020655	1.158076	-0.019972	0.011569	0.186407	-0.096861	-0.066479	0.885846
1782912386.951639	-0.049736	-0.025890	1.207365	-0.038846	0.013958	0.196158	-0.070689	-0.069769	0.669547
1782912386.996710	-0.053424	-0.028719	1.229099	-0.042638	0.016750	0.198631	-0.051787	-0.054997	0.391989
1782912387.041950	-0.057900	-0.031766	1.243155	-0.044662	0.015404	0.202396	-0.040387	-0.045892	0.201759
1782912387.090098	-0.060121	-0.033042	1.244445	-0.045836	0.012959	0.202793	-0.024524	-0.023091	-0.088064
1782912387.137025	-0.064029	-0.034847	1.234542	-0.042004	0.009787	0.203883	-0.007002	-0.016975	-0.279514
1782912387.180656	-0.066914	-0.036061	1.215778	-0.031625	0.004570	0.203498	-0.002445	-0.011697	-0.462328
1782912387.225312	-0.069552	-0.036649	1.187887	-0.026113	0.001615	0.202162	0.002971	-0.005767	-0.643609
1782912387.275123	-0.072391	-0.037002	1.151453	-0.020500	-0.003251	0.199798	-0.000241	-0.002398	-0.912173
1782912387.323202	-0.075432	-0.036991	1.108444	-0.016107	-0.009775	0.196831	-0.000478	-0.002849	-0.974280
1782912387.372637	-0.078942	-0.036872	1.051458	-0.012383	-0.013242	0.189732	-0.017294	0.005422	-0.971602
1782912387.426056	-0.082326	-0.036541	1.009085	-0.009793	-0.017005	0.186046	-0.017787	0.009480	-0.810217
1782912387.475227	-0.086719	-0.035585	0.968235	-0.000871	-0.019797	0.182504	-0.022138	0.021324	-0.551545
1782912387.531044	-0.090587	-0.035007	0.947968	-0.009020	-0.017498	0.181300	-0.022425	0.027791	-0.260841
1782912387.579860	-0.096960	-0.034237	0.939306	0.002978	-0.018558	0.178388	-0.028460	0.047906	0.057720
1782912387.632944	-0.101925	-0.033867	0.946015	0.008406	-0.017461	0.178909	-0.039625	0.034458	0.239084
1782912387.709358	-0.108092	-0.033891	0.965716	-0.000113	-0.015877	0.184464	-0.036174	0.047811	0.450729
1782912387.759358	-0.117534	-0.035168	1.008494	-0.001059	-0.017377	0.193211	-0.040637	0.031159	0.617265
1782912387.811102	-0.122934	-0.036467	1.036301	0.001427	-0.018082	0.200192	-0.046454	0.018098	0.569769
1782912387.854586	-0.129362	-0.038382	1.068128	-0.006093	-0.011641	0.210029	-0.046339	0.003905	0.470693
1782912387.901931	-0.134219	-0.040289	1.086462	-0.003977	-0.006354	0.218885	-0.040507	-0.006029	0.366577
1782912387.955092	-0.138722	-0.042263	1.096449	-0.007075	0.000197	0.222903	-0.054048	-0.007973	0.193851
1782912388.010868	-0.144278	-0.044557	1.096569	-0.019499	0.014410	0.229561	-0.043208	-0.011491	-0.077103
1782912388.062601	-0.149332	-0.046733	1.081829	-0.017631	0.023724	0.230397	-0.026700	-0.010456	-0.409752
1782912388.118418	-0.152944	-0.048007	1.059848	-0.015442	0.027934	0.232964	0.000077	-0.009977	-0.637301
1782912388.173355	-0.157698	-0.049634	1.015007	-0.013650	0.031135	0.231395	0.018312	-0.009723	-0.718281
1782912388.228421	-0.160216	-0.050120	0.982561	-0.012864	0.027408	0.228452	0.036105	0.000994	-0.685320
1782912388.274391	-0.162687	-0.049942	0.942684	-0.013714	0.023287	0.223493	0.048083	0.020449	-0.483574
1782912388.327604	-0.163203	-0.049719	0.929200	-0.009563	0.021065	0.218359	0.050356	0.028231	-0.299391
1782912388.381799	-0.163317	-0.049364	0.925909	-0.007800	0.018082	0.217857	0.062523	0.040589	-0.011917
1782912388.431064	-0.163317	-0.049364	0.925909	-0.007800	0.018082	0.217857	0.064162	0.047211	0.126117
1782912388.476615	-0.162354	-0.044847	0.935070	0.003361	0.003165	0.204323	0.060297	0.048317	0.263995
1782912388.532650	-0.161746	-0.043540	0.947823	0.002194	-0.000809	0.200098	0.057551	0.050638	0.243779
1782912388.580938	-0.161041	-0.042425	0.961557	-0.000061	-0.001047	0.197521	0.057830	0.040867	0.193993
1782912388.632320	-0.160430	-0.041366	0.968390	0.001132	0.003523	0.193767	0.050245	0.029173	0.045423
1782912388.684460	-0.160088	-0.040709	0.969287	0.002106	0.004321	0.193184	0.056809	0.016501	-0.056220
1782912388.753570	-0.159602	-0.040436	0.964604	-0.001094	0.007795	0.190128	0.051862	0.007643	-0.182636
1782912388.833064	-0.159062	-0.040258	0.950799	-0.000644	0.010724	0.188985	0.058301	-0.005087	-0.256401
1782912388.896086	-0.158119	-0.040726	0.929763	-0.003201	0.012393	0.186387	0.066177	-0.009896	-0.265838
1782912388.983529	-0.156016	-0.040968	0.911335	-0.005747	0.013638	0.181801	0.071566	-0.003407	-0.213699
1782912389.057046	-0.152833	-0.041158	0.902959	-0.012599	0.009301	0.177635	0.087271	0.001297	-0.047295
1782912389.099794	-0.148669	-0.041004	0.908240	-0.009255	0.001895	0.173921	0.094691	0.004686	0.128081
1782912389.149702	-0.145965	-0.041052	0.917491	-0.006129	-0.000754	0.172954	0.095269	0.004576	0.206221
1782912389.194830	-0.143666	-0.040891	0.928587	-0.006208	-0.003232	0.170471	0.087013	0.010359	0.248721
1782912389.245819	-0.140608	-0.041042	0.942222	-0.011602	-0.003539	0.170497	0.091125	0.001996	0.207047
1782912389.292699	-0.138528	-0.041195	0.949837	-0.012167	-0.005954	0.168999	0.085531	-0.002643	0.126137
1782912389.336749	-0.136463	-0.041393	0.953579	-0.013495	-0.005257	0.168886	0.076915	-0.009589	0.017568
1782912389.383651	-0.134722	-0.041860	0.952337	-0.012864	-0.004513	0.169602	0.071201	-0.011083	-0.083312
1782912389.541990	-0.131096	-0.042698	0.935012	-0.012096	-0.003833	0.167886	0.055983	-0.011492	-0.209728
1782912389.623201	-0.128436	-0.043250	0.915921	-0.019847	0.004375	0.164101	0.054015	-0.005715	-0.211080
1782912389.665313	-0.126082	-0.043127	0.898484	-0.015114	0.006514	0.158207	0.058264	0.003593	-0.119911
1782912389.712888	-0.124809	-0.042740	0.893434	-0.012316	0.007494	0.158215	0.059825	0.003783	-0.086010
1782912389.755794	-0.123716	-0.042690	0.892696	-0.012710	0.007588	0.156778	0.057169	0.010975	0.022823
1782912389.803385	-0.122182	-0.042095	0.895398	-0.006670	0.004663	0.154886	0.057883	0.006724	0.098132
1782912389.864375	-0.120787	-0.041737	0.901445	-0.009019	0.003035	0.155949	0.059076	0.003898	0.145338
1782912389.945863	-0.119324	-0.041309	0.910833	-0.007573	0.001829	0.155995	0.054550	0.000609	0.172608
1782912389.999608	-0.117025	-0.041646	0.925370	-0.005399	-0.005234	0.160390	0.046039	-0.009167	0.129513
1782912390.053777	-0.115799	-0.041900	0.931595	-0.011962	-0.003880	0.161366	0.041162	-0.014101	0.084585
1782912390.100116	-0.114892	-0.042547	0.933613	-0.017581	-0.002269	0.162497	0.036333	-0.016012	0.010389
1782912390.151782	-0.113818	-0.043130	0.932317	-0.013619	-0.003947	0.163414	0.039484	-0.020655	-0.060721
1782912390.201770	-0.113025	-0.043541	0.929092	-0.013605	-0.002147	0.164955	0.032001	-0.015959	-0.098279
1782912390.246258	-0.111955	-0.043869	0.922582	-0.016490	0.002034	0.164277	0.027331	-0.012470	-0.108690
1782912390.294435	-0.111245	-0.044197	0.916928	-0.016454	0.003086	0.165269	0.029275	-0.011819	-0.093620
1782912390.339900	-0.110344	-0.044059	0.912182	-0.013962	0.002879	0.165041	0.036948	-0.010065	-0.072149
1782912390.385210	-0.109230	-0.043770	0.909138	-0.015574	0.005166	0.161597	0.033896	0.001914	-0.024060
1782912390.433640	-0.108364	-0.043717	0.907529	-0.013471	0.005278	0.161421	0.037877	0.001285	0.021082
1782912390.483472	-0.107283	-0.043294	0.908378	-0.014692	0.008573	0.160554	0.040607	0.004248	0.050971
1782912390.532160	-0.105825	-0.042840	0.911503	-0.012942	0.008158	0.158433	0.040386	0.005543	0.081724
1782912390.581893	-0.104801	-0.042263	0.914855	-0.013372	0.004683	0.159732	0.034117	0.003314	0.096180
1782912390.634928	-0.103197	-0.041772	0.919126	-0.015254	0.004745	0.161337	0.034167	0.002189	0.078627
1782912390.690034	-0.101758	-0.041133	0.922409	-0.015974	0.002964	0.160347	0.036287	0.001017	0.051272
1782912390.744552	-0.100500	-0.040525	0.923233	-0.018209	0.004523	0.160368	0.029846	0.002750	0.000223
1782912390.795862	-0.098939	-0.040024	0.921875	-0.011892	0.001483	0.159789	0.031455	0.004420	-0.045336
1782912390.849460	-0.097682	-0.039285	0.918817	-0.011904	0.002102	0.158514	0.038794	0.001033	-0.057685
1782912390.914066	-0.096415	-0.038660	0.915626	-0.009325	-0.000522	0.160406	0.031002	0.008927	-0.073020
1782912390.995551	-0.094729	-0.037425	0.911201	-0.011323	-0.001007	0.158035	0.028626	0.008662	-0.041016
1782912391.062475	-0.092463	-0.035656	0.908926	-0.011775	0.001605	0.154856	0.032898	0.017332	-0.006098
1782912391.112220	-0.090992	-0.033977	0.910526	-0.015988	0.002019	0.153849	0.038131	0.017933	0.067894
1782912391.171256	-0.089595	-0.032778	0.914640	-0.014676	0.002317	0.150053	0.037783	0.018876	0.092546
1782912391.233843	-0.088187	-0.031142	0.919921	-0.007901	-0.000802	0.147298	0.031705	0.018945	0.093383
1782912391.286649	-0.087189	-0.029885	0.924013	-0.011086	-0.001421	0.145221	0.025402	0.017588	0.062854
1782912391.344833	-0.085863	-0.028448	0.926129	-0.010712	-0.003724	0.144294	0.024212	0.015728	0.015795
1782912391.400507	-0.085248	-0.027589	0.925497	-0.007619	-0.003342	0.142643	0.022128	0.012424	-0.052884
1782912391.456084	-0.084058	-0.025986	0.920859	-0.009425	-0.003616	0.140794	0.016382	0.015761	-0.080816
1782912391.509121	-0.083656	-0.024890	0.915348	-0.009627	-0.001164	0.137243	0.012381	0.014098	-0.097212
1782912391.566671	-0.083221	-0.023838	0.909855	-0.006054	0.000525	0.135632	0.017796	0.010090	-0.076903
1782912391.618237	-0.082510	-0.022906	0.906432	-0.004005	0.000370	0.132774	0.009153	0.016901	-0.049115
1782912391.666644	-0.082062	-0.022109	0.906557	0.000533	-0.001054	0.133946	0.013256	0.010728	0.031988
1782912391.714599	-0.081694	-0.021758	0.909000	0.001570	-0.000561	0.130928	0.016350	0.005368	0.075984
1782912391.762467	-0.081270	-0.021530	0.914449	-0.000518	0.000724	0.128020	0.011877	-0.000721	0.105671
1782912391.806346	-0.080892	-0.021541	0.917866	-0.002666	-0.000060	0.130237	0.007375	-0.003700	0.114877
1782912391.853283	-0.080472	-0.021647	0.923797	-0.005271	0.001281	0.128384	0.004516	-0.005770	0.088713
1782912391.902912	-0.080163	-0.022050	0.926558	-0.003816	0.001248	0.127367	0.004608	-0.010526	0.053090
1782912391.982357	-0.079700	-0.022821	0.928544	-0.006118	0.001243	0.127297	0.007762	-0.018626	0.000476
1782912392.062870	-0.078930	-0.024153	0.926088	-0.009384	0.000703	0.127890	0.007690	-0.023877	-0.066499
1782912392.146458	-0.078323	-0.025441	0.920336	-0.011049	-0.002094	0.126655	-0.000962	-0.022117	-0.121151
1782912392.193991	-0.077938	-0.026919	0.909466	-0.008018	-0.001069	0.122513	-0.001482	-0.024580	-0.100598
1782912392.243488	-0.077490	-0.027769	0.904650	-0.009009	0.000560	0.123687	0.001216	-0.024579	-0.084719
1782912392.289199	-0.077366	-0.028478	0.901123	-0.011748	0.002990	0.122182	0.002408	-0.021313	-0.046943
1782912392.341236	-0.076827	-0.029492	0.899428	-0.011199	0.004111	0.121802	0.010029	-0.024430	0.007423
1782912392.392419	-0.076752	-0.030362	0.900838	-0.011341	0.000767	0.120604	0.008443	-0.020990	0.067233
1782912392.458499	-0.076066	-0.031347	0.905706	-0.009604	-0.000283	0.122224	0.004313	-0.024450	0.118523
1782912392.514075	-0.075853	-0.032808	0.914352	-0.016622	0.000343	0.124630	0.008657	-0.030591	0.134093
1782912392.606197	-0.075687	-0.034157	0.921510	-0.013906	-0.001347	0.127668	0.007620	-0.032949	0.114780
1782912392.672925	-0.075658	-0.036705	0.928792	-0.016677	-0.002424	0.134267	-0.006255	-0.030548	0.028477
1782912392.725623	-0.075801	-0.037957	0.927339	-0.015916	-0.005608	0.137869	-0.000098	-0.032871	-0.063216
1782912392.778339	-0.076620	-0.039151	0.921035	-0.023845	-0.002057	0.140351	-0.008524	-0.025097	-0.129212
1782912392.831334	-0.076907	-0.039804	0.914912	-0.018824	-0.003630	0.144889	-0.008720	-0.020536	-0.148594
1782912392.883554	-0.077538	-0.040407	0.907279	-0.019897	-0.000596	0.146978	-0.015340	-0.013397	-0.125271
1782912392.941150	-0.078067	-0.040584	0.903274	-0.014138	0.000041	0.147147	-0.014326	-0.010594	-0.082890
1782912392.989745	-0.079027	-0.040997	0.901921	-0.015931	0.003330	0.151125	-0.017741	-0.011152	0.036063
1782912393.031670	-0.079680	-0.041090	0.904623	-0.011392	0.001766	0.151409	-0.012031	-0.008274	0.066247
1782912393.079878	-0.080486	-0.041320	0.909659	-0.014813	0.001788	0.155414	-0.014454	-0.008664	0.136777
1782912393.152937	-0.081389	-0.041639	0.915795	-0.017099	0.002095	0.158231	-0.018131	-0.009787	0.139729
1782912393.230524	-0.082444	-0.042293	0.924869	-0.014148	0.001847	0.161057	-0.013164	-0.013757	0.112510
1782912393.283273	-0.083614	-0.043147	0.931083	-0.016761	0.005481	0.166081	-0.015908	-0.014453	0.034647
1782912393.335288	-0.084532	-0.043688	0.931011	-0.013051	0.004176	0.169344	-0.009739	-0.014003	-0.040245
1782912393.389132	-0.085064	-0.044185	0.927477	-0.015673	0.004713	0.172309	-0.016456	-0.009209	-0.077519
1782912393.441000	-0.085803	-0.044312	0.921403	-0.018152	0.006171	0.173137	-0.006253	-0.006039	-0.105184
1782912393.499317	-0.086077	-0.044483	0.916587	-0.011973	0.004637	0.175116	-0.006639	-0.001727	-0.119733
1782912393.551292	-0.086162	-0.044501	0.909827	-0.009352	0.005049	0.175270	-0.005092	-0.000103	-0.082557
1782912393.605549	-0.086107	-0.044216	0.907140	-0.010603	0.008116	0.173073	0.007505	0.001168	-0.010659
1782912393.656752	-0.085487	-0.043806	0.907626	-0.012850	0.010525	0.177083	0.010980	0.002920	0.039040
1782912393.712104	-0.085040	-0.043694	0.910337	-0.015392	0.009436	0.176695	0.017031	0.003301	0.082364
1782912393.756695	-0.084355	-0.043506	0.915975	-0.015404	0.008443	0.177297	0.018612	-0.000181	0.112156
1782912393.805004	-0.083793	-0.043515	0.920567	-0.010908	0.003655	0.179001	0.019707	-0.001276	0.100388
1782912393.858303	-0.083257	-0.043486	0.924601	-0.014274	0.002892	0.178947	0.019568	-0.004136	0.078210
1782912393.912477	-0.082373	-0.043567	0.927319	-0.009148	0.000622	0.181064	0.012121	-0.001761	0.025615
1782912393.959159	-0.081654	-0.043807	0.927311	-0.011406	0.001320	0.182927	0.018988	-0.007123	-0.021942
1782912394.011626	-0.081186	-0.043715	0.925148	-0.014846	-0.000538	0.184297	0.013080	-0.004004	-0.050732
1782912394.064180	-0.080654	-0.043688	0.921363	-0.016777	-0.000484	0.184904	0.017735	-0.004095	-0.080178
1782912394.114851	-0.080067	-0.043553	0.916396	-0.011257	-0.000580	0.184125	0.016774	-0.000690	-0.080201
1782912394.166055	-0.079762	-0.043534	0.911974	-0.015816	0.000905	0.182198	0.016190	0.002092	-0.061975
1782912394.256200	-0.079419	-0.043300	0.909670	-0.013903	0.000571	0.183065	0.017425	0.005848	-0.032094
1782912394.324936	-0.078712	-0.042870	0.911050	-0.011670	0.001767	0.182458	0.015987	0.004488	0.057545
1782912394.365861	-0.078126	-0.042453	0.916626	-0.012984	0.002329	0.183476	0.015034	0.010389	0.118469
1782912394.409694	-0.078133	-0.042168	0.922389	-0.019887	0.001314	0.183513	0.013094	0.008592	0.154679
1782912394.452448	-0.077756	-0.041867	0.928497	-0.019319	0.001099	0.184802	0.011014	0.011893	0.135771
1782912394.568294	-0.077627	-0.040784	0.936438	-0.017785	-0.002022	0.188204	0.013530	0.012843	0.024913
1782912394.614753	-0.077767	-0.040346	0.935221	-0.014763	-0.001821	0.188950	0.003848	0.017270	-0.056305
1782912394.663105	-0.078061	-0.039895	0.931281	-0.012790	-0.004186	0.188814	0.011507	0.012983	-0.106348
1782912394.707416	-0.078193	-0.039038	0.925569	-0.013238	-0.001801	0.189941	0.010879	0.016302	-0.134804
1782912394.772271	-0.078667	-0.038222	0.917533	-0.010276	-0.002654	0.189373	0.007616	0.019626	-0.136818
1782912394.816740	-0.079052	-0.037167	0.911130	-0.009295	-0.004012	0.186707	0.005898	0.021867	-0.098178
1782912394.862345	-0.079748	-0.036406	0.907633	-0.008969	-0.001766	0.183835	0.002196	0.019940	-0.029930
1782912394.911975	-0.080227	-0.035962	0.907178	-0.006153	-0.002090	0.181643	0.001963	0.021472	0.005588
1782912394.959224	-0.080953	-0.035721	0.909350	-0.007063	0.001157	0.180873	0.000176	0.016012	0.064655
1782912395.013290	-0.081483	-0.035503	0.912833	-0.004894	0.001299	0.181646	-0.004365	0.012992	0.091828
1782912395.099536	-0.082358	-0.035563	0.918651	-0.002948	0.002645	0.180011	-0.004908	0.008403	0.101780
1782912395.158956	-0.083619	-0.036659	0.927347	-0.004986	0.002723	0.183113	-0.004099	-0.007758	0.081126
1782912395.205985	-0.084541	-0.037576	0.929978	-0.004416	0.001802	0.182816	-0.003513	-0.011497	0.036331
1782912395.258764	-0.085366	-0.038642	0.929988	-0.010185	0.003011	0.184596	-0.007603	-0.014961	-0.033694
1782912395.347155	-0.085983	-0.039666	0.927989	-0.008785	0.000573	0.183915	-0.008474	-0.016582	-0.067483
1782912395.413541	-0.087150	-0.042019	0.920330	-0.010141	-0.000233	0.182652	-0.006408	-0.018892	-0.100320
1782912395.485365	-0.088301	-0.043427	0.913340	-0.011056	0.003467	0.179944	-0.013219	-0.014759	-0.085416
1782912395.528476	-0.089256	-0.044722	0.907554	-0.012459	0.004118	0.176018	-0.008793	-0.009405	-0.028427
1782912395.633672	-0.089925	-0.045413	0.906055	-0.016087	0.007051	0.173358	-0.000467	-0.005635	-0.011796
1782912395.710430	-0.090661	-0.046493	0.909013	-0.018480	0.007552	0.170774	0.011622	-0.003558	0.059387
1782912395.762476	-0.090910	-0.046630	0.915141	-0.018096	0.009148	0.168098	0.007451	0.003162	0.104817
1782912395.811483	-0.091062	-0.046508	0.919872	-0.017786	0.007258	0.167999	0.016584	0.005331	0.102398
1782912395.864783	-0.090674	-0.046293	0.925469	-0.020932	0.008577	0.166967	0.024373	0.005588	0.084777
1782912395.920332	-0.090487	-0.045955	0.928805	-0.021112	0.006395	0.166867	0.023325	0.008069	0.045742
1782912395.972205	-0.090809	-0.045004	0.930230	-0.011705	-0.000316	0.166375	0.021340	0.012267	-0.018722
1782912396.024972	-0.090687	-0.044325	0.929398	-0.016411	-0.003734	0.165378	0.022438	0.013477	-0.059711
