时间(s)	位置x(m)	位置y(m)	位置z(m)	欧拉角roll(rad)	欧拉角pitch(rad)	欧拉角yaw(rad)	速度x(m/s)	速度y(m/s)	速度z(m/s)
1782912868.777147	0.288333	-0.650094	1.201664	0.014216	0.027085	-0.066687	0.027775	0.030199	-0.008063
1782912868.798608	0.288333	-0.650094	1.201664	0.014216	0.027085	-0.066687	0.031035	0.024799	-0.004450
1782912868.817714	0.289143	-0.649250	1.201515	0.009755	0.029014	-0.064599	0.028437	0.023912	0.006100
1782912868.838436	0.289143	-0.649250	1.201515	0.009755	0.029014	-0.064599	0.029771	0.019171	0.049217
1782912868.857767	0.290086	-0.648147	1.203177	0.010671	0.029070	-0.060241	0.024136	0.020323	0.097625
1782912868.877849	0.290346	-0.647938	1.204601	0.011977	0.028326	-0.058399	0.018371	0.027387	0.174600
1782912868.897157	0.290808	-0.647640	1.208209	0.015058	0.025730	-0.054023	0.019005	0.027573	0.249129
1782912868.919255	0.290961	-0.647164	1.213838	0.013046	0.024752	-0.050799	0.012338	0.026756	0.306792
1782912868.937609	0.291163	-0.646711	1.220679	0.021061	0.021413	-0.049372	0.011901	0.031166	0.355127
1782912868.957812	0.291540	-0.646386	1.228695	0.015722	0.020063	-0.044699	0.005076	0.029076	0.393766
1782912868.977431	0.291637	-0.646276	1.237657	0.018372	0.018598	-0.044144	-0.000392	0.035611	0.395995
1782912868.997662	0.291614	-0.646062	1.242054	0.014380	0.020646	-0.041940	0.004857	0.028265	0.401779
1782912869.017615	0.291661	-0.645865	1.250749	0.020067	0.018169	-0.040261	0.003385	0.024949	0.364361
1782912869.037757	0.291633	-0.645688	1.258768	0.022869	0.020078	-0.034502	-0.001427	0.023008	0.337424
1782912869.058461	0.291549	-0.645599	1.265560	0.022983	0.017500	-0.031962	-0.000204	0.014129	0.282684
1782912869.081266	0.291463	-0.645191	1.271046	0.026095	0.019308	-0.027696	-0.002582	0.012306	0.233272
1782912869.119903	0.290971	-0.644893	1.277251	0.022315	0.023451	-0.020591	-0.012672	0.009514	0.095237
1782912869.144122	0.290700	-0.644610	1.278044	0.019747	0.027473	-0.016440	-0.002745	-0.005972	-0.020569
1782912869.161643	0.290341	-0.644359	1.277331	0.014179	0.030799	-0.014091	-0.002745	-0.005972	-0.020569
1782912869.177660	0.290051	-0.644432	1.276624	0.015374	0.029758	-0.012594	-0.008240	-0.007480	-0.067002
1782912869.197840	0.289821	-0.644294	1.275401	0.019421	0.028249	-0.011842	-0.015568	-0.005511	-0.095062
1782912869.217542	0.289157	-0.644369	1.273128	0.015444	0.030284	-0.006715	-0.015707	-0.013621	-0.094878
1782912869.238453	0.288259	-0.643826	1.269105	0.018086	0.033116	-0.002712	-0.017223	-0.007611	-0.108081
1782912869.257587	0.287855	-0.643857	1.267697	0.014715	0.033188	-0.002174	-0.022786	-0.008999	-0.083672
1782912869.281428	0.286866	-0.643727	1.265048	0.011871	0.036434	0.002898	-0.025605	-0.003168	-0.055787
1782912869.298052	0.286866	-0.643727	1.265048	0.011871	0.036434	0.002898	-0.031541	-0.000568	-0.034196
1782912869.319270	0.285887	-0.643669	1.264132	0.018322	0.034268	0.003803	-0.031343	0.002004	0.020192
1782912869.338956	0.284930	-0.643291	1.264340	0.015434	0.035272	0.007194	-0.039841	0.002195	0.058966
1782912869.359391	0.284113	-0.642986	1.265711	0.014061	0.034519	0.007196	-0.040886	0.009910	0.119197
1782912869.380353	0.283084	-0.642725	1.267758	0.017247	0.035465	0.009528	-0.052984	0.015504	0.134012
1782912869.400492	0.282027	-0.642438	1.270493	0.015508	0.035349	0.010533	-0.053374	0.020903	0.161681
1782912869.418272	0.281388	-0.642146	1.272074	0.014463	0.036259	0.012548	-0.054181	0.022935	0.156596
1782912869.440125	0.280307	-0.641929	1.275439	0.019886	0.036793	0.014347	-0.052837	0.021977	0.173105
1782912869.459172	0.278742	-0.641366	1.280206	0.019153	0.039658	0.014782	-0.052308	0.025193	0.155328
1782912869.478384	0.278116	-0.641174	1.281521	0.017656	0.039740	0.017503	-0.050853	0.016867	0.150191
1782912869.498677	0.277361	-0.640938	1.282547	0.016685	0.041038	0.017638	-0.049782	0.018315	0.113283
1782912869.518196	0.276659	-0.640450	1.284866	0.014564	0.043075	0.017458	-0.044896	0.011203	0.093367
1782912869.537900	0.275457	-0.640213	1.286089	0.015598	0.042975	0.019752	-0.042236	0.013776	0.060363
1782912869.558874	0.274652	-0.639911	1.286642	0.019851	0.041778	0.022674	-0.038275	0.010833	0.020697
1782912869.578648	0.273647	-0.639641	1.286556	0.019377	0.044577	0.024728	-0.032573	0.002382	0.001330
1782912869.600701	0.273214	-0.639435	1.286040	0.018081	0.045847	0.026430	-0.031209	0.000842	-0.033061
1782912869.618837	0.272272	-0.639064	1.284078	0.022518	0.046543	0.030611	-0.028981	-0.000423	-0.057066
1782912869.638138	0.271943	-0.638941	1.282985	0.018222	0.044306	0.030783	-0.023690	-0.005177	-0.061268
1782912869.659492	0.271214	-0.638757	1.281370	0.022020	0.044000	0.033823	-0.026330	-0.003891	-0.073927
1782912869.679375	0.270640	-0.638542	1.279269	0.018355	0.044185	0.035497	-0.020172	-0.009385	-0.057068
1782912869.697963	0.270231	-0.638417	1.278273	0.017942	0.043546	0.037334	-0.025242	-0.007181	-0.062689
1782912869.720254	0.270231	-0.638417	1.278273	0.017942	0.043546	0.037334	-0.023821	-0.002720	-0.047118
1782912869.738007	0.269351	-0.638160	1.275572	0.021443	0.040171	0.042328	-0.018227	-0.006506	-0.018797
1782912869.758829	0.268549	-0.637980	1.275039	0.020924	0.038546	0.044609	-0.027068	-0.000516	0.010371
1782912869.778677	0.268549	-0.637980	1.275039	0.020924	0.038546	0.044609	-0.027345	0.000520	0.037558
1782912869.798751	0.267985	-0.637908	1.275411	0.015621	0.037110	0.048142	-0.028134	0.006025	0.046265
1782912869.820411	0.267666	-0.637890	1.275955	0.012978	0.035912	0.048283	-0.025496	0.004267	0.082301
1782912869.838304	0.267004	-0.637527	1.277975	0.016295	0.037658	0.050132	-0.025735	0.003954	0.096085
1782912869.858667	0.266431	-0.637342	1.281114	0.021524	0.036534	0.051285	-0.033569	0.010981	0.093485
1782912869.877753	0.266079	-0.637248	1.281986	0.017291	0.037825	0.052187	-0.028168	0.007267	0.107981
1782912869.899520	0.265456	-0.637054	1.283928	0.016387	0.035872	0.054142	-0.029329	0.006146	0.098568
1782912869.919885	0.265112	-0.636974	1.285614	0.021485	0.036430	0.055463	-0.033267	0.009039	0.082365
1782912869.938752	0.264726	-0.636789	1.286277	0.018590	0.036719	0.055950	-0.032440	0.008364	0.069766
1782912869.958601	0.264224	-0.636714	1.287585	0.015893	0.039800	0.057460	-0.027825	0.007099	0.052477
1782912869.981340	0.263785	-0.636426	1.288167	0.016926	0.039645	0.060992	-0.032084	0.007079	0.026455
1782912869.999624	0.263376	-0.636230	1.288279	0.021133	0.039823	0.060808	-0.028337	0.001628	0.017153
1782912870.017883	0.263176	-0.636122	1.288034	0.020773	0.039072	0.061017	-0.025020	0.001610	-0.018682
1782912870.039204	0.262474	-0.635763	1.286987	0.021529	0.039029	0.064074	-0.025440	-0.000554	-0.023047
1782912870.057997	0.262338	-0.635952	1.286194	0.016553	0.039229	0.065177	-0.021247	-0.000990	-0.044499
1782912870.078091	0.261877	-0.635488	1.284616	0.018995	0.039165	0.067682	-0.017569	-0.005746	-0.056530
1782912870.098748	0.261390	-0.635422	1.283231	0.018183	0.037841	0.070110	-0.020490	-0.001888	-0.071169
1782912870.118422	0.261150	-0.635328	1.282457	0.017560	0.038667	0.072012	-0.021150	-0.002373	-0.055759
1782912870.138589	0.261053	-0.635081	1.281132	0.019247	0.036643	0.071394	-0.021319	0.003375	-0.049529
1782912870.159317	0.260520	-0.634853	1.279860	0.017211	0.036584	0.073959	-0.018670	0.000431	-0.034865
1782912870.181187	0.260336	-0.634710	1.279621	0.014693	0.036318	0.074279	-0.020556	0.002241	-0.004505
1782912870.200215	0.260191	-0.634588	1.279618	0.015762	0.036467	0.075070	-0.022178	0.003889	0.016518
1782912870.217942	0.260005	-0.634550	1.279779	0.017333	0.037565	0.075768	-0.023970	0.009200	0.019569
1782912870.239245	0.259869	-0.634332	1.280643	0.018251	0.037024	0.076832	-0.018793	0.007048	0.049276
1782912870.259963	0.259451	-0.633797	1.282386	0.017692	0.035619	0.077925	-0.016250	0.007257	0.064926
1782912870.277821	0.259329	-0.633840	1.283336	0.019502	0.035944	0.078517	-0.022576	0.011931	0.069737
1782912870.298491	0.259200	-0.633772	1.284236	0.016374	0.034395	0.080570	-0.020076	0.013177	0.073521
1782912870.318212	0.258966	-0.633236	1.285697	0.020800	0.035583	0.081124	-0.017586	0.007706	0.081970
1782912870.337738	0.258709	-0.633249	1.287521	0.018005	0.035488	0.082705	-0.024683	0.014090	0.064171
1782912870.358026	0.258472	-0.633087	1.288709	0.022654	0.033347	0.083990	-0.019102	0.010702	0.062108
1782912870.377387	0.258416	-0.632652	1.290153	0.018868	0.035925	0.084453	-0.014895	0.011691	0.040961
1782912870.398783	0.258401	-0.632719	1.290661	0.019589	0.035516	0.085945	-0.013679	0.003999	0.040000
1782912870.419039	0.258216	-0.632526	1.291131	0.019297	0.034836	0.085631	-0.014683	0.004806	0.021734
1782912870.438056	0.257980	-0.632245	1.291332	0.019649	0.033541	0.087844	-0.011287	-0.002276	0.005364
1782912870.459506	0.257832	-0.631972	1.291457	0.020537	0.034949	0.088739	-0.014326	0.003740	-0.011364
1782912870.479035	0.257775	-0.631851	1.291057	0.021751	0.033539	0.090933	-0.016352	0.004210	-0.016635
1782912870.502136	0.257712	-0.631638	1.290426	0.020680	0.036858	0.092959	-0.013776	0.000327	-0.031796
1782912870.519732	0.257454	-0.631472	1.289768	0.023519	0.034963	0.093999	-0.009300	-0.002928	-0.036727
1782912870.538154	0.257372	-0.631371	1.289462	0.020857	0.034968	0.095214	-0.010101	-0.003927	-0.034849
1782912870.560027	0.257226	-0.631099	1.287935	0.024751	0.034526	0.096127	-0.012261	-0.000525	-0.046344
1782912870.578089	0.257226	-0.631099	1.287935	0.024751	0.034526	0.096127	-0.013912	-0.002383	-0.034402
1782912870.597999	0.257067	-0.631123	1.287213	0.024507	0.035254	0.097131	-0.015192	0.001031	-0.040754
1782912870.619719	0.256951	-0.631084	1.286640	0.021109	0.036178	0.098174	-0.010805	-0.003666	-0.025512
1782912870.638160	0.256851	-0.630745	1.286179	0.020439	0.035523	0.097117	-0.011191	-0.004243	-0.019270
1782912870.658846	0.256605	-0.630758	1.285953	0.022271	0.034225	0.100370	-0.017002	0.003654	-0.016526
1782912870.678937	0.256423	-0.630612	1.285894	0.019487	0.035778	0.101235	-0.015187	0.002102	0.005021
1782912870.698125	0.256331	-0.630369	1.285951	0.019602	0.035078	0.100556	-0.016306	0.000091	0.015962
1782912870.718171	0.256097	-0.630419	1.286386	0.022170	0.032853	0.101591	-0.022662	0.003476	0.020691
1782912870.738999	0.255818	-0.630239	1.287473	0.020192	0.033015	0.103285	-0.020667	0.006286	0.029494
1782912870.757894	0.255774	-0.630005	1.287991	0.021072	0.033157	0.103218	-0.015235	0.000682	0.040066
1782912870.777707	0.255774	-0.630005	1.287991	0.021072	0.033157	0.103218	-0.020464	0.005699	0.038549
1782912870.797909	0.255400	-0.630223	1.289568	0.020504	0.032646	0.105519	-0.020337	0.006499	0.040784
1782912870.818203	0.255338	-0.630109	1.290141	0.018848	0.032239	0.106050	-0.015599	-0.001401	0.046172
1782912870.840015	0.255031	-0.629961	1.292029	0.023693	0.033820	0.106651	-0.014213	0.001612	0.031040
1782912870.859789	0.254854	-0.629860	1.292514	0.024126	0.033776	0.106355	-0.014564	-0.001771	0.035253
1782912870.879685	0.254728	-0.629855	1.293339	0.021088	0.033606	0.106373	-0.019426	0.001209	0.010709
1782912870.898009	0.254728	-0.629855	1.293339	0.021088	0.033606	0.106373	-0.013466	-0.002866	0.007704
1782912870.918071	0.254530	-0.629793	1.293481	0.024882	0.032444	0.107081	-0.015193	-0.000035	-0.014182
1782912870.941991	0.254297	-0.629763	1.293183	0.024921	0.032233	0.107965	-0.010748	-0.006564	-0.011245
1782912870.959787	0.254201	-0.629811	1.292748	0.025212	0.032936	0.109390	-0.008780	-0.006851	-0.037939
1782912870.979415	0.254003	-0.629601	1.292353	0.023957	0.034468	0.111194	-0.005087	-0.010705	-0.041368
1782912870.997775	0.254088	-0.629785	1.291791	0.023143	0.034886	0.111712	-0.012092	-0.005315	-0.057213
1782912871.018268	0.253967	-0.629734	1.290900	0.018389	0.035470	0.111206	-0.009672	-0.005742	-0.048750
1782912871.039564	0.253773	-0.629745	1.289472	0.023566	0.032742	0.113987	-0.007287	-0.008277	-0.043348
1782912871.057672	0.253814	-0.629735	1.289078	0.023895	0.032710	0.114805	-0.008608	-0.005837	-0.045552
1782912871.077986	0.253680	-0.629619	1.288710	0.020201	0.034588	0.114890	-0.008784	-0.008420	-0.032808
1782912871.097808	0.253607	-0.629594	1.288005	0.019779	0.032356	0.114736	-0.015863	-0.003251	-0.017469
1782912871.117680	0.253307	-0.629687	1.287787	0.018459	0.032103	0.116858	-0.014950	0.002186	-0.008657
1782912871.138643	0.253235	-0.629538	1.287941	0.018509	0.031778	0.116074	-0.012509	-0.000134	0.004979
1782912871.158526	0.252976	-0.629576	1.288417	0.020240	0.033448	0.116832	-0.017171	-0.002200	0.018058
1782912871.178613	0.252829	-0.629638	1.289022	0.019505	0.032282	0.117472	-0.015369	0.003017	0.024363
1782912871.198679	0.252623	-0.629530	1.290030	0.015904	0.032443	0.116872	-0.015239	0.003551	0.025624
1782912871.218827	0.252549	-0.629385	1.290600	0.021166	0.033467	0.116134	-0.018634	0.002681	0.052215
1782912871.237792	0.252340	-0.629374	1.291690	0.021392	0.032510	0.115940	-0.019624	0.010445	0.050795
1782912871.263442	0.252185	-0.629410	1.292971	0.020368	0.032615	0.116646	-0.012624	0.003743	0.040723
1782912871.282265	0.252023	-0.629184	1.294036	0.016003	0.035335	0.114960	-0.013356	0.003936	0.040570
1782912871.304679	0.251707	-0.629048	1.294900	0.017869	0.033511	0.116078	-0.015364	0.004915	0.022918
1782912871.321879	0.251550	-0.628898	1.295784	0.017026	0.035913	0.115637	-0.015364	0.004915	0.022918
1782912871.338182	0.251406	-0.628833	1.296017	0.019200	0.034466	0.116725	-0.012473	0.005364	-0.002512
1782912871.358393	0.251266	-0.628708	1.296048	0.020983	0.035532	0.117608	-0.008781	0.002895	0.003550
1782912871.377642	0.251235	-0.628466	1.295966	0.021113	0.033796	0.118081	-0.009075	0.005574	-0.023727
1782912871.397700	0.251076	-0.628386	1.295675	0.026755	0.033458	0.118017	-0.004042	0.000726	-0.027289
1782912871.417689	0.250719	-0.628168	1.295163	0.019302	0.035859	0.117695	-0.010171	0.005463	-0.053320
1782912871.438542	0.250664	-0.628048	1.294463	0.014973	0.037290	0.118251	-0.010011	0.003227	-0.046638
1782912871.458797	0.250575	-0.627627	1.292595	0.020108	0.035860	0.116879	-0.008543	0.005893	-0.065381
1782912871.477687	0.250498	-0.627503	1.292166	0.017650	0.036488	0.118274	-0.002642	0.002504	-0.051694
1782912871.499050	0.250382	-0.627452	1.291655	0.015438	0.036178	0.117376	-0.003719	0.004717	-0.050390
1782912871.519264	0.250457	-0.627134	1.290564	0.017101	0.037071	0.117161	-0.006525	0.008958	-0.053481
1782912871.537942	0.250423	-0.626721	1.289781	0.022221	0.035872	0.117725	-0.004021	0.005968	-0.035130
1782912871.558891	0.250346	-0.626451	1.289278	0.018674	0.036045	0.118480	-0.003578	0.009128	-0.028453
1782912871.578024	0.250184	-0.626145	1.288888	0.017832	0.038084	0.116790	-0.003394	0.013863	-0.029421
1782912871.600119	0.250221	-0.625963	1.288822	0.018206	0.036361	0.117054	-0.003382	0.012869	-0.007867
1782912871.618084	0.250041	-0.625562	1.288994	0.015759	0.036481	0.117490	-0.006350	0.014356	0.011102
1782912871.638310	0.250118	-0.625393	1.289391	0.019808	0.036426	0.116899	-0.005932	0.020058	0.010828
1782912871.658160	0.250157	-0.624901	1.289928	0.018278	0.035489	0.117049	-0.005165	0.019273	0.025249
1782912871.678976	0.250033	-0.624549	1.290789	0.020424	0.034425	0.116654	-0.004940	0.015026	0.026835
1782912871.698891	0.250030	-0.624011	1.291381	0.020074	0.034841	0.118181	-0.003113	0.017413	0.024258
1782912871.720331	0.250092	-0.623497	1.292139	0.022085	0.035594	0.117442	-0.000368	0.011853	0.027795
1782912871.738143	0.250185	-0.623424	1.292530	0.021380	0.033978	0.117228	-0.005400	0.019104	0.011404
1782912871.758104	0.250086	-0.623066	1.293117	0.019763	0.036138	0.118536	-0.004873	0.017181	0.011861
1782912871.779593	0.250157	-0.622596	1.293233	0.022468	0.034809	0.118347	-0.001684	0.015038	-0.011002
1782912871.799828	0.250157	-0.622596	1.293233	0.022468	0.034809	0.118347	0.000228	0.008049	-0.007977
1782912871.818655	0.250281	-0.622107	1.292952	0.023044	0.036022	0.119153	0.000342	0.008891	-0.029122
1782912871.837947	0.250410	-0.621695	1.292470	0.023426	0.035624	0.119093	0.007097	0.005362	-0.035911
1782912871.858285	0.250369	-0.621692	1.292270	0.022870	0.035395	0.118334	0.004026	0.008937	-0.050479
1782912871.879794	0.250454	-0.621200	1.291270	0.022529	0.035849	0.120820	0.001060	0.011497	-0.044694
1782912871.899039	0.250631	-0.621097	1.290656	0.024036	0.034832	0.121413	0.003080	0.005613	-0.047119
1782912871.918302	0.250761	-0.620764	1.289430	0.021064	0.035964	0.121487	0.005137	0.005845	-0.051751
1782912871.939861	0.250761	-0.620764	1.289430	0.021064	0.035964	0.121487	0.009985	0.002013	-0.040697
1782912871.957780	0.251223	-0.620080	1.287710	0.020638	0.039176	0.123050	0.005109	0.007051	-0.038646
1782912871.977868	0.251303	-0.619770	1.287220	0.024818	0.036605	0.123252	0.007248	0.005572	-0.034886
1782912871.998479	0.251420	-0.619776	1.287114	0.023700	0.036128	0.124004	0.008862	0.005812	-0.006117
1782912872.019777	0.251816	-0.619405	1.287217	0.024429	0.037186	0.122666	0.002346	0.005309	-0.011188
1782912872.038764	0.251970	-0.619111	1.287553	0.025667	0.034272	0.124164	0.002609	0.011247	0.005902
1782912872.058066	0.252049	-0.619065	1.287737	0.024815	0.035263	0.124034	0.009249	0.001626	0.029059
1782912872.077796	0.252472	-0.619015	1.288680	0.028099	0.032686	0.122778	0.005091	0.005643	0.022817
1782912872.098166	0.252714	-0.618744	1.289385	0.025455	0.033315	0.123957	0.005118	0.007401	0.024848
1782912872.119254	0.253118	-0.618650	1.290254	0.026401	0.034189	0.124478	0.011524	0.000815	0.037415
1782912872.139363	0.253354	-0.618734	1.290648	0.025206	0.034244	0.125420	0.009420	0.003670	0.030151
1782912872.157850	0.253575	-0.618418	1.291540	0.026258	0.034209	0.125257	0.007233	0.006249	0.027877
1782912872.179080	0.253899	-0.618249	1.292304	0.025547	0.032374	0.125626	0.010714	-0.000674	0.027608
1782912872.199416	0.254165	-0.618360	1.293060	0.023321	0.034923	0.126734	0.012706	-0.002484	0.010362
1782912872.218875	0.254350	-0.618298	1.293259	0.024469	0.033394	0.127129	0.015410	-0.007308	0.016999
1782912872.239241	0.254980	-0.618262	1.293506	0.024526	0.033487	0.128437	0.014028	-0.007662	-0.004220
1782912872.258374	0.255385	-0.618361	1.293533	0.026518	0.032023	0.127539	0.014590	-0.006974	-0.007225
1782912872.278989	0.255673	-0.618397	1.293192	0.026144	0.031862	0.128647	0.011834	-0.004729	-0.030097
1782912872.298406	0.256052	-0.618429	1.292928	0.026207	0.032661	0.128821	0.011255	-0.010327	-0.023445
1782912872.318956	0.256491	-0.618356	1.291686	0.023841	0.033643	0.129703	0.012475	-0.010958	-0.043695
1782912872.355869	0.256797	-0.618445	1.291337	0.027476	0.033937	0.130107	0.020101	-0.016515	-0.040146
1782912872.387362	0.257491	-0.618599	1.289595	0.025780	0.031202	0.132566	0.011661	-0.013017	-0.045821
1782912872.408077	0.257899	-0.618699	1.288402	0.025824	0.030774	0.132718	0.008963	-0.009515	-0.046190
1782912872.426747	0.258131	-0.618789	1.287787	0.022515	0.029915	0.132556	0.012119	-0.012178	-0.024554
1782912872.445998	0.258381	-0.618789	1.287353	0.021642	0.029412	0.132411	0.010583	-0.010289	-0.028005
1782912872.466500	0.258631	-0.618769	1.286775	0.018140	0.027514	0.133396	0.004372	-0.002313	-0.017140
1782912872.485888	0.258746	-0.618785	1.286598	0.019904	0.027681	0.133333	0.009388	-0.008177	0.004063
1782912872.506595	0.258940	-0.619030	1.286782	0.021408	0.027545	0.133398	0.008224	-0.007605	0.010545
1782912872.526107	0.259129	-0.619068	1.286952	0.023015	0.027082	0.133108	0.008224	-0.007605	0.010545
1782912872.547278	0.259484	-0.619084	1.287451	0.018883	0.027519	0.132758	0.003004	-0.001381	0.029579
1782912872.569870	0.259638	-0.619233	1.288155	0.021262	0.028949	0.135499	0.003295	-0.005965	0.030445
1782912872.586537	0.259758	-0.619301	1.288573	0.024004	0.028098	0.134714	0.004203	-0.004132	0.025175
1782912872.607467	0.259778	-0.619512	1.289569	0.022634	0.026621	0.133518	0.005790	-0.007547	0.030599
1782912872.627042	0.259952	-0.619552	1.290084	0.021993	0.028195	0.132836	-0.001090	-0.001801	0.012318
1782912872.646170	0.260208	-0.619453	1.290596	0.019646	0.028289	0.132834	0.001209	-0.003849	0.016145
1782912872.667332	0.260245	-0.619493	1.290868	0.018826	0.028285	0.133851	0.000746	-0.005909	0.000481
1782912872.688696	0.260227	-0.619626	1.290968	0.020746	0.028475	0.135414	0.002635	-0.009774	0.000326
1782912872.708723	0.260386	-0.619596	1.291095	0.022089	0.027396	0.135304	0.001332	-0.008771	-0.014636
1782912872.727658	0.260352	-0.619774	1.290792	0.021092	0.028160	0.136132	0.003509	-0.007595	-0.026463
1782912872.748661	0.260323	-0.619803	1.290602	0.020858	0.027851	0.136830	-0.000221	-0.004656	-0.027912
1782912872.766435	0.260312	-0.619932	1.290239	0.018251	0.028553	0.137773	-0.006684	-0.000509	-0.027708
1782912872.789626	0.260310	-0.620033	1.290036	0.019032	0.027612	0.138509	-0.002217	-0.007659	-0.014062
1782912872.808129	0.260198	-0.619841	1.289661	0.022474	0.027087	0.139042	-0.004158	-0.006197	-0.027241
1782912872.830393	0.260061	-0.619904	1.289323	0.025014	0.026930	0.140325	-0.001969	-0.004259	-0.018721
1782912872.847023	0.260012	-0.619971	1.288994	0.025394	0.027071	0.141708	-0.005912	-0.002200	-0.009708
1782912872.866744	0.259777	-0.619916	1.288988	0.024946	0.027274	0.142568	-0.009776	0.001377	-0.000261
1782912872.887090	0.259666	-0.620036	1.288893	0.024315	0.026848	0.144546	-0.006282	0.000464	0.008772
1782912872.907305	0.259616	-0.620037	1.288897	0.025310	0.027780	0.145409	-0.013870	0.001658	-0.003298
1782912872.926283	0.259349	-0.619927	1.289032	0.021803	0.028076	0.145847	-0.013417	0.004120	0.002279
1782912872.947674	0.259210	-0.619803	1.289116	0.019859	0.028676	0.145202	-0.010001	0.002216	0.020655
1782912872.966680	0.258925	-0.619704	1.289693	0.018788	0.030173	0.145971	-0.012763	0.006470	0.009546
1782912872.986727	0.258925	-0.619704	1.289693	0.018788	0.030173	0.145971	-0.010663	0.006632	0.012693
1782912873.008951	0.258503	-0.619552	1.290129	0.018209	0.031434	0.146662	-0.014195	0.004690	0.008491
1782912873.030028	0.258063	-0.619302	1.290647	0.022226	0.030543	0.148207	-0.014750	0.009034	0.007779
1782912873.046294	0.258063	-0.619302	1.290647	0.022226	0.030543	0.148207	-0.009986	0.003999	0.020241
1782912873.067617	0.257769	-0.619199	1.290823	0.022831	0.032029	0.148962	-0.013331	0.010434	0.002276
1782912873.086282	0.257568	-0.619067	1.291303	0.022416	0.032813	0.148964	-0.009143	0.009011	0.005636
1782912873.106728	0.257230	-0.618948	1.291432	0.020470	0.032704	0.151934	-0.011673	0.008899	-0.005515
1782912873.126648	0.256860	-0.618698	1.291687	0.023750	0.032950	0.152311	-0.011532	0.006394	0.001807
1782912873.145913	0.256650	-0.618633	1.291610	0.022820	0.033123	0.153183	-0.011856	0.005498	-0.001104
1782912873.166310	0.256366	-0.618463	1.291479	0.023047	0.033128	0.153982	-0.007840	0.006419	-0.012243
1782912873.185766	0.256189	-0.618394	1.291355	0.021457	0.032921	0.152500	-0.005918	0.005196	-0.017456
1782912873.210354	0.255858	-0.618222	1.291143	0.020440	0.033764	0.154660	-0.010373	0.011990	-0.028725
1782912873.226637	0.255652	-0.617961	1.290731	0.021476	0.031676	0.153886	-0.009829	0.006499	-0.010988
1782912873.246542	0.255469	-0.617770	1.290218	0.026083	0.030580	0.157455	-0.011751	0.007907	-0.022863
1782912873.269527	0.255100	-0.617482	1.289787	0.024411	0.032474	0.158227	-0.005337	0.003352	-0.018775
1782912873.288495	0.255056	-0.617380	1.289720	0.023739	0.032454	0.157896	-0.007796	0.009181	-0.021835
1782912873.307681	0.254862	-0.617390	1.289221	0.024021	0.032205	0.159192	-0.009641	0.013578	-0.015964
1782912873.326693	0.254741	-0.617140	1.289075	0.025399	0.031416	0.158719	-0.007659	0.003764	0.002849
1782912873.346859	0.254533	-0.616939	1.288862	0.024345	0.031965	0.159709	-0.010354	0.008811	0.003327
1782912873.366986	0.254211	-0.616890	1.288946	0.022136	0.032233	0.161751	-0.009289	0.012211	0.008382
1782912873.386551	0.254141	-0.616744	1.289174	0.018968	0.032792	0.161374	-0.009289	0.012211	0.008382
1782912873.406449	0.254075	-0.616529	1.289462	0.019881	0.033112	0.162709	-0.006391	0.012149	0.017146
1782912873.426487	0.253891	-0.616334	1.289708	0.019195	0.031523	0.163948	-0.007870	0.011043	0.028839
1782912873.451547	0.253544	-0.615909	1.290692	0.023801	0.033719	0.162717	-0.010848	0.011848	0.024577
1782912873.466808	0.253481	-0.615892	1.290990	0.022988	0.034303	0.163380	-0.006725	0.013772	0.015377
1782912873.488668	0.253283	-0.615665	1.291313	0.023761	0.033171	0.165055	-0.006725	0.013772	0.015377
1782912873.507977	0.253358	-0.615405	1.291509	0.024224	0.034096	0.164622	-0.007302	0.010869	0.009027
1782912873.528338	0.253226	-0.615250	1.291928	0.025835	0.034499	0.163956	-0.003790	0.006815	0.025285
1782912873.545925	0.253134	-0.615283	1.292554	0.025406	0.032231	0.163745	-0.005487	0.008460	0.020086
1782912873.589445	0.253148	-0.614913	1.293073	0.027982	0.032895	0.165003	-0.002392	0.009316	0.004939
1782912873.613552	0.253023	-0.614724	1.293065	0.028925	0.034214	0.166058	-0.003580	0.010394	-0.005215
1782912873.634297	0.253040	-0.614507	1.292700	0.029862	0.034009	0.167206	-0.003700	0.002833	-0.001037
1782912873.655554	0.253041	-0.614346	1.292346	0.027460	0.032898	0.167707	0.000784	0.003752	-0.015778
1782912873.674019	0.253125	-0.614303	1.291877	0.028064	0.032219	0.167597	0.005265	0.000616	-0.020283
1782912873.694197	0.253187	-0.614199	1.291309	0.024276	0.033084	0.167279	0.001946	0.007120	-0.041274
1782912873.713884	0.253077	-0.614382	1.290722	0.023140	0.032458	0.168775	0.000942	0.003097	-0.030196
1782912873.733794	0.253291	-0.613887	1.289775	0.024929	0.033050	0.170430	0.001481	0.003963	-0.042376
1782912873.755286	0.253345	-0.613887	1.288712	0.024865	0.032622	0.171541	0.006386	-0.004220	-0.026312
1782912873.773698	0.253467	-0.613704	1.288339	0.026797	0.032125	0.171754	-0.000220	0.004061	-0.024814
1782912873.793942	0.253514	-0.613628	1.288016	0.023339	0.032932	0.172145	-0.000500	0.007284	-0.024003
1782912873.814486	0.253570	-0.613691	1.287630	0.023987	0.030764	0.174885	0.004924	-0.000015	0.004397
1782912873.834196	0.253653	-0.613593	1.287585	0.025385	0.030166	0.174343	0.001070	0.000597	0.002293
1782912873.854573	0.254030	-0.613401	1.287867	0.024607	0.030006	0.174184	0.000086	0.005752	0.009282
1782912873.874187	0.254080	-0.613476	1.288009	0.026166	0.030103	0.176030	0.006787	0.002377	0.028767
1782912873.894792	0.254196	-0.613477	1.288400	0.025388	0.029267	0.175979	0.003296	0.004899	0.022975
1782912873.914361	0.254353	-0.613340	1.288943	0.025528	0.030096	0.175592	0.001108	0.004583	0.026309
1782912873.933730	0.254514	-0.613445	1.289332	0.025474	0.030964	0.176187	0.000360	0.001903	0.036480
1782912873.954004	0.254943	-0.613499	1.290166	0.028705	0.030975	0.176588	0.000924	0.002020	0.025962
1782912873.974722	0.254998	-0.613478	1.290406	0.032335	0.030671	0.175793	0.001518	-0.002737	0.016475
1782912873.994838	0.255203	-0.613422	1.290574	0.033318	0.029913	0.175531	0.005648	-0.000049	-0.001190
1782912874.014600	0.255347	-0.613550	1.290554	0.031762	0.030368	0.176088	0.010320	-0.008182	-0.003903
1782912874.034948	0.255581	-0.613636	1.290599	0.031628	0.029380	0.178178	0.002012	-0.005685	-0.007917
1782912874.053805	0.255581	-0.613636	1.290599	0.031628	0.029380	0.178178	0.009120	-0.013966	-0.002150
1782912874.073445	0.255809	-0.613914	1.289948	0.027547	0.030441	0.180902	0.009116	-0.008380	-0.024597
1782912874.094270	0.255809	-0.613914	1.289948	0.027547	0.030441	0.180902	0.012001	-0.015128	-0.015839
1782912874.115020	0.256659	-0.614246	1.288843	0.023148	0.032139	0.184727	0.008224	-0.008986	-0.028032
1782912874.134604	0.256639	-0.614341	1.288674	0.022541	0.032087	0.184879	0.007773	-0.011615	-0.011234
1782912874.157800	0.256961	-0.614543	1.287950	0.022366	0.028668	0.185019	0.010585	-0.013059	-0.011571
1782912874.174361	0.257213	-0.614739	1.287899	0.021568	0.027493	0.185277	0.005641	-0.007254	-0.016543
1782912874.194901	0.257532	-0.614777	1.287829	0.024446	0.027845	0.185120	0.003928	-0.006485	0.007000
1782912874.214064	0.257676	-0.615037	1.288013	0.019721	0.028334	0.185237	0.006169	-0.009359	0.006299
1782912874.235299	0.257898	-0.615174	1.288120	0.024906	0.027671	0.186140	0.010701	-0.008741	0.022098
1782912874.253724	0.258241	-0.615252	1.288609	0.022837	0.029027	0.184967	0.002791	-0.006510	0.018836
1782912874.273826	0.258418	-0.615342	1.288974	0.025584	0.028829	0.186156	0.004187	-0.004687	0.024125
1782912874.294363	0.258382	-0.615426	1.289067	0.025311	0.028324	0.186333	0.004426	-0.005594	0.036297
1782912874.313765	0.258850	-0.615876	1.289821	0.024137	0.027419	0.186630	0.002782	-0.004639	0.016463
1782912874.334247	0.258893	-0.615927	1.290338	0.022695	0.028790	0.186495	0.002093	-0.002987	0.027350
1782912874.354103	0.259160	-0.615973	1.290623	0.022641	0.029271	0.187104	0.001151	-0.001754	0.003758
1782912874.373690	0.259264	-0.616136	1.290739	0.023131	0.029643	0.188275	0.004083	-0.005758	0.019735
1782912874.394255	0.259286	-0.616092	1.290730	0.022176	0.029309	0.188055	0.005045	-0.006428	-0.000329
1782912874.414545	0.259439	-0.616304	1.290481	0.022517	0.027989	0.189674	-0.000879	-0.000545	-0.011938
1782912874.434270	0.259571	-0.616447	1.290349	0.021945	0.028251	0.189136	0.004766	-0.006941	0.002119
1782912874.455031	0.259548	-0.616431	1.290115	0.020631	0.028137	0.190012	0.001469	-0.002400	-0.012831
1782912874.473719	0.259561	-0.616406	1.289842	0.019536	0.028609	0.189965	0.004857	-0.005997	-0.007848
1782912874.494485	0.259649	-0.616337	1.289558	0.022780	0.028946	0.190461	0.001879	-0.002472	-0.025777
1782912874.514337	0.259576	-0.616517	1.289070	0.026611	0.027051	0.190659	0.003605	-0.002160	-0.008921
1782912874.534189	0.259594	-0.616645	1.288615	0.023075	0.027296	0.191123	-0.002591	0.001018	-0.014159
1782912874.554785	0.259820	-0.616644	1.288157	0.024291	0.028342	0.191349	0.001239	0.000961	-0.003743
1782912874.577461	0.259850	-0.616666	1.287967	0.024399	0.026521	0.191818	-0.001770	0.001263	-0.006210
1782912874.594569	0.259858	-0.616698	1.287849	0.023152	0.026993	0.192229	-0.003906	0.002122	-0.005565
1782912874.614880	0.259823	-0.616656	1.287867	0.023427	0.027678	0.192297	-0.000896	-0.001638	0.009161
1782912874.633502	0.259742	-0.616595	1.287918	0.024490	0.027649	0.192576	-0.003051	0.001919	0.004788
1782912874.653364	0.259622	-0.616565	1.287973	0.024513	0.027749	0.193067	-0.006636	0.010556	0.007560
1782912874.674331	0.259514	-0.616513	1.288121	0.023061	0.028868	0.193793	-0.004580	0.003619	0.020439
1782912874.693988	0.259359	-0.616386	1.288301	0.024337	0.029137	0.193601	-0.006213	0.003811	0.011804
1782912874.714674	0.259214	-0.616274	1.288606	0.023278	0.028480	0.194281	-0.006097	0.004834	0.016410
1782912874.733980	0.259082	-0.616296	1.289043	0.027908	0.026373	0.195191	-0.007505	0.010200	0.022105
1782912874.791649	0.259012	-0.615928	1.289391	0.020690	0.027053	0.195099	-0.010232	0.014275	0.021590
1782912874.850686	0.258419	-0.615745	1.290764	0.021620	0.027600	0.196931	-0.010034	0.013000	0.013222
1782912874.902411	0.256202	-0.614039	1.293229	-0.040124	-0.016577	0.178299	-0.033156	0.050817	0.045960
1782912874.953462	0.253106	-0.610878	1.294645	-0.104636	-0.058796	0.158167	-0.075916	0.124693	-0.042795
1782912875.010799	0.247210	-0.605017	1.291165	-0.158535	-0.095519	0.130832	-0.124592	0.190952	-0.094575
1782912875.064895	0.238301	-0.595762	1.280776	-0.184739	-0.113927	0.098581	-0.208676	0.312340	-0.190156
1782912875.115400	0.228435	-0.584858	1.269397	-0.186499	-0.118018	0.069470	-0.304844	0.423183	-0.226239
1782912875.170549	0.212305	-0.566972	1.251488	-0.168255	-0.108258	0.035738	-0.358360	0.490651	-0.246452
1782912875.223821	0.196752	-0.549126	1.235122	-0.135720	-0.091314	0.015232	-0.427830	0.556286	-0.335267
1782912875.273797	0.170098	-0.517900	1.204947	-0.091686	-0.055677	-0.007139	-0.461066	0.584893	-0.477402
1782912875.331969	0.151076	-0.495127	1.179843	-0.065414	-0.028588	-0.015079	-0.461377	0.589738	-0.597113
1782912875.381310	0.122132	-0.459292	1.134988	-0.029523	0.008493	-0.023928	-0.450797	0.583673	-0.731862
1782912875.431586	0.102630	-0.434828	1.101631	-0.009785	0.027507	-0.027050	-0.415430	0.554082	-0.799084
1782912875.480636	0.079566	-0.404304	1.059005	0.004607	0.037868	-0.030032	-0.395899	0.546335	-0.803487
1782912875.536926	0.061915	-0.380657	1.028106	0.007793	0.040911	-0.032354	-0.367193	0.520691	-0.733955
1782912875.589194	0.038173	-0.346697	0.992279	0.021388	0.038868	-0.030000	-0.339702	0.500680	-0.537860
1782912875.673935	0.024041	-0.325250	0.977956	0.022887	0.035614	-0.028153	-0.313109	0.483448	-0.290107
1782912875.722264	0.002331	-0.290756	0.972372	0.025483	0.028396	-0.025452	-0.283334	0.459695	-0.016896
1782912875.768932	-0.011019	-0.268114	0.979849	0.023620	0.026527	-0.020708	-0.253504	0.440131	0.118872
1782912875.816417	-0.020198	-0.251068	0.989008	0.025932	0.025500	-0.016889	-0.231753	0.429614	0.112798
1782912875.869872	-0.030301	-0.230899	0.999221	0.029583	0.025842	-0.012369	-0.208146	0.415212	0.068528
1782912875.923458	-0.037574	-0.215288	1.003211	0.028516	0.025615	-0.010017	-0.184102	0.389542	-0.066340
1782912875.973714	-0.045400	-0.196893	1.001070	0.036832	0.024275	-0.006486	-0.165523	0.363651	-0.226351
1782912876.080141	-0.051410	-0.182425	0.993266	0.035081	0.024442	-0.004651	-0.148315	0.338356	-0.316380
1782912876.135020	-0.064210	-0.150667	0.959624	0.040439	0.018059	0.002232	-0.132629	0.285921	-0.416650
1782912876.181514	-0.068736	-0.139461	0.944230	0.036788	0.016443	0.004885	-0.119726	0.243951	-0.393543
1782912876.229227	-0.072216	-0.131859	0.932922	0.037767	0.012836	0.008627	-0.117159	0.219525	-0.314733
1782912876.270069	-0.079324	-0.116397	0.913549	0.033635	0.009835	0.015010	-0.114592	0.197653	-0.222404
1782912876.315099	-0.082063	-0.110768	0.909337	0.030424	0.010486	0.016736	-0.107545	0.180637	-0.112764
1782912876.368782	-0.086584	-0.103028	0.908112	0.029073	0.014251	0.021913	-0.097201	0.164733	-0.017536
1782912876.415302	-0.089926	-0.097569	0.910708	0.027155	0.012978	0.025021	-0.084794	0.140245	0.074421
1782912876.476489	-0.093540	-0.091954	0.917046	0.021126	0.012691	0.029758	-0.084654	0.129624	0.102599
1782912876.550441	-0.096780	-0.086725	0.923940	0.013950	0.015139	0.030243	-0.070910	0.103707	0.109780
1782912876.594504	-0.100227	-0.081093	0.929837	0.006281	0.018765	0.034276	-0.052693	0.075426	0.018824
1782912876.645192	-0.101256	-0.079085	0.929986	0.009787	0.016537	0.036986	-0.038913	0.062065	-0.041360
1782912876.696591	-0.102784	-0.075761	0.926911	0.002596	0.016068	0.040692	-0.018047	0.038956	-0.091854
1782912876.776470	-0.103598	-0.072932	0.920494	-0.000863	0.015753	0.042742	-0.006002	0.029859	-0.127638
1782912876.831024	-0.103667	-0.069197	0.909110	-0.003466	0.007470	0.049520	0.013023	0.015209	-0.140752
1782912876.884383	-0.103443	-0.066824	0.901263	-0.010224	0.003607	0.050377	0.016113	0.016558	-0.119929
1782912876.937759	-0.102495	-0.064319	0.895474	-0.018088	-0.001174	0.054450	0.031330	0.013865	-0.073512
1782912876.992285	-0.101645	-0.061949	0.893055	-0.018497	-0.001451	0.054844	0.026692	0.017104	-0.008053
1782912877.038662	-0.100642	-0.058950	0.893215	-0.022305	-0.004017	0.056460	0.029519	0.024262	0.048679
1782912877.126617	-0.099834	-0.055327	0.896301	-0.023162	-0.004216	0.056943	0.034091	0.033810	0.080199
1782912877.195280	-0.098879	-0.048255	0.904570	-0.020537	-0.007081	0.057406	0.024044	0.040928	0.125703
1782912877.241194	-0.098655	-0.042705	0.911539	-0.011178	-0.009864	0.057524	0.020531	0.041591	0.114810
1782912877.293904	-0.098719	-0.039642	0.914271	-0.007888	-0.008655	0.058867	0.016309	0.037235	0.095718
1782912877.338280	-0.099048	-0.036095	0.916167	-0.004522	-0.008349	0.059377	0.014612	0.029919	0.026702
1782912877.388329	-0.099599	-0.030964	0.914452	-0.002220	-0.006932	0.063560	0.018024	0.019872	-0.020839
1782912877.440251	-0.100199	-0.027715	0.910864	-0.005248	-0.004144	0.065802	0.016423	0.009884	-0.072298
1782912877.492973	-0.100842	-0.024522	0.905855	-0.005604	-0.006578	0.070007	0.013772	0.003479	-0.079615
1782912877.545459	-0.101816	-0.020912	0.899382	-0.007565	-0.005612	0.074558	0.013211	-0.001999	-0.076276
1782912877.598267	-0.103045	-0.017080	0.892711	-0.011374	-0.003971	0.080500	0.017243	-0.002970	-0.058873
1782912877.650071	-0.103896	-0.014566	0.889890	-0.007728	-0.005587	0.082309	0.011932	-0.006581	-0.024213
1782912877.696806	-0.105035	-0.011604	0.888864	-0.002993	-0.005725	0.083510	0.012125	-0.004952	0.033271
1782912877.747983	-0.105964	-0.009329	0.889926	-0.007240	-0.004963	0.088040	0.005938	-0.000001	0.065731
1782912877.806803	-0.107062	-0.006381	0.893308	-0.000641	-0.005994	0.089954	0.009717	-0.005411	0.100160
1782912877.885116	-0.108494	-0.003910	0.897624	-0.002918	-0.005856	0.092850	0.007757	-0.006862	0.106779
1782912877.939882	-0.110119	-0.000946	0.903381	-0.001676	-0.004803	0.097242	0.002140	-0.016799	0.095630
1782912877.995789	-0.111109	0.000574	0.905813	0.004453	-0.003058	0.101743	0.005920	-0.024149	0.062691
1782912878.055008	-0.112229	0.001793	0.906443	-0.000764	-0.001598	0.106141	-0.001606	-0.030443	0.008707
1782912878.102574	-0.113202	0.002535	0.904560	-0.001749	0.000317	0.111956	0.007767	-0.038911	-0.012781
1782912878.152858	-0.113908	0.003031	0.901766	-0.002192	0.000274	0.115022	-0.002144	-0.043189	-0.043540
1782912878.198873	-0.114623	0.002995	0.897642	-0.005766	-0.000008	0.121434	0.001209	-0.050052	-0.039286
1782912878.246602	-0.115060	0.003057	0.894472	-0.005226	0.003441	0.125246	0.002833	-0.051695	-0.032615
1782912878.298686	-0.115493	0.002699	0.891764	-0.001197	0.002799	0.129574	0.008643	-0.054230	0.001648
1782912878.353613	-0.115901	0.002293	0.891103	0.000250	0.000319	0.132704	0.002661	-0.050290	0.028683
1782912878.405830	-0.115836	0.001455	0.892415	-0.004082	0.000969	0.136958	0.011055	-0.058197	0.068985
1782912878.462941	-0.115810	0.000523	0.895003	-0.005541	0.003460	0.138516	0.005098	-0.053035	0.079822
1782912878.512320	-0.115654	-0.000421	0.897756	-0.008226	0.002777	0.142535	0.007166	-0.059330	0.087705
1782912878.567716	-0.115118	-0.001777	0.901321	-0.008635	0.001661	0.145642	0.005847	-0.060761	0.084770
1782912878.640893	-0.114280	-0.004005	0.905321	-0.008553	0.001633	0.149883	0.012990	-0.067122	0.050152
1782912878.691103	-0.113654	-0.005744	0.906182	-0.011697	0.001187	0.152084	0.016154	-0.072467	0.021409
1782912878.738722	-0.112978	-0.007584	0.905664	-0.007016	0.000485	0.155126	0.013092	-0.072927	0.000176
1782912878.784423	-0.112148	-0.009740	0.904237	-0.010803	-0.001965	0.158760	0.008057	-0.072241	-0.015988
1782912878.833671	-0.111662	-0.011236	0.902572	-0.012770	-0.002056	0.161046	0.005535	-0.070750	-0.015128
1782912878.877248	-0.110939	-0.013257	0.901031	-0.011951	-0.002726	0.162926	0.007750	-0.071251	-0.016866
1782912878.955595	-0.110403	-0.014866	0.900050	-0.012412	-0.003030	0.165728	0.002998	-0.067466	0.008917
1782912879.009364	-0.109523	-0.017702	0.900459	-0.016267	-0.001117	0.166533	0.003266	-0.058748	0.032484
1782912879.135297	-0.108914	-0.019417	0.902230	-0.013942	0.000183	0.166297	0.002350	-0.054303	0.061852
1782912879.220707	-0.108228	-0.023419	0.910436	-0.012457	-0.002097	0.169631	0.000768	-0.043978	0.067789
1782912879.271959	-0.107987	-0.025267	0.915389	-0.013815	-0.004397	0.170850	-0.005778	-0.038042	0.072960
1782912879.326937	-0.108132	-0.026320	0.917718	-0.015088	-0.008064	0.170547	-0.006759	-0.034588	0.046424
1782912879.381507	-0.108337	-0.027709	0.919638	-0.015952	-0.007101	0.171829	-0.009574	-0.033152	0.012093
1782912879.434767	-0.108572	-0.028110	0.919743	-0.017485	-0.006273	0.172331	-0.012438	-0.027511	-0.005939
1782912879.482431	-0.109285	-0.029195	0.918346	-0.014384	-0.006738	0.174546	-0.019390	-0.022993	-0.041087
1782912879.532122	-0.109830	-0.029652	0.917194	-0.014488	-0.008578	0.175750	-0.020883	-0.021133	-0.038154
1782912879.594945	-0.111218	-0.030895	0.913289	-0.011000	-0.007257	0.176662	-0.027220	-0.018074	-0.039726
1782912879.650112	-0.112688	-0.031714	0.910427	-0.014288	-0.001995	0.176383	-0.032820	-0.011693	-0.020252
1782912879.701157	-0.113735	-0.032294	0.909069	-0.011259	-0.001064	0.174330	-0.029037	-0.010118	-0.002417
1782912879.755719	-0.114635	-0.032763	0.909045	-0.011260	0.001543	0.176876	-0.026804	-0.008666	0.019930
1782912879.810945	-0.115615	-0.033183	0.910149	-0.010883	0.004330	0.175217	-0.024729	-0.002682	0.025970
1782912879.861387	-0.116325	-0.033583	0.912197	-0.010299	0.008235	0.173950	-0.016611	-0.003399	0.034016
1782912879.913798	-0.116681	-0.034103	0.913717	-0.007740	0.007623	0.174035	-0.010853	-0.003501	0.029966
1782912879.965105	-0.116886	-0.034757	0.915918	-0.006698	0.007907	0.174210	-0.003953	-0.010896	0.032048
1782912880.022761	-0.116777	-0.035586	0.917317	-0.004123	0.008401	0.173470	0.003171	-0.013410	0.002020
1782912880.075852	-0.116366	-0.036404	0.917395	-0.001998	0.006053	0.175505	0.006302	-0.020843	-0.014193
1782912880.215430	-0.115435	-0.037798	0.917213	-0.003281	0.004249	0.174540	0.014539	-0.025984	-0.015036
1782912880.283772	-0.112377	-0.041348	0.913885	-0.009162	0.001436	0.172003	0.020243	-0.025022	-0.031158
1782912880.332861	-0.111006	-0.042742	0.912809	-0.008763	0.002349	0.171062	0.016212	-0.022327	-0.013559
1782912880.377389	-0.109501	-0.044076	0.912014	-0.008747	-0.001612	0.169858	0.024933	-0.022483	-0.005249
1782912880.420913	-0.108063	-0.045035	0.912172	-0.013757	-0.003324	0.167632	0.026385	-0.017099	-0.002979
1782912880.465616	-0.106950	-0.045776	0.912847	-0.015597	-0.002182	0.164889	0.020324	-0.011942	0.019343
1782912880.518830	-0.106131	-0.046259	0.913328	-0.013846	-0.005809	0.163787	0.026179	-0.008270	0.013224
1782912880.572243	-0.105001	-0.046601	0.914246	-0.016153	-0.005640	0.163316	0.015641	-0.000303	0.020237
1782912880.624652	-0.103756	-0.047091	0.915448	-0.016693	-0.009828	0.160871	0.013700	0.001993	0.021171
1782912880.678103	-0.102578	-0.047229	0.916660	-0.017813	-0.009708	0.156485	0.017170	0.006699	0.007882
1782912880.722857	-0.102186	-0.047202	0.916785	-0.019618	-0.008167	0.155873	0.008450	0.013760	-0.011510
1782912880.769001	-0.101907	-0.046918	0.916659	-0.017781	-0.008488	0.154627	0.009679	0.012124	-0.006738
1782912880.810306	-0.101798	-0.046574	0.916693	-0.016916	-0.008817	0.152403	0.007207	0.014865	-0.012504
1782912880.861019	-0.101872	-0.046195	0.916683	-0.011258	-0.008688	0.151590	0.004464	0.017457	-0.015724
1782912880.913397	-0.102104	-0.045937	0.916583	-0.009011	-0.006357	0.150352	-0.003448	0.019365	-0.013057
1782912880.964423	-0.102346	-0.045609	0.916237	-0.006948	-0.007753	0.148774	-0.002507	0.017535	-0.014734
1782912881.017018	-0.102808	-0.045048	0.916596	-0.006105	-0.005358	0.145171	-0.009467	0.020057	0.009228
1782912881.071550	-0.103472	-0.044812	0.917495	-0.008430	-0.004647	0.143300	-0.008192	0.017346	0.017894
1782912881.118660	-0.104052	-0.044555	0.918612	-0.007024	-0.003646	0.142067	-0.019507	0.019719	0.015899
1782912881.161616	-0.104853	-0.044374	0.919416	-0.007527	-0.003970	0.137615	-0.014540	0.017935	0.000261
1782912881.209043	-0.105214	-0.044598	0.919765	-0.005173	-0.002578	0.135567	-0.015364	0.012695	0.008570
1782912881.302113	-0.106153	-0.044489	0.920496	-0.004415	0.000691	0.135550	-0.019149	0.012138	0.008302
1782912881.360880	-0.107104	-0.044717	0.920197	-0.006891	0.002648	0.129990	-0.012370	0.009427	-0.018846
1782912881.414599	-0.107524	-0.045122	0.919217	-0.004598	0.001781	0.129569	-0.012725	0.004756	-0.017315
1782912881.463770	-0.107984	-0.045817	0.917783	-0.007445	0.002550	0.128783	-0.007412	0.003119	-0.028310
1782912881.522023	-0.108033	-0.046045	0.916844	-0.003860	0.003230	0.127484	-0.004997	0.003944	-0.038009
1782912881.565021	-0.108279	-0.046507	0.914826	-0.009852	0.000575	0.125433	-0.006910	0.001463	-0.024684
1782912881.615138	-0.108477	-0.046731	0.913898	-0.011774	0.000361	0.124260	-0.007342	0.004682	-0.030895
1782912881.661005	-0.108501	-0.047160	0.912955	-0.011648	-0.002349	0.122884	-0.006362	0.003350	-0.010996
1782912881.703152	-0.108609	-0.047428	0.913350	-0.009696	-0.003114	0.122884	-0.005007	0.007358	0.001541
1782912881.753220	-0.108749	-0.047582	0.914007	-0.007907	-0.000410	0.120769	-0.005125	0.007873	0.006047
1782912881.799739	-0.108900	-0.047653	0.914694	-0.012876	-0.000809	0.118113	-0.009135	0.007800	0.020339
1782912881.851261	-0.109081	-0.047616	0.915462	-0.013170	-0.002276	0.116227	-0.012957	0.014315	0.003648
1782912881.904922	-0.109332	-0.047708	0.916684	-0.010228	-0.004419	0.113297	-0.010680	0.013852	0.014772
1782912881.974691	-0.109669	-0.047761	0.917754	-0.013965	-0.000140	0.114694	-0.006412	0.010529	0.013771
1782912882.018273	-0.109761	-0.047648	0.918344	-0.011852	0.002148	0.112193	-0.014709	0.010825	0.003933
1782912882.066597	-0.109981	-0.047578	0.918279	-0.008699	0.000640	0.111522	-0.004736	0.006874	-0.001618
1782912882.158803	-0.109955	-0.047543	0.917967	-0.014152	0.002147	0.112667	-0.011888	0.010759	-0.015972
1782912882.233208	-0.110155	-0.047079	0.915665	-0.015460	-0.000042	0.111956	-0.001266	0.009101	-0.039271
1782912882.291178	-0.110040	-0.046713	0.913032	-0.016202	-0.001256	0.112108	-0.001797	0.009956	-0.040956
1782912882.373901	-0.109785	-0.046172	0.910663	-0.015626	-0.002455	0.109840	0.004083	0.009528	-0.036972
1782912882.442536	-0.109645	-0.045304	0.908730	-0.013356	-0.003339	0.108092	-0.002417	0.017664	-0.005674
1782912882.488773	-0.109397	-0.044204	0.909319	-0.015498	-0.001576	0.103625	-0.001789	0.024190	0.024161
1782912882.536723	-0.109298	-0.043404	0.911065	-0.012124	-0.002716	0.104294	0.001184	0.023211	0.045363
1782912882.594955	-0.109049	-0.042215	0.913436	-0.014504	-0.001668	0.102930	0.003102	0.024870	0.038936
1782912882.641069	-0.108666	-0.040931	0.916377	-0.015356	-0.002543	0.101927	0.002692	0.026225	0.051167
1782912882.688523	-0.108736	-0.040413	0.917533	-0.012731	-0.000825	0.099566	0.004824	0.028732	0.028640
1782912882.732641	-0.108137	-0.038539	0.919649	-0.015142	0.000140	0.100063	0.010919	0.024111	0.010259
1782912882.782098	-0.107929	-0.037606	0.919756	-0.009633	-0.004752	0.100193	0.011555	0.024708	-0.022298
1782912882.832799	-0.107716	-0.036401	0.918490	-0.005122	-0.004643	0.097849	0.010982	0.022792	-0.048778
1782912882.882452	-0.107331	-0.035278	0.916312	-0.010590	-0.003615	0.098115	0.009022	0.020262	-0.055096
1782912882.933293	-0.106990	-0.034262	0.913927	-0.006440	-0.003262	0.098308	0.004257	0.019114	-0.057459
1782912882.980708	-0.106348	-0.033217	0.911010	-0.004124	-0.003832	0.097302	0.010421	0.014422	-0.049269
1782912883.031808	-0.105831	-0.032721	0.909526	-0.003351	-0.001971	0.095566	0.005036	0.018248	-0.027704
1782912883.081434	-0.105313	-0.031769	0.909350	-0.006767	-0.005093	0.093723	0.011804	0.013394	0.000378
1782912883.129110	-0.104992	-0.031210	0.909919	-0.002995	-0.005389	0.094952	0.005593	0.013075	0.036285
1782912883.221888	-0.104577	-0.030464	0.911913	-0.008432	-0.005202	0.093354	0.008104	0.011795	0.032913
1782912883.285748	-0.104240	-0.029578	0.915150	-0.015029	-0.006960	0.088657	0.001683	0.010120	0.035196
1782912883.334936	-0.104389	-0.029008	0.916799	-0.012212	-0.005169	0.088025	0.000844	0.010577	0.019020
1782912883.378162	-0.104415	-0.028722	0.917099	-0.012687	-0.005010	0.087427	-0.004240	0.008026	-0.008299
1782912883.425633	-0.104646	-0.028549	0.916686	-0.009034	-0.005751	0.085699	-0.010749	0.006805	-0.023754
1782912883.525121	-0.104846	-0.028435	0.915204	-0.004116	-0.008103	0.085994	-0.009870	0.000629	-0.037730
1782912883.580852	-0.105485	-0.028865	0.910996	-0.009635	-0.003191	0.086818	-0.006786	-0.009817	-0.050516
1782912883.633815	-0.105807	-0.029121	0.908616	-0.002748	-0.004208	0.085823	-0.015661	-0.010393	-0.035582
1782912883.706526	-0.106624	-0.029874	0.906537	-0.008954	-0.000578	0.086172	-0.013241	-0.009553	-0.014384
1782912883.752691	-0.107215	-0.030204	0.906389	-0.010422	0.000583	0.087817	-0.015292	-0.011210	0.020522
1782912883.803208	-0.107380	-0.030380	0.906599	-0.013121	0.001228	0.087094	-0.010029	-0.007887	0.023511
1782912883.858827	-0.108039	-0.031245	0.908655	-0.009743	0.000414	0.086501	-0.011099	-0.007786	0.023851
1782912883.904840	-0.108325	-0.031740	0.910380	-0.011404	0.001103	0.084758	-0.013625	-0.004591	0.022198
1782912883.954142	-0.108803	-0.032110	0.912086	-0.012766	0.001209	0.085835	-0.012015	-0.009501	0.027291
1782912884.004160	-0.108825	-0.032435	0.913121	-0.014924	0.003453	0.085466	-0.015415	-0.005537	0.016777
1782912884.055376	-0.108902	-0.032704	0.913509	-0.013149	0.002595	0.085284	-0.004955	-0.008613	-0.007420
1782912884.101898	-0.109175	-0.032772	0.913041	-0.017621	0.000074	0.084175	-0.007452	-0.004554	-0.020304
1782912884.150960	-0.109168	-0.032801	0.912277	-0.016116	0.000072	0.086510	-0.004404	-0.004067	-0.029197
