时间(s)	位置x(m)	位置y(m)	位置z(m)	欧拉角roll(rad)	欧拉角pitch(rad)	欧拉角yaw(rad)	速度x(m/s)	速度y(m/s)	速度z(m/s)
1782895698.593880	-1.111818	-0.020805	1.292601	0.008003	-0.000008	0.015053	-0.005117	0.009442	0.001089
1782895698.596873	-1.111980	-0.020626	1.292562	0.009064	-0.000262	0.015532	-0.005117	0.009442	0.001089
1782895698.599806	-1.111980	-0.020626	1.292562	0.009064	-0.000262	0.015532	-0.005117	0.009442	0.001089
1782895698.610712	-1.111980	-0.020626	1.292562	0.009064	-0.000262	0.015532	-0.003229	0.009817	0.013159
1782895698.619780	-1.112051	-0.020575	1.292696	0.009381	-0.001280	0.015357	-0.003229	0.009817	0.013159
1782895698.630718	-1.112172	-0.020599	1.292677	0.008175	-0.001100	0.015581	-0.003229	0.009817	0.013159
1782895698.643468	-1.112475	-0.020473	1.292662	0.008102	-0.000725	0.020202	-0.001534	0.002291	0.010610
1782895698.650981	-1.112608	-0.020256	1.292822	0.008481	-0.001356	0.021801	-0.004347	0.009746	0.014215
1782895698.659855	-1.112766	-0.020222	1.292954	0.008567	0.000855	0.025151	-0.004347	0.009746	0.014215
1782895698.670120	-1.112904	-0.019860	1.293012	0.005244	0.003845	0.030208	-0.004347	0.009746	0.014215
1782895698.682496	-1.113171	-0.019504	1.293313	0.012165	0.003256	0.032043	0.000395	0.002111	0.026602
1782895698.690215	-1.113214	-0.019334	1.293454	0.011589	0.004080	0.034388	-0.005617	0.005798	0.017248
1782895698.699672	-1.113214	-0.019334	1.293454	0.011589	0.004080	0.034388	-0.005617	0.005798	0.017248
1782895698.710673	-1.113391	-0.019077	1.293577	0.011209	0.004186	0.038216	-0.004910	0.003523	0.040168
1782895698.719542	-1.113559	-0.018996	1.293792	0.006921	0.006374	0.040148	-0.004910	0.003523	0.040168
1782895698.729793	-1.113657	-0.018786	1.293986	0.007044	0.005979	0.043834	0.003910	0.001796	0.040996
1782895698.740008	-1.113969	-0.018548	1.294195	0.003437	0.006087	0.048495	0.003910	0.001796	0.040996
1782895698.751802	-1.114122	-0.018314	1.294663	0.001367	0.007185	0.050558	-0.001609	0.008320	0.029568
1782895698.759530	-1.114212	-0.018268	1.295088	0.003635	0.007075	0.052990	-0.001609	0.008320	0.029568
1782895698.769618	-1.114381	-0.018111	1.295371	0.006153	0.006923	0.056387	0.002944	0.007554	0.044532
1782895698.779554	-1.114351	-0.017666	1.295730	0.005315	0.007504	0.059485	0.002944	0.007554	0.044532
1782895698.793518	-1.114460	-0.017581	1.296067	0.004318	0.009273	0.061962	0.009841	0.005076	0.027125
1782895698.799797	-1.114462	-0.017515	1.296295	0.002472	0.010801	0.066049	0.009841	0.005076	0.027125
1782895698.810360	-1.114462	-0.017515	1.296295	0.002472	0.010801	0.066049	0.004149	0.008569	0.016361
1782895698.819597	-1.114661	-0.017207	1.296470	0.001890	0.009970	0.068717	0.004149	0.008569	0.016361
1782895698.830455	-1.114713	-0.017151	1.296687	0.004011	0.009103	0.073471	0.009305	0.005786	0.018661
1782895698.839441	-1.114856	-0.016851	1.296728	0.003098	0.008319	0.076099	0.009305	0.005786	0.018661
1782895698.852662	-1.114978	-0.016693	1.296892	0.006360	0.006999	0.077308	0.013918	0.003168	0.002682
1782895698.859848	-1.114980	-0.016376	1.297023	0.007258	0.008057	0.080217	0.013918	0.003168	0.002682
1782895698.869648	-1.114961	-0.016190	1.297264	0.004523	0.008704	0.083830	0.007701	0.012197	0.000598
1782895698.879534	-1.114961	-0.015999	1.297432	0.003979	0.008579	0.087286	0.007701	0.012197	0.000598
1782895698.889668	-1.115011	-0.015788	1.297373	0.003146	0.007893	0.091532	0.007701	0.012197	0.000598
1782895698.901150	-1.115011	-0.015788	1.297373	0.003146	0.007893	0.091532	0.015030	0.007813	0.010020
1782895698.910125	-1.115097	-0.015656	1.297379	0.003341	0.006023	0.094367	0.015030	0.007813	0.010020
1782895698.921293	-1.115078	-0.015382	1.297292	0.005695	0.005531	0.097399	0.015072	0.007023	-0.012603
1782895698.929803	-1.115135	-0.015254	1.297208	0.005891	0.004911	0.101314	0.015072	0.007023	-0.012603
1782895698.941735	-1.114982	-0.014984	1.297191	0.007493	0.004152	0.104285	0.010643	0.009961	0.000781
1782895698.950173	-1.114994	-0.014758	1.297081	0.005828	0.005098	0.107313	0.020238	0.004429	0.002591
1782895698.960553	-1.114995	-0.014518	1.297148	0.006154	0.005762	0.110078	0.020238	0.004429	0.002591
1782895698.971783	-1.114986	-0.014096	1.297127	0.002669	0.006416	0.112395	0.020238	0.004429	0.002591
1782895698.981477	-1.114840	-0.013751	1.297014	0.000158	0.006872	0.115542	0.015475	0.013618	-0.006678
1782895698.990489	-1.114927	-0.013533	1.297043	0.002924	0.005055	0.119633	0.020441	0.011409	0.012866
1782895698.999573	-1.114927	-0.013533	1.297043	0.002924	0.005055	0.119633	0.020441	0.011409	0.012866
1782895699.014559	-1.114788	-0.013297	1.296943	0.000901	0.005673	0.122217	0.023094	0.008972	-0.000024
1782895699.020292	-1.114671	-0.012979	1.296780	-0.000333	0.005963	0.127975	0.023094	0.008972	-0.000024
1782895699.030577	-1.114619	-0.012676	1.296787	0.001608	0.005788	0.129641	0.019531	0.013311	0.006782
1782895699.040030	-1.114588	-0.012451	1.296783	-0.002704	0.007440	0.132105	0.019531	0.013311	0.006782
1782895699.052397	-1.114503	-0.012147	1.296824	0.000704	0.006950	0.135990	0.027022	0.007617	0.012935
1782895699.083805	-1.114193	-0.011188	1.296896	0.002753	0.007412	0.146764	0.024220	0.013281	0.008272
1782895699.087361	-1.114193	-0.011188	1.296896	0.002753	0.007412	0.146764	0.029949	0.014791	0.022109
1782895699.090686	-1.114193	-0.011188	1.296896	0.002753	0.007412	0.146764	0.029949	0.014791	0.022109
1782895699.094074	-1.114193	-0.011188	1.296896	0.002753	0.007412	0.146764	0.029949	0.014791	0.022109
1782895699.099128	-1.113988	-0.010850	1.296936	0.002604	0.007630	0.149584	0.029949	0.014791	0.022109
1782895699.109599	-1.113823	-0.010633	1.297137	0.003354	0.007811	0.153283	0.029338	0.013240	0.017167
1782895699.120248	-1.113701	-0.010190	1.297311	0.004858	0.007066	0.157553	0.029338	0.013240	0.017167
1782895699.129270	-1.113636	-0.009967	1.297420	0.003351	0.007898	0.160071	0.032143	0.013575	0.021060
1782895699.139343	-1.113401	-0.009706	1.297617	0.003167	0.008056	0.162955	0.032143	0.013575	0.021060
1782895699.150321	-1.113327	-0.009392	1.297735	0.004425	0.007834	0.167834	0.032143	0.013575	0.021060
1782895699.159862	-1.112946	-0.009109	1.297911	0.007522	0.007635	0.170965	0.035654	0.012483	0.016477
1782895699.169901	-1.112860	-0.008634	1.298193	0.001354	0.007528	0.173766	0.032947	0.011620	0.017329
1782895699.180873	-1.112615	-0.008217	1.298359	0.001048	0.008174	0.176733	0.032947	0.011620	0.017329
1782895699.190951	-1.112381	-0.007963	1.298456	0.005788	0.008768	0.179893	0.042947	0.010145	0.016745
1782895699.199634	-1.112381	-0.007963	1.298456	0.005788	0.008768	0.179893	0.042947	0.010145	0.016745
1782895699.210627	-1.112213	-0.007712	1.298653	0.006083	0.008803	0.183072	0.039184	0.012154	-0.007178
1782895699.219860	-1.111935	-0.007365	1.298592	0.005383	0.007654	0.187895	0.039184	0.012154	-0.007178
1782895699.230310	-1.111755	-0.007131	1.298612	0.005309	0.006773	0.190609	0.039184	0.012154	-0.007178
1782895699.240987	-1.111547	-0.006920	1.298646	0.006769	0.006912	0.193816	0.035868	0.014228	0.002043
1782895699.249751	-1.111403	-0.006380	1.298805	0.004043	0.007122	0.197580	0.042701	0.007370	0.001017
1782895699.259922	-1.110991	-0.006002	1.298756	0.003707	0.007901	0.201133	0.042701	0.007370	0.001017
1782895699.270844	-1.110795	-0.005577	1.298910	0.007611	0.005878	0.203535	0.038800	0.009733	-0.007973
1782895699.280698	-1.110438	-0.005427	1.298918	0.009151	0.006289	0.206043	0.038800	0.009733	-0.007973
1782895699.290384	-1.110235	-0.004991	1.298893	0.006566	0.007154	0.209509	0.040419	0.010827	0.009521
1782895699.300470	-1.110235	-0.004991	1.298893	0.006566	0.007154	0.209509	0.040419	0.010827	0.009521
1782895699.310558	-1.109923	-0.004588	1.298798	0.007071	0.007666	0.213081	0.040419	0.010827	0.009521
1782895699.321703	-1.109653	-0.004415	1.298769	0.009646	0.005745	0.217273	0.041896	0.007393	0.007013
1782895699.330247	-1.109384	-0.004193	1.298908	0.008257	0.005349	0.221861	0.041896	0.007393	0.007013
1782895699.341141	-1.109066	-0.004046	1.298884	0.007216	0.004896	0.225972	0.042456	0.008634	0.013691
1782895699.350479	-1.108815	-0.003727	1.299062	0.009452	0.006135	0.228025	0.042456	0.008634	0.013691
1782895699.360026	-1.108456	-0.003298	1.299145	0.009222	0.005387	0.233145	0.044109	0.007672	0.007118
1782895699.369769	-1.108088	-0.002899	1.299259	0.010462	0.005363	0.234734	0.041593	0.007510	0.013051
1782895699.380041	-1.107902	-0.002675	1.299235	0.009031	0.005181	0.237416	0.041593	0.007510	0.013051
1782895699.391480	-1.107554	-0.002335	1.299213	0.010837	0.004259	0.242882	0.051017	0.001517	0.015812
1782895699.400865	-1.107554	-0.002335	1.299213	0.010837	0.004259	0.242882	0.051017	0.001517	0.015812
1782895699.410072	-1.107155	-0.002079	1.299310	0.010595	0.004427	0.246389	0.051017	0.001517	0.015812
1782895699.420528	-1.106780	-0.001831	1.299257	0.005185	0.005756	0.250294	0.047315	0.004442	-0.008723
1782895699.430914	-1.106397	-0.001473	1.299098	0.002946	0.004790	0.252394	0.047315	0.004442	-0.008723
1782895699.441691	-1.106068	-0.001237	1.299030	0.005607	0.004044	0.255913	0.048939	0.006252	-0.005795
1782895699.449811	-1.105778	-0.001007	1.299056	0.008201	0.003049	0.259215	0.054164	0.000183	-0.012423
1782895699.459758	-1.105422	-0.000844	1.298727	0.005687	0.004213	0.262870	0.054164	0.000183	-0.012423
1782895699.469991	-1.104881	-0.000527	1.298634	0.007367	0.004638	0.267221	0.050434	0.000760	-0.016479
1782895699.480026	-1.104554	-0.000199	1.298440	0.005335	0.005382	0.269943	0.050434	0.000760	-0.016479
1782895699.490380	-1.104256	-0.000007	1.298055	0.007355	0.004185	0.271551	0.050434	0.000760	-0.016479
1782895699.500223	-1.104256	-0.000007	1.298055	0.007355	0.004185	0.271551	0.055180	0.002510	-0.014984
1782895699.509641	-1.103858	0.000258	1.297997	0.007337	0.003119	0.275511	0.055180	0.002510	-0.014984
1782895699.520583	-1.103363	0.000495	1.297799	0.007785	0.003612	0.278148	0.046423	0.002930	-0.017958
1782895699.529754	-1.103050	0.000702	1.297617	0.010330	0.003603	0.280940	0.046423	0.002930	-0.017958
1782895699.540385	-1.102774	0.001050	1.297401	0.007000	0.001954	0.286447	0.051138	0.001128	-0.003089
1782895699.553183	-1.102349	0.001285	1.297276	0.004347	0.002266	0.289424	0.050891	0.000227	-0.017461
1782895699.560209	-1.101968	0.001459	1.297261	0.002590	0.001515	0.292624	0.050891	0.000227	-0.017461
1782895699.571118	-1.101633	0.001626	1.296876	0.006242	0.000816	0.295376	0.048727	0.002280	-0.002649
1782895699.580600	-1.101139	0.002061	1.296872	0.008672	0.000887	0.299132	0.048727	0.002280	-0.002649
1782895699.590338	-1.100808	0.002165	1.296759	0.008010	0.000786	0.302898	0.048727	0.002280	-0.002649
1782895699.600235	-1.100362	0.002446	1.296578	0.009056	0.000996	0.304902	0.049592	-0.003167	-0.003436
1782895699.609622	-1.100362	0.002446	1.296578	0.009056	0.000996	0.304902	0.049592	-0.003167	-0.003436
1782895699.619884	-1.099938	0.002588	1.296454	0.005174	0.003092	0.307875	0.049570	-0.001907	0.004261
1782895699.629580	-1.099480	0.002981	1.296424	0.007156	0.003044	0.311934	0.049570	-0.001907	0.004261
1782895699.642615	-1.099063	0.003251	1.296436	0.007258	0.002048	0.315456	0.050840	-0.000985	0.002548
1782895699.650238	-1.098637	0.003233	1.296137	0.006574	0.002213	0.318587	0.049802	-0.002439	0.014310
1782895699.659697	-1.098364	0.003607	1.296277	0.006351	0.001854	0.321332	0.049802	-0.002439	0.014310
1782895699.669633	-1.097996	0.003781	1.296356	0.010221	0.001301	0.324328	0.057893	-0.009132	0.010689
1782895699.681972	-1.097474	0.003914	1.296492	0.010794	0.000835	0.326763	0.057893	-0.009132	0.010689
1782895699.690337	-1.097150	0.004087	1.296336	0.005813	-0.000690	0.331937	0.053232	-0.005100	-0.002799
1782895699.700237	-1.097150	0.004087	1.296336	0.005813	-0.000690	0.331937	0.053232	-0.005100	-0.002799
1782895699.710078	-1.096709	0.004462	1.296246	0.007120	-0.000939	0.335518	0.053232	-0.005100	-0.002799
1782895699.720512	-1.096417	0.004585	1.296244	0.004914	-0.000010	0.338233	0.057686	-0.008622	0.010919
1782895699.730828	-1.096010	0.004696	1.296258	0.003678	0.000304	0.342428	0.057686	-0.008622	0.010919
1782895699.740983	-1.095639	0.004789	1.296306	0.005925	0.000194	0.345453	0.057445	-0.010923	0.000713
1782895699.750126	-1.095241	0.004900	1.296152	0.004131	0.000388	0.347612	0.061225	-0.010351	0.005722
1782895699.759799	-1.094820	0.005192	1.296224	0.005740	-0.000271	0.350350	0.061225	-0.010351	0.005722
1782895699.770164	-1.094180	0.005457	1.296293	0.005127	0.000273	0.354477	0.056146	-0.010914	-0.005613
1782895699.780359	-1.093892	0.005784	1.296284	0.002790	0.000736	0.358052	0.056146	-0.010914	-0.005613
1782895699.789755	-1.093588	0.005907	1.296303	0.004860	-0.000757	0.360587	0.056146	-0.010914	-0.005613
1782895699.801353	-1.093588	0.005907	1.296303	0.004860	-0.000757	0.360587	0.055604	-0.011919	0.004430
1782895699.810150	-1.093183	0.005932	1.296326	0.005722	0.000262	0.362964	0.055604	-0.011919	0.004430
1782895699.819793	-1.092758	0.006025	1.296262	0.007473	-0.000686	0.366872	0.056594	-0.014881	-0.007932
1782895699.829907	-1.092234	0.006188	1.296141	0.007703	-0.001506	0.369109	0.049827	-0.008755	-0.006050
1782895699.839891	-1.091766	0.006234	1.296200	0.007373	-0.002394	0.373886	0.049827	-0.008755	-0.006050
1782895699.851154	-1.091422	0.006472	1.296287	0.010764	-0.003702	0.377062	0.053022	-0.015848	0.003471
1782895699.860967	-1.091097	0.006520	1.296232	0.011924	-0.003643	0.379058	0.053022	-0.015848	0.003471
1782895699.870071	-1.090682	0.006639	1.296211	0.009220	-0.003480	0.382094	0.047715	-0.014606	0.004456
1782895699.881010	-1.090269	0.006761	1.296094	0.007119	-0.004294	0.385671	0.047715	-0.014606	0.004456
1782895699.890692	-1.089894	0.006987	1.296222	0.005030	-0.003589	0.388283	0.047715	-0.014606	0.004456
1782895699.911128	-1.089442	0.006961	1.296182	0.006370	-0.003481	0.391824	0.049407	-0.015461	0.004821
1782895699.930292	-1.089152	0.007099	1.296036	0.009470	-0.004053	0.394299	0.044771	-0.014626	0.002253
1782895699.936156	-1.088690	0.007278	1.296016	0.007759	-0.002808	0.397070	0.050668	-0.019387	0.013424
1782895699.939619	-1.088301	0.007508	1.295897	0.005500	-0.001037	0.400064	0.050668	-0.019387	0.013424
1782895699.945093	-1.088301	0.007508	1.295897	0.005500	-0.001037	0.400064	0.050668	-0.019387	0.013424
1782895699.950634	-1.087881	0.007502	1.295768	0.006685	-0.002507	0.402970	0.048564	-0.015718	-0.012672
1782895699.959854	-1.087523	0.007659	1.295684	0.008511	-0.003200	0.405756	0.048564	-0.015718	-0.012672
1782895699.969603	-1.087237	0.007635	1.295610	0.009425	-0.004011	0.408652	0.046651	-0.014865	-0.001791
1782895699.979929	-1.086939	0.007673	1.295396	0.007679	-0.004764	0.411642	0.046651	-0.014865	-0.001791
1782895699.989563	-1.086377	0.007741	1.295279	0.003161	-0.003289	0.415687	0.046651	-0.014865	-0.001791
1782895699.999408	-1.086377	0.007741	1.295279	0.003161	-0.003289	0.415687	0.049860	-0.020730	-0.012040
1782895700.010914	-1.086034	0.007829	1.295109	0.004468	-0.002361	0.417953	0.046345	-0.018000	-0.014225
1782895700.019556	-1.085724	0.007823	1.294796	0.009347	-0.003707	0.422243	0.046345	-0.018000	-0.014225
1782895700.029692	-1.085452	0.007996	1.294589	0.009921	-0.003645	0.424201	0.046345	-0.018000	-0.014225
1782895700.040549	-1.085070	0.008053	1.294548	0.010759	-0.003246	0.427053	0.049398	-0.020703	-0.016156
1782895700.049264	-1.084695	0.008066	1.294327	0.010020	-0.001406	0.429342	0.043729	-0.018919	-0.011260
1782895700.059924	-1.084208	0.008237	1.294057	0.007570	-0.001344	0.431556	0.043729	-0.018919	-0.011260
1782895700.070112	-1.083870	0.008259	1.293996	0.008123	-0.001325	0.434738	0.050473	-0.023126	-0.007608
1782895700.082023	-1.083574	0.008314	1.293976	0.003713	-0.000836	0.437499	0.050473	-0.023126	-0.007608
1782895700.093233	-1.083252	0.008376	1.293814	0.005650	-0.000851	0.440296	0.043872	-0.019840	-0.022206
1782895700.100366	-1.083252	0.008376	1.293814	0.005650	-0.000851	0.440296	0.043872	-0.019840	-0.022206
1782895700.110306	-1.082858	0.008284	1.293631	0.007964	-0.001930	0.444173	0.043872	-0.019840	-0.022206
1782895700.120910	-1.082603	0.008400	1.293642	0.007066	-0.002850	0.446082	0.045542	-0.023550	0.003703
1782895700.130701	-1.082182	0.008494	1.293422	0.011029	-0.003253	0.449732	0.045542	-0.023550	0.003703
1782895700.140829	-1.081887	0.008291	1.293467	0.011690	-0.003786	0.454615	0.042966	-0.025491	-0.005292
1782895700.150243	-1.081621	0.008385	1.293467	0.004717	-0.002663	0.456525	0.042966	-0.025491	-0.005292
1782895700.159188	-1.081406	0.008516	1.293484	0.010405	-0.002757	0.458071	0.042011	-0.021392	0.010945
1782895700.169308	-1.081125	0.008399	1.293347	0.010822	-0.001783	0.461485	0.037048	-0.023453	0.016199
1782895700.179193	-1.080607	0.008486	1.293618	0.010006	-0.002265	0.465179	0.037048	-0.023453	0.016199
1782895700.189607	-1.080274	0.008675	1.293872	0.009317	-0.001215	0.465982	0.037048	-0.023453	0.016199
1782895700.199987	-1.080274	0.008675	1.293872	0.009317	-0.001215	0.465982	0.040724	-0.023267	0.029056
1782895700.209924	-1.079900	0.008573	1.293969	0.011807	-0.002554	0.470133	0.036996	-0.020351	0.013168
1782895700.219374	-1.079726	0.008701	1.294210	0.008591	-0.002256	0.472943	0.036996	-0.020351	0.013168
1782895700.229177	-1.079382	0.008742	1.294325	0.010242	-0.001856	0.474190	0.038049	-0.021952	0.028093
1782895700.239564	-1.078922	0.008763	1.294555	0.006362	-0.001733	0.477836	0.038049	-0.021952	0.028093
1782895700.250393	-1.078611	0.008712	1.294572	0.007292	-0.000443	0.478650	0.038049	-0.021952	0.028093
1782895700.259210	-1.078388	0.008748	1.294674	0.008951	-0.000824	0.481526	0.041534	-0.026682	0.021382
1782895700.271250	-1.078080	0.008790	1.294783	0.010266	-0.000796	0.484784	0.039450	-0.019898	0.016862
1782895700.279907	-1.077776	0.008718	1.294960	0.009484	-0.001640	0.488131	0.039450	-0.019898	0.016862
1782895700.290416	-1.077497	0.008842	1.295033	0.007764	-0.001397	0.491364	0.039450	-0.019898	0.016862
1782895700.301400	-1.077497	0.008842	1.295033	0.007764	-0.001397	0.491364	0.044515	-0.025689	0.020259
1782895700.309540	-1.077219	0.008918	1.295125	0.008193	-0.000890	0.494182	0.044515	-0.025689	0.020259
1782895700.319662	-1.077010	0.009085	1.295267	0.006726	0.000636	0.496385	0.044515	-0.025689	0.020259
1782895700.329599	-1.076713	0.009050	1.295439	0.004751	0.000738	0.499228	0.042496	-0.024250	0.022333
1782895700.339565	-1.076213	0.009051	1.295628	0.003365	0.001259	0.502475	0.048033	-0.025912	0.020713
1782895700.352028	-1.075913	0.009208	1.295896	0.003900	0.001939	0.504481	0.042863	-0.023511	0.012518
1782895700.359627	-1.075639	0.009219	1.296033	0.004242	0.001896	0.505682	0.042863	-0.023511	0.012518
1782895700.369793	-1.075310	0.009276	1.296233	0.007496	0.000726	0.508782	0.045857	-0.024516	0.020349
1782895700.379953	-1.074907	0.009358	1.296421	0.007936	0.000658	0.511045	0.045857	-0.024516	0.020349
1782895700.390085	-1.074639	0.009353	1.296358	0.005783	0.000045	0.513436	0.045857	-0.024516	0.020349
1782895700.400208	-1.074639	0.009353	1.296358	0.005783	0.000045	0.513436	0.048482	-0.025638	0.002883
1782895700.410416	-1.074361	0.009325	1.296459	0.006085	0.000020	0.516406	0.048482	-0.025638	0.002883
1782895700.419832	-1.073992	0.009488	1.296333	0.005720	-0.000671	0.519461	0.040405	-0.019014	-0.004186
1782895700.429619	-1.073656	0.009679	1.296438	0.003561	0.000107	0.521313	0.040405	-0.019014	-0.004186
1782895700.439607	-1.073250	0.009640	1.296358	0.008927	-0.000311	0.523174	0.042928	-0.023628	0.008297
1782895700.450399	-1.072939	0.009635	1.296334	0.007341	-0.000433	0.526901	0.041868	-0.024675	-0.004849
1782895700.460394	-1.072722	0.009925	1.296225	0.008467	0.000272	0.528463	0.041868	-0.024675	-0.004849
1782895700.470374	-1.072441	0.010107	1.296223	0.004679	0.000748	0.530024	0.039102	-0.020040	0.001004
1782895700.480097	-1.072218	0.010034	1.296186	0.003364	0.000669	0.533558	0.039102	-0.020040	0.001004
1782895700.490050	-1.071727	0.010023	1.296129	-0.000079	0.002454	0.536932	0.039102	-0.020040	0.001004
1782895700.499820	-1.071727	0.010023	1.296129	-0.000079	0.002454	0.536932	0.041511	-0.021809	0.001529
1782895700.511211	-1.071457	0.010291	1.296119	0.001921	0.002015	0.540143	0.041511	-0.021809	0.001529
1782895700.520268	-1.071129	0.010369	1.295886	0.002660	0.001472	0.542331	0.037098	-0.021619	0.005094
1782895700.530068	-1.070946	0.010438	1.295906	0.006056	0.001700	0.543537	0.044238	-0.024921	0.008520
1782895700.540478	-1.070532	0.010418	1.295924	0.006930	0.001363	0.546514	0.044238	-0.024921	0.008520
1782895700.550456	-1.070053	0.010500	1.295996	0.009176	0.000892	0.548629	0.044238	-0.024921	0.008520
1782895700.560467	-1.069779	0.010555	1.295943	0.007685	-0.000171	0.550090	0.040296	-0.021505	-0.005029
1782895700.579246	-1.069419	0.010741	1.295648	0.010178	0.000832	0.551983	0.041787	-0.021981	0.008802
1782895700.582577	-1.069198	0.010966	1.295621	0.008770	0.000914	0.554205	0.041787	-0.021981	0.008802
1782895700.589432	-1.069198	0.010966	1.295621	0.008770	0.000914	0.554205	0.041787	-0.021981	0.008802
1782895700.600439	-1.068795	0.010974	1.295553	0.007431	0.000654	0.557944	0.050485	-0.027713	0.002970
1782895700.609571	-1.068390	0.011161	1.295449	0.003285	0.000759	0.560454	0.050485	-0.027713	0.002970
1782895700.620003	-1.068176	0.011276	1.295309	0.008846	0.000088	0.562352	0.045921	-0.021959	-0.007802
1782895700.629763	-1.067903	0.011468	1.295116	0.003846	0.001527	0.564509	0.049031	-0.023911	0.006441
1782895700.639480	-1.067546	0.011475	1.295133	0.004098	0.000542	0.566983	0.049031	-0.023911	0.006441
1782895700.649861	-1.067136	0.011636	1.295122	0.000494	0.001466	0.569627	0.049031	-0.023911	0.006441
1782895700.659446	-1.066773	0.011858	1.295282	0.001825	-0.000281	0.571654	0.049443	-0.027304	-0.003011
1782895700.671407	-1.066484	0.012081	1.295222	0.002922	-0.001240	0.572625	0.049540	-0.024613	0.003488
1782895700.682126	-1.066120	0.012122	1.295221	0.004673	-0.002374	0.574903	0.049540	-0.024613	0.003488
1782895700.689085	-1.065691	0.012093	1.295040	0.006719	-0.001382	0.577142	0.049540	-0.024613	0.003488
1782895700.699166	-1.065691	0.012093	1.295040	0.006719	-0.001382	0.577142	0.048774	-0.024251	-0.000460
1782895700.709208	-1.065362	0.012210	1.294868	0.009139	-0.002796	0.581580	0.048774	-0.024251	-0.000460
1782895700.719194	-1.064994	0.012438	1.294972	0.007816	-0.002724	0.583866	0.045682	-0.023955	0.008884
1782895700.729677	-1.064858	0.012631	1.295025	0.005877	-0.002897	0.585927	0.045682	-0.023955	0.008884
1782895700.739151	-1.064475	0.012687	1.295133	0.003498	-0.003333	0.587669	0.050338	-0.025076	0.006042
1782895700.749165	-1.064152	0.012828	1.295040	-0.000292	-0.003438	0.589915	0.040880	-0.019131	-0.005632
1782895700.759324	-1.063767	0.012918	1.294997	0.001045	-0.003588	0.592937	0.040880	-0.019131	-0.005632
1782895700.770535	-1.063516	0.013132	1.295118	0.002447	-0.003180	0.593451	0.042371	-0.022209	0.013154
1782895700.780523	-1.063092	0.013318	1.295118	0.003385	-0.003704	0.596584	0.042371	-0.022209	0.013154
1782895700.789787	-1.062965	0.013426	1.295144	0.004572	-0.003597	0.597861	0.043075	-0.025028	0.003573
1782895700.799633	-1.062702	0.013529	1.295218	0.005733	-0.004457	0.599737	0.043075	-0.025028	0.003573
1782895700.809776	-1.062702	0.013529	1.295218	0.005733	-0.004457	0.599737	0.043075	-0.025028	0.003573
1782895700.820745	-1.062325	0.013586	1.295223	0.006363	-0.005087	0.602516	0.039395	-0.019679	0.007586
1782895700.830105	-1.061988	0.013672	1.295233	0.006508	-0.005346	0.604874	0.039395	-0.019679	0.007586
1782895700.839856	-1.061780	0.013713	1.295370	0.003340	-0.005363	0.607821	0.042762	-0.024202	0.014567
1782895700.849946	-1.061462	0.013866	1.295435	0.002186	-0.004261	0.609699	0.042762	-0.024202	0.014567
1782895700.859757	-1.061136	0.014090	1.295520	0.003965	-0.004463	0.613283	0.042762	-0.024202	0.014567
1782895700.869634	-1.060821	0.014228	1.295877	0.006460	-0.005368	0.614956	0.039100	-0.020946	0.019656
1782895700.881115	-1.060415	0.014442	1.296002	0.007502	-0.005202	0.616509	0.044398	-0.022588	0.013689
1782895700.892008	-1.060234	0.014674	1.296102	0.006490	-0.004021	0.617803	0.044398	-0.022588	0.013689
1782895700.899494	-1.060234	0.014674	1.296102	0.006490	-0.004021	0.617803	0.036169	-0.020397	0.011936
1782895700.910485	-1.059856	0.014874	1.296226	0.002796	-0.004393	0.619539	0.041610	-0.023791	0.022052
1782895700.920008	-1.059512	0.015037	1.296277	0.004901	-0.003681	0.622028	0.041610	-0.023791	0.022052
1782895700.929837	-1.059316	0.015156	1.296355	0.004780	-0.004480	0.623517	0.041610	-0.023791	0.022052
1782895700.940256	-1.059022	0.015293	1.296499	0.000889	-0.003655	0.626431	0.043035	-0.025473	0.008029
1782895700.950647	-1.058695	0.015369	1.296443	0.001283	-0.003388	0.629633	0.043035	-0.025473	0.008029
1782895700.959602	-1.058422	0.015514	1.296315	0.007871	-0.004731	0.631283	0.036320	-0.019215	0.007628
1782895700.969690	-1.058247	0.015562	1.296354	0.007457	-0.004102	0.633699	0.040801	-0.024186	0.015546
1782895700.979599	-1.057981	0.015677	1.296395	0.004414	-0.003809	0.636586	0.040801	-0.024186	0.015546
1782895700.990216	-1.057624	0.016012	1.296634	0.008043	-0.002472	0.637739	0.036334	-0.023800	0.007346
1782895700.999729	-1.057264	0.016145	1.296742	0.009873	-0.002424	0.638653	0.036334	-0.023800	0.007346
1782895701.009696	-1.057264	0.016145	1.296742	0.009873	-0.002424	0.638653	0.036334	-0.023800	0.007346
1782895701.019545	-1.056976	0.016435	1.296880	0.008839	-0.003159	0.641339	0.038410	-0.021008	0.014204
1782895701.029910	-1.056686	0.016589	1.296860	0.004123	-0.000781	0.642872	0.038410	-0.021008	0.014204
1782895701.040172	-1.056343	0.016675	1.296768	0.007088	-0.003085	0.645043	0.046040	-0.023674	-0.002796
1782895701.050210	-1.056126	0.016749	1.296833	0.004304	-0.003021	0.647189	0.037286	-0.020531	-0.004721
1782895701.060020	-1.055700	0.016726	1.296765	0.004664	-0.004077	0.650884	0.037286	-0.020531	-0.004721
1782895701.070182	-1.055476	0.016995	1.296794	0.004624	-0.004349	0.653337	0.040509	-0.022661	0.001484
1782895701.080175	-1.055170	0.017250	1.296595	0.006256	-0.004596	0.653587	0.040509	-0.022661	0.001484
1782895701.092439	-1.055170	0.017250	1.296595	0.006256	-0.004596	0.653587	0.040509	-0.022661	0.001484
1782895701.100021	-1.054981	0.017347	1.296509	0.006294	-0.004891	0.656086	0.039405	-0.024566	-0.011091
1782895701.111058	-1.054692	0.017621	1.296481	0.006375	-0.004770	0.657554	0.039405	-0.024566	-0.011091
1782895701.119663	-1.054483	0.017740	1.296400	0.007954	-0.003691	0.657825	0.032228	-0.019018	-0.007870
1782895701.130885	-1.054154	0.017850	1.296337	0.008285	-0.004370	0.660873	0.032228	-0.019018	-0.007870
1782895701.143926	-1.053942	0.017954	1.296262	0.009119	-0.004655	0.662700	0.035408	-0.025052	-0.004096
1782895701.151394	-1.053549	0.018119	1.296006	0.010765	-0.004931	0.664908	0.035408	-0.025052	-0.004096
1782895701.161369	-1.053273	0.018210	1.295930	0.010592	-0.005400	0.667441	0.030513	-0.023671	-0.000985
1782895701.169716	-1.052958	0.018381	1.295774	0.012526	-0.006238	0.670331	0.034823	-0.024955	0.005086
1782895701.179979	-1.052608	0.018495	1.295645	0.014907	-0.005131	0.671928	0.034823	-0.024955	0.005086
1782895701.191471	-1.052295	0.018525	1.295547	0.011568	-0.004557	0.674175	0.029505	-0.023072	-0.004214
1782895701.199891	-1.052295	0.018525	1.295547	0.011568	-0.004557	0.674175	0.029505	-0.023072	-0.004214
1782895701.211884	-1.051954	0.018670	1.295481	0.011020	-0.004743	0.675036	0.032701	-0.026204	0.009315
1782895701.219291	-1.051635	0.018794	1.295354	0.008844	-0.003914	0.675499	0.032701	-0.026204	0.009315
1782895701.229295	-1.051413	0.019043	1.295359	0.008344	-0.002016	0.677545	0.032701	-0.026204	0.009315
1782895701.239369	-1.051152	0.019192	1.295369	0.009748	-0.003495	0.680108	0.037268	-0.030651	0.003502
1782895701.249219	-1.050855	0.019168	1.295412	0.007935	-0.003285	0.682511	0.032070	-0.025035	0.001509
1782895701.259719	-1.050572	0.019311	1.295385	0.009043	-0.003589	0.684942	0.032070	-0.025035	0.001509
1782895701.269617	-1.050354	0.019413	1.295404	0.007333	-0.003295	0.686040	0.036205	-0.029918	0.009922
1782895701.279395	-1.049965	0.019460	1.295299	0.005924	-0.004753	0.689033	0.036205	-0.029918	0.009922
1782895701.289358	-1.049787	0.019626	1.295347	0.005192	-0.004357	0.691703	0.036205	-0.029918	0.009922
1782895701.299267	-1.049787	0.019626	1.295347	0.005192	-0.004357	0.691703	0.031965	-0.029190	0.010509
1782895701.309686	-1.049382	0.019639	1.295449	0.007358	-0.003534	0.693981	0.037400	-0.030150	0.014138
1782895701.320337	-1.049116	0.019803	1.295517	0.004499	-0.002607	0.695673	0.037400	-0.030150	0.014138
1782895701.330442	-1.048780	0.020001	1.295324	0.005543	-0.003477	0.698077	0.037400	-0.030150	0.014138
1782895701.339634	-1.048647	0.020204	1.295259	0.008265	-0.003151	0.699279	0.030161	-0.027050	0.004249
1782895701.350567	-1.048259	0.020374	1.295344	0.009466	-0.002952	0.701394	0.030161	-0.027050	0.004249
1782895701.359514	-1.047887	0.020448	1.295486	0.009137	-0.002351	0.703706	0.032802	-0.029526	0.015376
1782895701.370216	-1.047630	0.020391	1.295492	0.011498	-0.002967	0.705556	0.034392	-0.031766	0.000366
1782895701.380915	-1.047518	0.020594	1.295491	0.008848	-0.001958	0.706694	0.034392	-0.031766	0.000366
1782895701.390761	-1.047190	0.020664	1.295489	0.006589	-0.001603	0.708536	0.034392	-0.031766	0.000366
1782895701.399616	-1.047190	0.020664	1.295489	0.006589	-0.001603	0.708536	0.030932	-0.026538	0.001947
1782895701.410496	-1.046873	0.020647	1.295500	0.008407	-0.002758	0.711600	0.030932	-0.026538	0.001947
1782895701.419537	-1.046592	0.020660	1.295512	0.007542	-0.003217	0.715393	0.034324	-0.031726	0.000877
1782895701.429991	-1.046224	0.020785	1.295402	0.008241	-0.003636	0.716530	0.034324	-0.031726	0.000877
1782895701.440277	-1.045913	0.020906	1.295344	0.004584	-0.003157	0.718879	0.030590	-0.030978	0.003626
1782895701.450142	-1.045735	0.021037	1.295377	0.004162	-0.003080	0.720751	0.036675	-0.034117	-0.004587
1782895701.460388	-1.045445	0.021172	1.295443	0.008424	-0.004257	0.722534	0.036675	-0.034117	-0.004587
1782895701.469739	-1.045141	0.021381	1.295437	0.005994	-0.002484	0.724795	0.027576	-0.028663	-0.009382
1782895701.481503	-1.044758	0.021470	1.295437	0.006772	-0.003362	0.726128	0.027576	-0.028663	-0.009382
1782895701.491649	-1.044447	0.021515	1.295372	0.007059	-0.002213	0.729199	0.031438	-0.033986	0.007027
1782895701.499546	-1.044447	0.021515	1.295372	0.007059	-0.002213	0.729199	0.031438	-0.033986	0.007027
1782895701.509766	-1.044247	0.021541	1.295272	0.005227	-0.002324	0.730247	0.031438	-0.033986	0.007027
1782895701.520020	-1.044003	0.021649	1.295213	0.009655	-0.002740	0.731238	0.027545	-0.033861	0.002153
1782895701.531312	-1.043672	0.021664	1.295204	0.008663	-0.003268	0.734594	0.027545	-0.033861	0.002153
1782895701.540199	-1.043432	0.021860	1.295317	0.008297	-0.003430	0.737760	0.029023	-0.032943	0.012810
1782895701.550624	-1.043129	0.021774	1.295365	0.006116	-0.002287	0.739084	0.023202	-0.032107	0.000579
1782895701.559918	-1.043001	0.021870	1.295208	0.008076	-0.005164	0.741539	0.023202	-0.032107	0.000579
1782895701.570581	-1.042651	0.021978	1.295316	0.006243	-0.005715	0.744610	0.023885	-0.032581	0.016648
1782895701.579708	-1.042353	0.021988	1.295229	0.006617	-0.004920	0.745956	0.023885	-0.032581	0.016648
1782895701.589921	-1.042012	0.022122	1.295330	0.005720	-0.003094	0.748564	0.023885	-0.032581	0.016648
1782895701.600204	-1.041823	0.022264	1.295212	0.009100	-0.003108	0.750940	0.027210	-0.035048	0.006510
1782895701.611307	-1.041823	0.022264	1.295212	0.009100	-0.003108	0.750940	0.027210	-0.035048	0.006510
1782895701.619909	-1.041541	0.022221	1.295216	0.009130	-0.003742	0.751636	0.025061	-0.030445	0.005850
1782895701.630374	-1.041256	0.022371	1.295292	0.007543	-0.003280	0.753683	0.025061	-0.030445	0.005850
1782895701.641057	-1.040990	0.022392	1.295266	0.006965	-0.003419	0.754935	0.027387	-0.033498	0.000715
1782895701.652073	-1.040712	0.022381	1.295272	0.007601	-0.003634	0.756978	0.027387	-0.033498	0.000715
1782895701.659770	-1.040464	0.022518	1.295256	0.006039	-0.002685	0.759125	0.024049	-0.032319	0.003511
1782895701.672280	-1.040207	0.022564	1.295069	0.009443	-0.004605	0.761030	0.031714	-0.037754	0.000770
1782895701.679432	-1.040008	0.022463	1.294983	0.008124	-0.005249	0.764335	0.031714	-0.037754	0.000770
1782895701.689813	-1.039741	0.022565	1.294925	0.004977	-0.005801	0.767565	0.031714	-0.037754	0.000770
1782895701.700458	-1.039741	0.022565	1.294925	0.004977	-0.005801	0.767565	0.025600	-0.032772	-0.012978
1782895701.709868	-1.039426	0.022584	1.294890	0.007659	-0.005561	0.768673	0.027171	-0.033278	0.005363
1782895701.719683	-1.039145	0.022629	1.294638	0.007395	-0.006230	0.771551	0.027171	-0.033278	0.005363
1782895701.729767	-1.039032	0.022787	1.294720	0.005520	-0.007411	0.773095	0.027171	-0.033278	0.005363
1782895701.739798	-1.038745	0.022686	1.294657	0.005961	-0.008006	0.774695	0.023274	-0.034514	-0.006466
1782895701.751214	-1.038555	0.022745	1.294684	0.004376	-0.007270	0.776939	0.025147	-0.033110	0.004494
1782895701.760117	-1.038441	0.022765	1.294698	0.004003	-0.007116	0.777758	0.025147	-0.033110	0.004494
1782895701.770991	-1.038210	0.022839	1.294638	0.002837	-0.005881	0.780181	0.019265	-0.031272	-0.011106
1782895701.779800	-1.038061	0.022918	1.294597	0.006074	-0.006648	0.782404	0.019265	-0.031272	-0.011106
1782895701.789734	-1.037855	0.022963	1.294460	0.005326	-0.007054	0.783764	0.019265	-0.031272	-0.011106
1782895701.799675	-1.037855	0.022963	1.294460	0.005326	-0.007054	0.783764	0.016425	-0.031619	0.008612
1782895701.810674	-1.037491	0.022912	1.294467	0.003265	-0.007918	0.789362	0.016425	-0.031619	0.008612
1782895701.820020	-1.037491	0.022912	1.294467	0.003265	-0.007918	0.789362	0.019123	-0.035892	0.001826
1782895701.830224	-1.037286	0.022978	1.294458	0.004417	-0.007698	0.790007	0.019123	-0.035892	0.001826
1782895701.840545	-1.037058	0.023041	1.294589	0.005220	-0.007322	0.792872	0.016084	-0.030437	0.004413
1782895701.851024	-1.036934	0.023052	1.294554	0.000937	-0.007313	0.794694	0.016084	-0.030437	0.004413
1782895701.860510	-1.036733	0.022936	1.294690	0.002771	-0.005990	0.796493	0.016444	-0.033305	0.003367
1782895701.869907	-1.036551	0.022857	1.294756	0.000602	-0.005017	0.798808	0.012689	-0.031752	0.013171
1782895701.879683	-1.036453	0.022866	1.294968	0.003190	-0.006628	0.801421	0.012689	-0.031752	0.013171
1782895701.891284	-1.036212	0.022891	1.295059	0.004181	-0.006177	0.803221	0.012689	-0.031752	0.013171
1782895701.899687	-1.036212	0.022891	1.295059	0.004181	-0.006177	0.803221	0.017081	-0.037698	0.009296
1782895701.910010	-1.036033	0.022906	1.295109	0.005519	-0.006255	0.805031	0.017081	-0.037698	0.009296
1782895701.920915	-1.035873	0.023005	1.295212	0.008322	-0.005767	0.806556	0.006863	-0.028800	0.005372
1782895701.929809	-1.035690	0.023110	1.295376	0.005565	-0.005668	0.808007	0.006863	-0.028800	0.005372
1782895701.939729	-1.035673	0.023069	1.295392	0.005797	-0.004779	0.809832	0.008837	-0.033614	0.021090
1782895701.949669	-1.035512	0.023079	1.295521	0.006246	-0.005103	0.811692	0.004578	-0.031421	0.016724
1782895701.960382	-1.035231	0.023044	1.295655	0.007033	-0.004859	0.813414	0.004578	-0.031421	0.016724
1782895701.970931	-1.035132	0.022966	1.295883	0.005231	-0.003488	0.815913	0.008588	-0.032357	0.026660
1782895701.979699	-1.035095	0.022802	1.295790	0.004342	-0.003790	0.818284	0.008588	-0.032357	0.026660
1782895701.989600	-1.034930	0.022810	1.295920	0.005995	-0.003613	0.820125	0.008588	-0.032357	0.026660
1782895701.999633	-1.034930	0.022810	1.295920	0.005995	-0.003613	0.820125	0.003286	-0.029910	0.009083
1782895702.009985	-1.034864	0.022786	1.296042	0.005499	-0.003659	0.822556	0.003286	-0.029910	0.009083
1782895702.020146	-1.034710	0.022727	1.296163	0.009433	-0.004984	0.824861	0.003970	-0.030760	0.020439
1782895702.030614	-1.034515	0.022672	1.296102	0.008505	-0.004353	0.825914	0.003970	-0.030760	0.020439
1782895702.039871	-1.034475	0.022657	1.296221	0.010089	-0.003991	0.827331	0.012080	-0.037595	0.013051
1782895702.050681	-1.034212	0.022721	1.296146	0.009589	-0.001886	0.828165	0.012080	-0.037595	0.013051
1782895702.059823	-1.034166	0.022767	1.296135	0.006050	-0.000925	0.829310	0.008474	-0.032236	0.002303
1782895702.070047	-1.034123	0.022703	1.296180	0.006312	-0.000753	0.830435	0.014124	-0.034230	0.002933
1782895702.080674	-1.033909	0.022621	1.296038	0.007807	-0.000080	0.831971	0.014124	-0.034230	0.002933
1782895702.089885	-1.033742	0.022517	1.296031	0.006683	-0.001031	0.836303	0.014124	-0.034230	0.002933
1782895702.100224	-1.033742	0.022517	1.296031	0.006683	-0.001031	0.836303	0.008477	-0.032804	-0.009092
1782895702.111227	-1.033577	0.022626	1.295969	0.005151	-0.000471	0.838506	0.008477	-0.032804	-0.009092
1782895702.120411	-1.033381	0.022632	1.295940	0.006419	-0.001013	0.840041	0.010448	-0.034657	0.000510
1782895702.130315	-1.033395	0.022621	1.295799	0.006611	-0.000468	0.840667	0.010448	-0.034657	0.000510
1782895702.139693	-1.033214	0.022581	1.295694	0.005096	0.000023	0.841576	0.011209	-0.037430	-0.010741
1782895702.150654	-1.033097	0.022526	1.295662	0.004885	0.000135	0.844976	0.011209	-0.037430	-0.010741
1782895702.159641	-1.032947	0.022457	1.295604	0.003320	0.001179	0.845992	0.005553	-0.030937	-0.012872
1782895702.170076	-1.032708	0.022377	1.295395	0.004019	-0.000219	0.848202	0.008244	-0.032838	-0.006898
1782895702.180576	-1.032583	0.022439	1.295359	0.005998	-0.000767	0.849751	0.008244	-0.032838	-0.006898
1782895702.191002	-1.032444	0.022540	1.295293	0.006702	-0.000123	0.850813	0.003781	-0.031393	-0.001911
1782895702.199612	-1.032262	0.022521	1.295142	0.009321	-0.000280	0.852013	0.003781	-0.031393	-0.001911
1782895702.210141	-1.032262	0.022521	1.295142	0.009321	-0.000280	0.852013	0.003781	-0.031393	-0.001911
1782895702.221119	-1.032262	0.022521	1.295142	0.009321	-0.000280	0.852013	0.011704	-0.035904	0.002597
1782895702.231085	-1.032036	0.022305	1.295087	0.008577	-0.001068	0.855968	0.011704	-0.035904	0.002597
1782895702.244213	-1.031740	0.022347	1.295114	0.007309	-0.000667	0.858300	0.005174	-0.030207	-0.007106
1782895702.251698	-1.031655	0.022297	1.295036	0.010955	-0.001204	0.860016	0.005174	-0.030207	-0.007106
1782895702.260406	-1.031571	0.022266	1.294925	0.011112	-0.002143	0.861059	0.009005	-0.032992	0.013479
1782895702.271659	-1.031326	0.022186	1.295075	0.006972	-0.001483	0.864484	0.008913	-0.036272	0.007525
1782895702.284927	-1.031152	0.022232	1.295118	0.010179	-0.001578	0.865530	0.008913	-0.036272	0.007525
1782895702.290336	-1.030968	0.022326	1.295269	0.008760	-0.001125	0.866513	0.008913	-0.036272	0.007525
1782895702.300134	-1.030968	0.022326	1.295269	0.008760	-0.001125	0.866513	0.008789	-0.033737	0.020570
1782895702.310121	-1.030683	0.022316	1.295512	0.006488	-0.000865	0.869045	0.008106	-0.033470	0.011773
1782895702.319496	-1.030529	0.022413	1.295656	0.005322	-0.000415	0.870354	0.008106	-0.033470	0.011773
1782895702.329955	-1.030213	0.022437	1.295757	0.004691	-0.000814	0.870158	0.008106	-0.033470	0.011773
1782895702.339208	-1.030062	0.022506	1.295839	0.003401	-0.000511	0.872269	0.004099	-0.032332	0.022768
1782895702.350049	-1.029874	0.022374	1.295820	0.005330	-0.001580	0.873754	0.004099	-0.032332	0.022768
1782895702.359540	-1.029563	0.022344	1.296074	0.002922	-0.001124	0.876573	0.012193	-0.039225	0.022320
1782895702.369205	-1.029488	0.022451	1.296125	0.004249	-0.001002	0.878091	0.009543	-0.035838	0.012743
1782895702.379708	-1.029192	0.022381	1.296183	0.008548	-0.002476	0.878907	0.009543	-0.035838	0.012743
1782895702.391798	-1.029192	0.022381	1.296183	0.008548	-0.002476	0.878907	0.009543	-0.035838	0.012743
1782895702.400252	-1.028767	0.022205	1.296261	0.011447	-0.003372	0.883099	0.013910	-0.037055	0.013845
1782895702.411211	-1.028767	0.022205	1.296261	0.011447	-0.003372	0.883099	0.013910	-0.037055	0.013845
1782895702.419514	-1.028402	0.022083	1.296276	0.012926	-0.003216	0.884793	0.010077	-0.037600	0.000965
1782895702.429739	-1.028190	0.022045	1.296367	0.011228	-0.003691	0.886426	0.010077	-0.037600	0.000965
1782895702.439547	-1.028046	0.022098	1.296459	0.010866	-0.002793	0.886776	0.002927	-0.034706	0.003497
1782895702.452717	-1.027747	0.022106	1.296599	0.008817	-0.001520	0.887845	0.002927	-0.034706	0.003497
1782895702.460251	-1.027548	0.022104	1.296672	0.007411	-0.001967	0.889030	0.011430	-0.042598	-0.003240
1782895702.469814	-1.027367	0.022094	1.296558	0.008660	-0.003817	0.890229	0.006399	-0.037426	-0.004309
1782895702.479767	-1.027082	0.022002	1.296596	0.004123	-0.003900	0.893277	0.006399	-0.037426	-0.004309
1782895702.490694	-1.026922	0.021976	1.296659	0.004763	-0.003844	0.894028	0.006415	-0.040541	-0.000876
1782895702.499673	-1.026922	0.021976	1.296659	0.004763	-0.003844	0.894028	0.006415	-0.040541	-0.000876
1782895702.513591	-1.026647	0.021885	1.296669	0.004771	-0.003427	0.897370	-0.001085	-0.038857	0.009641
1782895702.520409	-1.026439	0.021733	1.296602	0.005990	-0.004914	0.899310	-0.001085	-0.038857	0.009641
1782895702.531452	-1.026338	0.021676	1.296662	0.005162	-0.004748	0.899331	-0.001085	-0.038857	0.009641
1782895702.539811	-1.026086	0.021640	1.296705	0.005944	-0.004694	0.900974	0.004866	-0.044576	0.016420
1782895702.551343	-1.025874	0.021579	1.296671	0.007324	-0.004544	0.902853	0.004866	-0.044576	0.016420
1782895702.560302	-1.025713	0.021548	1.296690	0.006921	-0.003814	0.904229	0.004715	-0.044341	-0.005934
1782895702.572789	-1.025530	0.021569	1.296653	0.009731	-0.003683	0.905242	0.001117	-0.039030	0.001284
1782895702.579884	-1.025350	0.021465	1.296656	0.009332	-0.004124	0.905736	0.001117	-0.039030	0.001284
1782895702.591012	-1.025163	0.021335	1.296748	0.008703	-0.004500	0.907597	0.001525	-0.041292	0.004003
1782895702.599978	-1.024826	0.021206	1.296613	0.010932	-0.005764	0.910350	0.001525	-0.041292	0.004003
1782895702.611104	-1.024826	0.021206	1.296613	0.010932	-0.005764	0.910350	0.001525	-0.041292	0.004003
1782895702.620441	-1.024523	0.021090	1.296719	0.008871	-0.005946	0.912527	-0.003964	-0.038512	0.006432
1782895702.630302	-1.024363	0.020892	1.296695	0.009376	-0.007030	0.914539	0.002637	-0.042867	0.003595
1782895702.641865	-1.024257	0.020775	1.296700	0.007163	-0.007764	0.915297	0.002637	-0.042867	0.003595
1782895702.649717	-1.024170	0.020659	1.296703	0.006293	-0.008181	0.915541	-0.005442	-0.036841	-0.003094
1782895702.660348	-1.023898	0.020437	1.296730	0.008953	-0.008302	0.917934	-0.005442	-0.036841	-0.003094
1782895702.670551	-1.023647	0.020360	1.296826	0.008874	-0.006902	0.919448	-0.003433	-0.038168	0.010046
1782895702.680438	-1.023395	0.020271	1.297094	0.006575	-0.005760	0.921201	-0.003433	-0.038168	0.010046
1782895702.689678	-1.023325	0.020203	1.297004	0.005945	-0.005755	0.922064	-0.008167	-0.039366	0.005186
1782895702.699659	-1.023325	0.020203	1.297004	0.005945	-0.005755	0.922064	-0.008167	-0.039366	0.005186
1782895702.709784	-1.023183	0.020142	1.296979	0.009810	-0.005985	0.922087	-0.008167	-0.039366	0.005186
1782895702.719614	-1.022894	0.019984	1.297065	0.006657	-0.005157	0.924106	-0.004638	-0.041221	0.016385
1782895702.730244	-1.022812	0.019975	1.297040	0.008489	-0.004636	0.925278	-0.004638	-0.041221	0.016385
1782895702.741009	-1.022603	0.019811	1.297031	0.007292	-0.005412	0.926560	-0.006506	-0.040179	-0.001460
1782895702.750726	-1.022580	0.019648	1.297124	0.005074	-0.004553	0.928876	-0.009718	-0.034141	0.009989
1782895702.761006	-1.022424	0.019588	1.297119	0.005880	-0.004873	0.929857	-0.009718	-0.034141	0.009989
1782895702.769994	-1.022205	0.019464	1.297206	0.002331	-0.004793	0.930554	-0.006193	-0.038362	0.006258
1782895702.780573	-1.022158	0.019314	1.297095	0.005134	-0.006356	0.933224	-0.006193	-0.038362	0.006258
1782895702.790667	-1.022005	0.019102	1.297108	0.005045	-0.006051	0.934990	-0.009092	-0.035132	0.008084
1782895702.799631	-1.022005	0.019102	1.297108	0.005045	-0.006051	0.934990	-0.009092	-0.035132	0.008084
1782895702.810557	-1.021827	0.018991	1.297099	0.004876	-0.006322	0.937521	-0.009092	-0.035132	0.008084
1782895702.819815	-1.021686	0.018895	1.297170	0.003631	-0.006337	0.938179	-0.003613	-0.036016	-0.001225
1782895702.832062	-1.021650	0.018842	1.297189	0.006172	-0.005355	0.938513	-0.003613	-0.036016	-0.001225
1782895702.839981	-1.021565	0.018724	1.297063	0.005233	-0.004612	0.939909	-0.014313	-0.030267	-0.010523
1782895702.849827	-1.021434	0.018553	1.297129	0.005292	-0.003823	0.940747	-0.011633	-0.032640	0.005473
1782895702.859951	-1.021361	0.018471	1.297044	0.004144	-0.004833	0.942251	-0.011633	-0.032640	0.005473
1782895702.871669	-1.021326	0.018369	1.297073	0.003375	-0.005189	0.944023	-0.011633	-0.032640	0.005473
1782895702.879963	-1.021223	0.018096	1.296933	0.002118	-0.006399	0.946423	-0.012702	-0.033469	-0.007171
1782895702.891457	-1.021112	0.018028	1.296939	0.000924	-0.004669	0.948337	-0.012702	-0.033469	-0.007171
1782895702.899708	-1.021112	0.018028	1.296939	0.000924	-0.004669	0.948337	-0.012628	-0.031289	0.002827
1782895702.909702	-1.021077	0.017684	1.296817	0.001567	-0.004826	0.951304	-0.012628	-0.031289	0.002827
1782895702.922253	-1.021077	0.017684	1.296817	0.001567	-0.004826	0.951304	-0.015166	-0.030975	-0.009042
1782895702.930603	-1.021006	0.017507	1.296878	0.001097	-0.005830	0.953637	-0.015166	-0.030975	-0.009042
1782895702.943811	-1.021031	0.017327	1.296872	0.000162	-0.004897	0.953640	-0.019157	-0.029154	0.006520
1782895702.956996	-1.021029	0.017238	1.296862	0.003055	-0.005498	0.954290	-0.013334	-0.034032	0.003537
1782895702.964906	-1.021029	0.017238	1.296862	0.003055	-0.005498	0.954290	-0.013334	-0.034032	0.003537
1782895702.978850	-1.021006	0.017061	1.296794	0.003468	-0.005454	0.956179	-0.017316	-0.028106	0.000211
1782895702.983428	-1.020935	0.016844	1.296868	0.003061	-0.005005	0.958363	-0.017316	-0.028106	0.000211
1782895702.990630	-1.020948	0.016787	1.296889	0.004351	-0.005166	0.960289	-0.015011	-0.029184	0.001260
1782895702.999596	-1.020948	0.016787	1.296889	0.004351	-0.005166	0.960289	-0.015011	-0.029184	0.001260
1782895703.010937	-1.020908	0.016646	1.296916	0.006699	-0.004566	0.961638	-0.021306	-0.027042	0.003959
1782895703.019629	-1.021068	0.016507	1.296852	0.006269	-0.004345	0.964021	-0.021306	-0.027042	0.003959
1782895703.034278	-1.021006	0.016254	1.296946	0.004109	-0.005074	0.965324	-0.014492	-0.028884	0.006005
1782895703.039612	-1.021004	0.016151	1.296809	0.006716	-0.005238	0.967614	-0.014492	-0.028884	0.006005
1782895703.052417	-1.021236	0.015994	1.296860	0.005522	-0.005544	0.969235	-0.021613	-0.024124	-0.015393
1782895703.059215	-1.021139	0.015863	1.296949	0.007537	-0.006512	0.969873	-0.021613	-0.024124	-0.015393
1782895703.069349	-1.021252	0.015760	1.296930	0.005725	-0.005237	0.973069	-0.023149	-0.024353	-0.001061
1782895703.079704	-1.021252	0.015642	1.296892	0.006081	-0.004664	0.973657	-0.023149	-0.024353	-0.001061
1782895703.089261	-1.021249	0.015500	1.296822	0.005487	-0.004600	0.975597	-0.023697	-0.027537	-0.008932
1782895703.099190	-1.021249	0.015500	1.296822	0.005487	-0.004600	0.975597	-0.023697	-0.027537	-0.008932
1782895703.110589	-1.021458	0.015357	1.296768	0.006504	-0.004991	0.977126	-0.024084	-0.025545	0.001443
1782895703.119336	-1.021405	0.015145	1.296894	0.006160	-0.005238	0.977406	-0.024084	-0.025545	0.001443
1782895703.130077	-1.021531	0.015056	1.296698	0.005792	-0.004637	0.979226	-0.022686	-0.027430	-0.008346
1782895703.139175	-1.021562	0.014849	1.296718	0.004705	-0.005179	0.979994	-0.022686	-0.027430	-0.008346
1782895703.150485	-1.021580	0.014716	1.296658	0.003829	-0.004993	0.981401	-0.028560	-0.023049	-0.000635
1782895703.159324	-1.021707	0.014614	1.296708	0.003833	-0.005131	0.983197	-0.028560	-0.023049	-0.000635
1782895703.169318	-1.021700	0.014332	1.296749	0.007143	-0.005528	0.984439	-0.020956	-0.029943	0.005632
1782895703.181193	-1.021684	0.014174	1.296846	0.005386	-0.005873	0.985715	-0.020956	-0.029943	0.005632
1782895703.192150	-1.021684	0.014174	1.296846	0.005386	-0.005873	0.985715	-0.026214	-0.025589	0.002545
1782895703.199850	-1.021750	0.013705	1.296819	0.006467	-0.005436	0.989284	-0.026214	-0.025589	0.002545
1782895703.210177	-1.021750	0.013705	1.296819	0.006467	-0.005436	0.989284	-0.022263	-0.025302	0.008057
1782895703.219907	-1.021739	0.013479	1.296713	0.008579	-0.005621	0.990388	-0.022263	-0.025302	0.008057
1782895703.230133	-1.021877	0.013407	1.296782	0.006222	-0.005346	0.991145	-0.022263	-0.025302	0.008057
1782895703.240806	-1.021911	0.013244	1.296828	0.007751	-0.005753	0.992591	-0.027030	-0.023359	-0.000105
1782895703.249722	-1.021858	0.013094	1.296898	0.006830	-0.005102	0.994233	-0.021848	-0.026226	0.009863
1782895703.259635	-1.022028	0.012870	1.297069	0.003369	-0.003787	0.995289	-0.021848	-0.026226	0.009863
1782895703.269972	-1.022157	0.012702	1.297165	0.000122	-0.003338	0.996332	-0.023068	-0.028217	-0.012563
1782895703.280056	-1.022229	0.012443	1.297074	0.000222	-0.004407	0.997946	-0.023068	-0.028217	-0.012563
1782895703.291813	-1.022228	0.012170	1.297061	-0.000451	-0.003982	0.998752	-0.028197	-0.023548	-0.006603
1782895703.300652	-1.022228	0.012170	1.297061	-0.000451	-0.003982	0.998752	-0.028197	-0.023548	-0.006603
1782895703.314806	-1.022261	0.012018	1.297008	0.002415	-0.005108	1.000767	-0.025785	-0.028077	-0.006557
1782895703.319772	-1.022420	0.011825	1.297017	0.006156	-0.005381	1.002281	-0.025785	-0.028077	-0.006557
1782895703.336637	-1.022404	0.011614	1.296943	0.005417	-0.004576	1.003302	-0.029610	-0.026376	0.002008
1782895703.346133	-1.022426	0.011538	1.296989	0.006543	-0.004795	1.004885	-0.029610	-0.026376	0.002008
1782895703.350549	-1.022387	0.011187	1.296907	0.005978	-0.004662	1.006135	-0.029610	-0.026376	0.002008
1782895703.359928	-1.022349	0.010931	1.296902	0.005119	-0.003682	1.007792	-0.023777	-0.030157	-0.000374
1782895703.369767	-1.022472	0.010820	1.296990	0.002467	-0.003261	1.008306	-0.031981	-0.024251	-0.000678
1782895703.380563	-1.022472	0.010820	1.296990	0.002467	-0.003261	1.008306	-0.031981	-0.024251	-0.000678
1782895703.389999	-1.022567	0.010517	1.297146	0.002511	-0.002194	1.009435	-0.027315	-0.028348	0.021435
1782895703.399701	-1.022567	0.010517	1.297146	0.002511	-0.002194	1.009435	-0.027315	-0.028348	0.021435
1782895703.409246	-1.022603	0.010192	1.297285	0.004012	-0.001563	1.010743	-0.027315	-0.028348	0.021435
1782895703.419706	-1.022579	0.010140	1.297272	0.005189	-0.001202	1.011726	-0.028272	-0.027913	0.011020
1782895703.430057	-1.022681	0.009970	1.297373	0.004499	-0.001920	1.013570	-0.028272	-0.027913	0.011020
1782895703.439110	-1.022630	0.009670	1.297528	0.006593	-0.002310	1.015198	-0.023302	-0.028116	0.019820
1782895703.450419	-1.022595	0.009424	1.297641	0.003727	-0.001214	1.016900	-0.022766	-0.027394	0.004255
1782895703.459391	-1.022478	0.009246	1.297782	0.004718	-0.001331	1.018846	-0.022766	-0.027394	0.004255
1782895703.471574	-1.022551	0.009075	1.297927	0.007822	-0.002262	1.020128	-0.023646	-0.027279	0.012523
1782895703.479558	-1.022555	0.008936	1.298015	0.007745	-0.001821	1.020882	-0.023646	-0.027279	0.012523
1782895703.489610	-1.022543	0.008771	1.298159	0.003559	-0.000658	1.021254	-0.023646	-0.027279	0.012523
1782895703.504676	-1.022543	0.008771	1.298159	0.003559	-0.000658	1.021254	-0.015718	-0.032150	0.004408
1782895703.511961	-1.022567	0.008663	1.298239	0.006546	-0.000000	1.021868	-0.015718	-0.032150	0.004408
1782895703.521676	-1.022565	0.008489	1.298288	0.003399	0.000852	1.022251	-0.020110	-0.029321	-0.005918
1782895703.530570	-1.022592	0.008396	1.298362	0.002722	0.000286	1.023471	-0.020110	-0.029321	-0.005918
1782895703.545466	-1.022456	0.008185	1.298295	0.003936	0.001200	1.025399	-0.017138	-0.031035	0.005482
1782895703.552515	-1.022380	0.008044	1.298441	0.005526	0.000859	1.026986	-0.021459	-0.030804	-0.001809
1782895703.560044	-1.022148	0.007832	1.298473	0.001133	0.002446	1.028241	-0.021459	-0.030804	-0.001809
1782895703.569935	-1.022083	0.007713	1.298509	0.002007	0.002875	1.030596	-0.022017	-0.030640	0.010177
1782895703.580395	-1.022137	0.007641	1.298674	0.002922	0.001444	1.031111	-0.022017	-0.030640	0.010177
1782895703.590388	-1.021989	0.007560	1.298686	0.005470	0.001842	1.030456	-0.016349	-0.033711	0.000964
1782895703.600614	-1.021965	0.007331	1.298817	0.007956	-0.000680	1.032707	-0.016349	-0.033711	0.000964
1782895703.613683	-1.021965	0.007331	1.298817	0.007956	-0.000680	1.032707	-0.022641	-0.029361	-0.004578
1782895703.621327	-1.021812	0.007158	1.298846	0.007926	-0.000569	1.032730	-0.022641	-0.029361	-0.004578
1782895703.633595	-1.021739	0.007058	1.298784	0.009759	-0.000904	1.033811	-0.018677	-0.032388	0.011104
1782895703.639674	-1.021605	0.006885	1.298772	0.010219	-0.001417	1.034218	-0.018677	-0.032388	0.011104
1782895703.651013	-1.021427	0.006629	1.298663	0.006675	-0.000030	1.036429	-0.014222	-0.036602	-0.002671
1782895703.660480	-1.021246	0.006468	1.298562	0.006010	0.000141	1.038062	-0.014222	-0.036602	-0.002671
1782895703.673499	-1.021151	0.006321	1.298464	0.003842	0.000673	1.038317	-0.010477	-0.035679	-0.001799
1782895703.679632	-1.021073	0.006278	1.298512	0.003690	0.001097	1.039373	-0.010477	-0.035679	-0.001799
1782895703.691076	-1.020930	0.006240	1.298379	0.001680	0.002144	1.039811	-0.003990	-0.037069	-0.014116
1782895703.700343	-1.020930	0.006240	1.298379	0.001680	0.002144	1.039811	-0.003990	-0.037069	-0.014116
1782895703.710427	-1.020557	0.006065	1.298187	-0.000112	0.004288	1.041214	-0.010436	-0.034304	-0.020528
1782895703.719997	-1.020557	0.006065	1.298187	-0.000112	0.004288	1.041214	-0.010436	-0.034304	-0.020528
1782895703.730577	-1.020293	0.005829	1.298141	0.002040	0.004537	1.042226	-0.004499	-0.038683	-0.006911
1782895703.739269	-1.020038	0.005766	1.297997	0.003075	0.003640	1.042043	-0.004499	-0.038683	-0.006911
1782895703.749238	-1.019819	0.005764	1.297956	0.001825	0.002679	1.042903	-0.005979	-0.039209	-0.017512
1782895703.759527	-1.019606	0.005772	1.297815	0.005186	0.001729	1.042688	-0.005979	-0.039209	-0.017512
1782895703.769660	-1.019331	0.005666	1.297639	0.002926	0.000832	1.044820	-0.008371	-0.034588	-0.006336
1782895703.779820	-1.019156	0.005458	1.297646	0.001953	0.001586	1.046467	-0.008371	-0.034588	-0.006336
1782895703.790144	-1.018817	0.005367	1.297613	0.003499	0.000510	1.047178	-0.006286	-0.036880	-0.001798
1782895703.799294	-1.018817	0.005367	1.297613	0.003499	0.000510	1.047178	-0.006286	-0.036880	-0.001798
1782895703.809248	-1.018563	0.005220	1.297696	0.002808	0.000949	1.049765	-0.005922	-0.036551	0.009804
1782895703.819822	-1.018446	0.005312	1.297695	0.003750	0.000835	1.049721	-0.005922	-0.036551	0.009804
1782895703.830376	-1.018244	0.005249	1.297806	0.003535	0.002248	1.050075	0.003512	-0.041231	0.003895
1782895703.839373	-1.018053	0.005187	1.297757	0.003408	0.002944	1.050594	0.003512	-0.041231	0.003895
1782895703.851890	-1.018007	0.005222	1.297866	0.002076	0.002930	1.050982	0.003512	-0.041231	0.003895
1782895703.859932	-1.017604	0.005306	1.298123	0.000788	0.002926	1.052272	-0.003847	-0.035626	0.000214
1782895703.870009	-1.017364	0.005317	1.298079	-0.003461	0.003943	1.053427	0.000924	-0.039774	0.018684
1782895703.879679	-1.017078	0.005208	1.298216	-0.000083	0.002353	1.054553	0.000924	-0.039774	0.018684
1782895703.889538	-1.016837	0.005280	1.298282	-0.002323	0.002780	1.054918	0.002628	-0.040284	0.011236
1782895703.899675	-1.016563	0.005107	1.298416	0.000620	0.001295	1.056506	0.002628	-0.040284	0.011236
1782895703.909517	-1.016563	0.005107	1.298416	0.000620	0.001295	1.056506	0.000492	-0.035386	0.015088
1782895703.920209	-1.016268	0.005050	1.298613	0.002917	0.000559	1.056215	0.000492	-0.035386	0.015088
1782895703.931203	-1.015966	0.005176	1.298843	-0.000748	0.000481	1.056946	0.006002	-0.036571	0.009615
1782895703.939479	-1.015789	0.005123	1.298883	-0.001474	0.000070	1.057886	0.006002	-0.036571	0.009615
1782895703.950552	-1.015418	0.005291	1.299127	-0.000763	0.000028	1.057814	0.001422	-0.035158	0.005263
1782895703.960055	-1.015115	0.005299	1.299130	0.001065	0.000778	1.059096	0.001422	-0.035158	0.005263
1782895703.971088	-1.015115	0.005299	1.299130	0.001065	0.000778	1.059096	0.010093	-0.038826	0.008110
1782895703.980439	-1.014502	0.005232	1.299049	-0.000385	-0.001387	1.060518	0.010093	-0.038826	0.008110
1782895703.990113	-1.014255	0.005366	1.299081	0.000154	-0.001727	1.062098	0.010093	-0.038826	0.008110
1782895703.999880	-1.014255	0.005366	1.299081	0.000154	-0.001727	1.062098	0.012206	-0.039385	-0.014639
1782895704.009948	-1.014040	0.005404	1.299102	0.001088	-0.002309	1.062230	0.006487	-0.032656	-0.017130
1782895704.020103	-1.013857	0.005476	1.299026	0.001454	-0.002727	1.062181	0.006487	-0.032656	-0.017130
1782895704.033030	-1.013382	0.005408	1.298931	0.001954	-0.002014	1.064635	0.006487	-0.032656	-0.017130
1782895704.041074	-1.013149	0.005597	1.299037	0.002963	-0.002053	1.064503	0.012801	-0.037782	-0.012429
1782895704.049710	-1.012968	0.005666	1.298944	0.004484	-0.003767	1.065246	0.012801	-0.037782	-0.012429
1782895704.059282	-1.012661	0.005702	1.298929	0.003469	-0.003229	1.065662	0.007019	-0.036739	-0.014144
1782895704.069501	-1.012302	0.005709	1.298851	0.002487	-0.003050	1.067652	0.010109	-0.036846	-0.003118
1782895704.079943	-1.012150	0.005827	1.298830	0.000393	-0.002499	1.067925	0.010109	-0.036846	-0.003118
1782895704.117745	-1.011343	0.005945	1.298655	-0.000070	-0.004678	1.069866	0.001891	-0.032903	-0.000644
1782895704.120772	-1.011343	0.005945	1.298655	-0.000070	-0.004678	1.069866	0.001891	-0.032903	-0.000644
1782895704.131966	-1.011079	0.005902	1.298546	-0.001247	-0.005119	1.069876	0.008730	-0.039752	-0.004766
1782895704.141315	-1.010712	0.005812	1.298489	-0.005937	-0.004383	1.070799	0.008730	-0.039752	-0.004766
1782895704.150950	-1.010451	0.005858	1.298449	-0.001083	-0.005868	1.071654	0.006505	-0.035901	-0.012524
1782895704.160832	-1.010217	0.005974	1.298450	-0.000887	-0.004932	1.073089	0.006505	-0.035901	-0.012524
1782895704.172567	-1.009917	0.006199	1.298333	0.004238	-0.003918	1.073113	0.011004	-0.038066	-0.008838
1782895704.181184	-1.009651	0.006349	1.298161	0.004918	-0.003434	1.072833	0.011004	-0.038066	-0.008838
1782895704.192023	-1.009425	0.006291	1.298063	0.005260	-0.003967	1.073375	0.011004	-0.038066	-0.008838
1782895704.202666	-1.009174	0.006286	1.297921	0.005565	-0.004220	1.075494	0.007776	-0.038331	-0.015924
1782895704.211612	-1.009174	0.006286	1.297921	0.005565	-0.004220	1.075494	0.011816	-0.040320	-0.005732
1782895704.220983	-1.008901	0.006282	1.297913	0.005128	-0.004089	1.075104	0.011816	-0.040320	-0.005732
1782895704.233510	-1.008651	0.006323	1.297723	0.004062	-0.006036	1.077163	0.012065	-0.040650	-0.019565
1782895704.241755	-1.008309	0.006243	1.297706	0.002591	-0.007741	1.077714	0.012065	-0.040650	-0.019565
1782895704.251088	-1.008081	0.006278	1.297619	0.001827	-0.006682	1.078088	0.004375	-0.033452	-0.016941
1782895704.260906	-1.007821	0.006244	1.297499	0.004364	-0.007140	1.079184	0.004375	-0.033452	-0.016941
1782895704.272612	-1.007715	0.006345	1.297530	0.003992	-0.006764	1.079175	0.006768	-0.038743	-0.008256
1782895704.280995	-1.007407	0.006388	1.297444	0.003231	-0.006456	1.079817	0.006768	-0.038743	-0.008256
1782895704.293033	-1.007289	0.006470	1.297461	0.002589	-0.006198	1.080345	0.002227	-0.038284	-0.005539
1782895704.301201	-1.007289	0.006470	1.297461	0.002589	-0.006198	1.080345	0.002227	-0.038284	-0.005539
1782895704.311359	-1.006980	0.006403	1.297526	0.004370	-0.005954	1.081497	0.007642	-0.039736	-0.001165
1782895704.321293	-1.006522	0.006285	1.297452	0.002188	-0.005211	1.082787	0.007642	-0.039736	-0.001165
1782895704.331949	-1.006399	0.006340	1.297569	0.003119	-0.004941	1.085022	0.000194	-0.037469	-0.010914
1782895704.341428	-1.006070	0.006305	1.297597	0.002805	-0.004725	1.085144	0.000194	-0.037469	-0.010914
1782895704.353171	-1.005897	0.006304	1.297671	0.002051	-0.004745	1.085253	0.002054	-0.040516	0.007281
1782895704.361071	-1.005519	0.006323	1.297804	0.002161	-0.005374	1.085235	0.002054	-0.040516	0.007281
1782895704.371867	-1.005302	0.006091	1.297854	0.002360	-0.005294	1.087181	0.003646	-0.043932	0.004964
1782895704.381996	-1.005087	0.006091	1.298054	0.004055	-0.005211	1.088597	0.003646	-0.043932	0.004964
1782895704.393569	-1.004884	0.006070	1.298162	0.002241	-0.004040	1.089544	-0.004055	-0.038272	0.009660
1782895704.401705	-1.004884	0.006070	1.298162	0.002241	-0.004040	1.089544	-0.004055	-0.038272	0.009660
1782895704.412851	-1.004535	0.005996	1.298240	0.004523	-0.004924	1.090325	0.000167	-0.042862	0.012678
1782895704.422083	-1.004488	0.005923	1.298359	0.006479	-0.005621	1.090739	0.000167	-0.042862	0.012678
1782895704.434335	-1.004233	0.005805	1.298505	0.006206	-0.005373	1.091845	-0.004639	-0.041280	0.013855
1782895704.441651	-1.003967	0.005676	1.298659	0.005104	-0.003911	1.093113	-0.004639	-0.041280	0.013855
1782895704.455325	-1.003659	0.005618	1.298749	0.003318	-0.004242	1.094035	0.003974	-0.046098	0.017485
1782895704.461331	-1.003400	0.005496	1.298822	0.003879	-0.005136	1.095037	0.003974	-0.046098	0.017485
1782895704.470777	-1.003142	0.005335	1.298932	0.004739	-0.005456	1.096494	0.004589	-0.046208	-0.002767
1782895704.480656	-1.002863	0.005300	1.299114	0.002145	-0.005182	1.095861	0.004589	-0.046208	-0.002767
1782895704.492196	-1.002572	0.005146	1.299116	0.001511	-0.004712	1.096693	-0.003656	-0.040686	-0.010493
1782895704.500621	-1.002572	0.005146	1.299116	0.001511	-0.004712	1.096693	-0.003656	-0.040686	-0.010493
1782895704.512584	-1.002311	0.005113	1.299120	0.002900	-0.004395	1.098346	-0.000647	-0.045021	-0.000478
1782895704.520591	-1.002119	0.005054	1.299152	0.001889	-0.003617	1.097993	-0.000647	-0.045021	-0.000478
1782895704.530663	-1.001917	0.005016	1.299152	0.001390	-0.004240	1.098340	-0.000647	-0.045021	-0.000478
1782895704.540889	-1.001440	0.004812	1.299173	0.004901	-0.005466	1.099688	-0.004071	-0.048050	-0.009626
1782895704.550611	-1.001287	0.004727	1.299209	0.005560	-0.005526	1.101802	-0.005874	-0.046495	0.005453
1782895704.560904	-1.001057	0.004411	1.299200	0.006869	-0.006037	1.103775	-0.005874	-0.046495	0.005453
1782895704.571424	-1.000859	0.004344	1.299222	0.006124	-0.005514	1.103814	-0.002820	-0.048394	-0.005016
1782895704.580627	-1.000588	0.004168	1.299226	0.003668	-0.005361	1.104315	-0.002820	-0.048394	-0.005016
1782895704.592386	-1.000212	0.003939	1.299097	0.000546	-0.005467	1.105995	-0.008718	-0.042576	-0.003878
1782895704.643029	-0.999908	0.003890	1.298896	-0.000119	-0.003782	1.106894	-0.002736	-0.048182	0.007455
1782895704.685653	-0.998759	0.003146	1.298761	-0.002399	-0.005732	1.109694	-0.001266	-0.046009	-0.005360
1782895704.734697	-0.997395	0.002882	1.298398	0.003269	0.005725	1.107101	0.010741	-0.047263	0.031402
1782895704.769178	-0.990850	0.004239	1.295845	0.042692	0.089966	1.063921	0.064795	-0.065302	-0.003564
1782895704.802724	-0.983050	0.006350	1.291252	0.076149	0.161455	1.023476	0.097762	-0.078640	-0.034981
1782895704.845973	-0.978556	0.007806	1.287526	0.085396	0.192966	1.003362	0.181637	-0.104683	-0.086751
1782895704.891649	-0.966965	0.011799	1.278734	0.099761	0.233631	0.952065	0.279176	-0.138782	-0.096226
1782895704.927853	-0.951594	0.017719	1.268201	0.106170	0.260014	0.902328	0.390054	-0.167883	-0.114828
1782895704.965858	-0.937273	0.023495	1.259183	0.107659	0.270954	0.864769	0.505355	-0.196398	-0.114053
1782895705.004544	-0.914847	0.033110	1.246318	0.103635	0.264800	0.820257	0.607814	-0.214229	-0.139730
1782895705.054231	-0.895699	0.041397	1.235541	0.098416	0.251023	0.790910	0.715091	-0.234807	-0.192219
1782895705.093261	-0.859503	0.057573	1.213599	0.086160	0.218287	0.746086	0.844618	-0.251114	-0.288066
1782895705.132395	-0.835218	0.068021	1.198152	0.077512	0.195859	0.720437	0.915894	-0.257383	-0.362158
1782895705.174602	-0.800895	0.082971	1.175528	0.063239	0.162931	0.687563	0.940889	-0.250794	-0.391453
1782895705.216412	-0.764707	0.098562	1.150879	0.046797	0.128485	0.655493	0.994681	-0.232685	-0.478463
1782895705.258697	-0.736392	0.110398	1.131867	0.039199	0.103166	0.632438	1.010391	-0.216477	-0.512988
1782895705.298065	-0.697514	0.126307	1.106226	0.034167	0.073190	0.601025	1.022019	-0.201900	-0.537252
1782895705.333097	-0.668022	0.138233	1.087857	0.031606	0.043025	0.571970	1.017175	-0.182729	-0.522844
1782895705.380603	-0.628296	0.153928	1.065260	0.030465	0.025676	0.551104	1.007624	-0.167299	-0.492627
1782895705.423036	-0.588764	0.168881	1.045182	0.032942	0.007961	0.524598	0.996031	-0.155280	-0.436609
1782895705.486490	-0.559497	0.179591	1.032118	0.027446	-0.004062	0.505949	0.978443	-0.139030	-0.387278
1782895705.563373	-0.492805	0.202590	1.008829	0.028716	-0.026789	0.463865	0.947717	-0.124383	-0.330369
1782895705.598758	-0.429421	0.221818	0.994066	0.035140	-0.042864	0.423068	0.897124	-0.113825	-0.247203
1782895705.634445	-0.412193	0.226493	0.991038	0.039688	-0.049977	0.408272	0.866006	-0.117771	-0.197615
1782895705.679226	-0.378871	0.234889	0.986875	0.040507	-0.055715	0.393907	0.845324	-0.123800	-0.180692
1782895705.718814	-0.354724	0.239923	0.984995	0.047575	-0.062402	0.374534	0.799586	-0.139313	-0.139888
1782895705.763638	-0.324229	0.245307	0.982887	0.052967	-0.063926	0.366173	0.775015	-0.148334	-0.134411
1782895705.803595	-0.287632	0.249934	0.980932	0.053970	-0.064984	0.347269	0.749715	-0.153198	-0.113092
1782895705.840065	-0.266594	0.251537	0.980021	0.055959	-0.064289	0.336489	0.716450	-0.162271	-0.114765
1782895705.883279	-0.239618	0.252596	0.978902	0.059066	-0.067166	0.320843	0.687304	-0.188151	-0.127715
1782895705.922775	-0.220416	0.251980	0.977508	0.054855	-0.069008	0.314159	0.651298	-0.222836	-0.122997
1782895705.959461	-0.196199	0.249729	0.974531	0.053772	-0.067984	0.303446	0.611029	-0.244119	-0.125441
1782895706.040972	-0.179399	0.246829	0.971938	0.050794	-0.068459	0.298169	0.552354	-0.260464	-0.123444
1782895706.154416	-0.140646	0.235127	0.963210	0.031521	-0.058758	0.277727	0.452644	-0.268152	-0.144355
1782895706.235438	-0.103821	0.216265	0.949508	0.019310	-0.028733	0.237534	0.333728	-0.252907	-0.122276
1782895706.284533	-0.084261	0.200917	0.940928	0.020656	-0.011747	0.206668	0.289767	-0.259528	-0.091108
1782895706.320878	-0.075313	0.191647	0.936350	0.017661	-0.002759	0.190482	0.241407	-0.262801	-0.081709
1782895706.361809	-0.067512	0.181679	0.932600	0.022299	-0.000963	0.172623	0.213943	-0.275676	-0.065870
1782895706.402315	-0.060698	0.171265	0.929397	0.020126	0.002749	0.158293	0.193110	-0.287670	-0.054300
1782895706.437987	-0.056115	0.162664	0.926681	0.018396	0.004102	0.148728	0.179186	-0.305779	-0.063735
1782895706.474756	-0.051814	0.154000	0.923788	0.018806	0.004975	0.138816	0.153931	-0.308677	-0.066381
1782895706.506133	-0.046606	0.142588	0.919774	0.015852	0.009285	0.127509	0.151128	-0.314050	-0.072279
1782895706.544051	-0.044111	0.136313	0.917438	0.007776	0.011814	0.123460	0.131794	-0.331067	-0.089177
1782895706.598498	-0.040249	0.124170	0.912315	0.001512	0.016348	0.113303	0.107819	-0.335984	-0.083582
1782895706.656632	-0.036672	0.111608	0.907147	-0.008325	0.020208	0.103946	0.090043	-0.343988	-0.095651
1782895706.719777	-0.032827	0.092073	0.899734	-0.018640	0.032070	0.094634	0.056875	-0.355362	-0.074844
1782895706.759135	-0.029589	0.072859	0.893524	-0.029731	0.044750	0.086029	0.035827	-0.345368	-0.057629
1782895706.793586	-0.027723	0.060451	0.890716	-0.036041	0.053055	0.078482	0.023274	-0.339394	-0.038257
1782895706.839123	-0.026967	0.054322	0.889361	-0.038439	0.055941	0.077616	0.023077	-0.336081	-0.025630
1782895706.880275	-0.025178	0.042634	0.887908	-0.041706	0.055479	0.070597	0.021620	-0.320500	-0.009463
1782895706.916853	-0.022619	0.028952	0.886714	-0.047546	0.059312	0.067843	0.022133	-0.318485	-0.002849
1782895706.949442	-0.021408	0.024248	0.886898	-0.048984	0.057571	0.066582	0.021212	-0.289282	0.011779
1782895706.996519	-0.018800	0.014717	0.887143	-0.057038	0.058838	0.062995	0.015466	-0.271402	0.014740
1782895707.033525	-0.016666	0.008589	0.887763	-0.061048	0.057294	0.058910	0.017666	-0.236604	0.018736
1782895707.073546	-0.013783	0.001503	0.888515	-0.063054	0.056690	0.055287	0.017850	-0.220544	0.015564
1782895707.105842	-0.010349	-0.004292	0.888776	-0.055755	0.053199	0.047749	0.007074	-0.179241	0.012415
1782895707.148138	-0.008912	-0.006962	0.889000	-0.052849	0.053593	0.043358	0.000862	-0.164654	0.019085
1782895707.183349	-0.005971	-0.010936	0.889253	-0.043694	0.054528	0.035842	-0.003228	-0.140897	0.028523
1782895707.219026	-0.003557	-0.013182	0.889287	-0.040149	0.054725	0.031452	-0.002809	-0.124533	0.025508
1782895707.261158	-0.001455	-0.014963	0.889680	-0.035288	0.054182	0.021647	-0.008373	-0.104028	0.023691
1782895707.304554	0.002136	-0.016975	0.889822	-0.029816	0.053487	0.013210	-0.021718	-0.078582	0.019282
1782895707.344109	0.004130	-0.017712	0.889887	-0.032191	0.053758	0.007440	-0.024491	-0.065698	0.013204
1782895707.385557	0.006960	-0.018048	0.889337	-0.021585	0.054603	-0.001269	-0.023952	-0.058385	0.007451
1782895707.420929	0.008873	-0.018143	0.888411	-0.014880	0.052540	-0.007802	-0.018657	-0.052777	-0.014913
1782895707.461272	0.011409	-0.018102	0.887487	-0.010945	0.050920	-0.014043	-0.030717	-0.041113	-0.019478
1782895707.498781	0.014139	-0.017919	0.885973	-0.005574	0.050379	-0.019795	-0.026678	-0.040807	-0.011188
1782895707.536996	0.015445	-0.017752	0.885273	-0.000458	0.052785	-0.025171	-0.030438	-0.042455	-0.017521
1782895707.571398	0.017960	-0.017850	0.883532	-0.002217	0.051819	-0.027616	-0.032023	-0.044378	-0.011339
1782895707.614383	0.020666	-0.017837	0.882225	-0.002087	0.051778	-0.033125	-0.027179	-0.048616	-0.002119
1782895707.659575	0.022399	-0.018150	0.881516	-0.008498	0.052290	-0.034358	-0.035519	-0.045552	0.008765
1782895707.721082	0.025306	-0.018845	0.881068	-0.003144	0.051534	-0.036048	-0.039550	-0.049222	0.014880
1782895707.767369	0.027981	-0.020044	0.880699	-0.005215	0.052956	-0.037499	-0.044546	-0.046659	0.012244
1782895707.829387	0.029913	-0.020975	0.880573	-0.005659	0.054497	-0.038954	-0.040902	-0.048411	0.016470
1782895707.867625	0.032581	-0.022380	0.880481	-0.007571	0.053490	-0.039946	-0.049533	-0.035058	0.001032
1782895707.902962	0.033735	-0.023184	0.880368	-0.010395	0.053255	-0.039533	-0.049700	-0.032405	0.019729
1782895707.946577	0.034763	-0.024238	0.879920	-0.005280	0.054341	-0.040090	-0.050624	-0.028120	-0.004491
1782895707.991867	0.036466	-0.025164	0.879552	-0.003169	0.053448	-0.044267	-0.043650	-0.028870	0.003806
1782895708.034196	0.037771	-0.026048	0.878872	-0.002137	0.054987	-0.046396	-0.051675	-0.015330	-0.004825
1782895708.069319	0.039131	-0.026978	0.877994	-0.005707	0.055076	-0.049832	-0.047400	-0.020541	0.004808
1782895708.111668	0.039873	-0.027768	0.877491	-0.005591	0.054565	-0.050372	-0.055586	-0.010942	-0.001902
1782895708.154782	0.041077	-0.028775	0.876765	-0.000588	0.054375	-0.055396	-0.060755	-0.006811	0.004096
1782895708.189690	0.041769	-0.029697	0.876225	0.000403	0.057404	-0.056541	-0.058016	-0.010346	0.022546
1782895708.227099	0.042389	-0.030626	0.875950	-0.003416	0.057072	-0.057848	-0.054630	-0.010710	0.008926
1782895708.274261	0.043104	-0.031293	0.875994	0.000779	0.058514	-0.062031	-0.059721	-0.004678	0.013240
1782895708.304516	0.043641	-0.033095	0.876115	-0.003084	0.060504	-0.065197	-0.059444	-0.007880	0.019006
1782895708.338435	0.044050	-0.033638	0.875973	-0.003591	0.060107	-0.066200	-0.055540	-0.011410	0.035833
1782895708.380688	0.044408	-0.034889	0.876164	0.002040	0.059450	-0.067827	-0.055949	-0.017081	0.028157
1782895708.419265	0.045155	-0.037340	0.876735	-0.001233	0.058509	-0.065569	-0.050812	-0.024244	0.040211
1782895708.455680	0.045466	-0.038336	0.876986	0.001591	0.058528	-0.067767	-0.056472	-0.022544	0.024464
1782895708.493123	0.045822	-0.040742	0.877418	0.000699	0.057012	-0.068449	-0.043785	-0.035855	0.020861
1782895708.533169	0.046108	-0.042598	0.877580	-0.004512	0.060313	-0.068745	-0.053023	-0.033497	0.016632
1782895708.569272	0.046516	-0.045548	0.877350	-0.005147	0.059131	-0.069892	-0.043400	-0.039945	0.014734
1782895708.605240	0.046767	-0.048464	0.876702	-0.004569	0.059067	-0.068426	-0.050558	-0.042919	0.005337
1782895708.642153	0.046842	-0.050035	0.876623	-0.011968	0.059693	-0.069376	-0.042382	-0.044369	0.009525
1782895708.686337	0.046928	-0.053261	0.875863	-0.013726	0.056394	-0.068071	-0.048119	-0.039038	0.002941
1782895708.719089	0.047083	-0.055707	0.875805	-0.014122	0.059088	-0.069037	-0.043729	-0.045529	0.014464
1782895708.775798	0.046943	-0.058673	0.875547	-0.013149	0.054128	-0.067385	-0.045307	-0.035847	0.029069
1782895708.856260	0.046840	-0.061820	0.875977	-0.018727	0.054352	-0.068065	-0.047361	-0.023657	0.021003
1782895708.919568	0.046606	-0.066023	0.875688	-0.018604	0.051303	-0.070660	-0.048651	-0.001429	0.009665
1782895708.963363	0.045906	-0.068044	0.875427	-0.020921	0.051526	-0.072189	-0.056296	0.012209	0.010591
1782895709.039886	0.045313	-0.068964	0.875688	-0.023139	0.053002	-0.075527	-0.050312	0.018319	0.007659
1782895709.160690	0.044134	-0.069593	0.875478	-0.014748	0.052451	-0.080828	-0.056872	0.031000	0.009580
1782895709.259240	0.040638	-0.068665	0.875976	-0.009642	0.054689	-0.089323	-0.055616	0.042234	0.025310
1782895709.301181	0.038926	-0.067637	0.876870	-0.007123	0.055826	-0.090510	-0.052169	0.044632	0.011225
1782895709.340917	0.037781	-0.067117	0.877283	-0.006692	0.056062	-0.090084	-0.056452	0.046281	0.013264
1782895709.380129	0.036456	-0.066567	0.877776	-0.005813	0.057873	-0.091474	-0.050919	0.041198	0.006681
1782895709.415772	0.035737	-0.065703	0.877569	-0.009192	0.062691	-0.091332	-0.049993	0.046809	0.000472
1782895709.468858	0.035050	-0.065473	0.877414	-0.008093	0.062360	-0.087615	-0.043419	0.041387	0.006761
1782895709.501433	0.034093	-0.064844	0.877429	-0.004711	0.062245	-0.086698	-0.041859	0.044533	0.006068
1782895709.533140	0.033593	-0.064437	0.877391	-0.002832	0.063635	-0.088784	-0.039048	0.046223	-0.014406
1782895709.580221	0.032941	-0.063992	0.877200	-0.004737	0.061005	-0.086458	-0.039127	0.046124	0.004797
1782895709.620814	0.032618	-0.063522	0.877225	-0.002216	0.062489	-0.088158	-0.030879	0.044936	-0.008982
1782895709.656154	0.032495	-0.063089	0.876779	-0.003020	0.061278	-0.087437	-0.022821	0.045505	0.000127
1782895709.698143	0.032497	-0.062731	0.876584	-0.003445	0.061048	-0.087957	-0.024827	0.052273	0.000563
1782895709.743145	0.032485	-0.062432	0.876666	-0.002665	0.060269	-0.087903	-0.012692	0.046665	-0.001817
1782895709.786821	0.032835	-0.061790	0.877067	-0.001918	0.059164	-0.088131	-0.008092	0.047150	0.020346
1782895709.824002	0.033228	-0.061369	0.877849	-0.000132	0.061122	-0.090670	-0.005717	0.047130	0.016282
1782895709.876955	0.033682	-0.061186	0.878686	-0.003005	0.060984	-0.091185	-0.000387	0.047597	0.033910
1782895709.926363	0.034334	-0.060986	0.879962	-0.000597	0.059287	-0.091390	-0.000958	0.043558	0.041459
1782895709.997173	0.034950	-0.060694	0.881420	0.001069	0.054829	-0.090958	0.000813	0.040213	0.023299
1782895710.027764	0.035899	-0.060628	0.883174	0.001031	0.054548	-0.092776	0.004443	0.032790	0.009464
1782895710.072407	0.036367	-0.060543	0.884067	-0.000513	0.052616	-0.093594	0.001696	0.035640	0.015753
1782895710.115423	0.036983	-0.060993	0.884942	-0.002903	0.054467	-0.092142	0.008388	0.025085	0.002692
1782895710.155839	0.037143	-0.061272	0.885104	0.000261	0.051425	-0.091863	0.007095	0.021853	0.019565
1782895710.199590	0.037498	-0.061716	0.885324	-0.002931	0.050986	-0.090929	0.001883	0.019413	0.006646
1782895710.231308	0.037505	-0.062254	0.885130	-0.002769	0.048909	-0.090552	0.003592	0.014018	-0.013414
1782895710.276425	0.037519	-0.062852	0.884639	-0.006086	0.048740	-0.090869	-0.002728	0.015153	-0.013032
1782895710.315108	0.037144	-0.063363	0.883747	-0.005444	0.047833	-0.091218	-0.003431	0.012638	-0.023039
1782895710.353754	0.036842	-0.064001	0.882593	-0.003662	0.047522	-0.090149	0.000352	0.010930	-0.011513
1782895710.385745	0.036750	-0.064387	0.881753	-0.013066	0.051657	-0.091796	-0.007533	0.019403	-0.007885
1782895710.427287	0.036408	-0.064749	0.881102	-0.013401	0.048629	-0.089118	-0.001882	0.013305	0.006464
1782895710.459539	0.035791	-0.065047	0.880572	-0.004074	0.050396	-0.088128	-0.010818	0.019509	0.011521
1782895710.497912	0.035139	-0.065208	0.880572	-0.008804	0.053152	-0.088390	-0.011617	0.023661	0.001209
1782895710.537040	0.034961	-0.065370	0.880526	-0.013632	0.055376	-0.089265	-0.009192	0.024012	0.014704
1782895710.576596	0.034593	-0.065272	0.880227	-0.017269	0.056392	-0.089333	-0.008095	0.028446	-0.003848
1782895710.609958	0.034215	-0.064953	0.879978	-0.016858	0.056243	-0.090838	-0.008983	0.030939	-0.002957
1782895710.647251	0.033933	-0.064746	0.879760	-0.013766	0.053250	-0.088961	-0.002008	0.026753	-0.008826
1782895710.692312	0.033424	-0.064231	0.879592	-0.010945	0.053477	-0.090161	-0.000386	0.031098	0.009545
1782895710.728352	0.032922	-0.063730	0.879570	-0.010726	0.051849	-0.090325	-0.000822	0.034024	0.014159
1782895710.763411	0.032647	-0.063212	0.879705	-0.009855	0.051294	-0.091965	-0.002102	0.035892	0.003089
1782895710.805486	0.031941	-0.062420	0.879672	-0.010482	0.049611	-0.091316	-0.006549	0.038159	0.007320
1782895710.846536	0.031678	-0.061781	0.879617	-0.011672	0.049333	-0.092697	-0.009655	0.038598	-0.000331
1782895710.881335	0.030820	-0.060836	0.879830	-0.016408	0.048975	-0.090653	-0.005912	0.033567	0.010373
1782895710.913890	0.030100	-0.059573	0.879976	-0.015202	0.049304	-0.090479	-0.012719	0.041546	0.011751
1782895710.986005	0.029796	-0.059065	0.880220	-0.013019	0.049564	-0.089056	-0.011282	0.039942	-0.008735
1782895711.033954	0.028441	-0.057275	0.880579	-0.006957	0.048767	-0.088144	-0.007958	0.035122	-0.013080
