时间(s)	角速度roll(rad/s)	角速度pitch(rad/s)	角速度yaw(rad/s)	推力
1782912874.791649	0.015836	-1.761460	-0.687225	-0.196718
1782912874.850686	0.017125	-1.767118	-0.689481	-0.200435
1782912874.902411	0.000000	-1.304165	-0.229908	-0.102571
1782912874.953462	0.091324	-0.503670	0.253237	0.008834
1782912875.010799	0.179476	0.109958	0.591684	0.094031
1782912875.064895	0.203072	0.518890	0.799262	0.134305
1782912875.115400	0.200256	0.715817	0.943831	0.164251
1782912875.170549	0.199733	0.748412	0.972547	0.186801
1782912875.223821	0.207523	0.703969	0.998621	0.183577
1782912875.273797	0.226735	0.544081	0.856032	0.147008
1782912875.331969	0.255558	0.419639	0.685578	0.106362
1782912875.381310	0.308731	0.244652	0.442385	0.061160
1782912875.431586	0.341971	0.120901	0.277054	0.040708
1782912875.480636	0.364633	0.074472	0.210273	0.030346
1782912875.536926	0.364550	0.055589	0.181246	0.030113
1782912875.589194	0.334993	-0.006689	0.222112	0.031151
1782912875.673935	0.284970	-0.003480	0.257895	0.033905
1782912875.722264	0.226752	0.012010	0.317048	0.027440
1782912875.768932	0.193019	0.032725	0.312824	0.021129
1782912875.816417	0.190491	0.036457	0.302272	0.017116
1782912875.869872	0.196100	0.032636	0.280476	0.012705
1782912875.923458	0.224219	0.032742	0.252589	0.013124
1782912875.973714	0.261124	-0.018075	0.235638	0.010933
1782912876.080141	0.286107	-0.017481	0.212592	0.011290
1782912876.135020	0.325651	-0.069361	0.239313	0.010133
1782912876.181514	0.328108	-0.091738	0.237546	0.009064
1782912876.229227	0.314812	-0.119306	0.267192	0.008704
1782912876.270069	0.304923	-0.093417	0.300557	0.006274
1782912876.315099	0.283199	-0.088724	0.294694	0.003610
1782912876.368782	0.262782	-0.089426	0.267416	-0.000889
1782912876.415302	0.240554	-0.108084	0.262989	-0.004979
1782912876.476489	0.231681	-0.081231	0.274167	-0.007694
1782912876.550441	0.226340	-0.077816	0.248062	-0.008253
1782912876.594504	0.244586	-0.071018	0.205219	-0.009251
1782912876.645192	0.258204	-0.107504	0.194493	-0.011497
1782912876.696591	0.272277	-0.097422	0.165301	-0.013747
1782912876.776470	0.284468	-0.084800	0.147458	-0.015086
1782912876.831024	0.293873	-0.085757	0.165317	-0.019031
1782912876.884383	0.293848	-0.039731	0.183862	-0.019659
1782912876.937759	0.286728	0.002184	0.186112	-0.022675
1782912876.992285	0.272741	0.009728	0.192884	-0.022031
1782912877.038662	0.259378	0.044271	0.199977	-0.022487
1782912877.126617	0.250149	0.069918	0.191227	-0.022230
1782912877.195280	0.235165	0.079632	0.220598	-0.021794
1782912877.241194	0.234838	0.043196	0.239693	-0.023241
1782912877.293904	0.237953	0.025817	0.239955	-0.024012
1782912877.338280	0.253132	0.005395	0.242059	-0.024667
1782912877.388329	0.265022	-0.011219	0.229827	-0.026488
1782912877.440251	0.278778	-0.000945	0.218957	-0.027457
1782912877.492973	0.283117	-0.002022	0.238892	-0.029439
1782912877.545459	0.285774	0.008466	0.236558	-0.031483
1782912877.598267	0.285374	0.036584	0.223144	-0.034160
1782912877.650071	0.278876	0.013508	0.241670	-0.034404
1782912877.696806	0.266205	-0.006138	0.241978	-0.034150
1782912877.747983	0.258372	0.029687	0.249234	-0.035604
1782912877.806803	0.248792	-0.010004	0.249274	-0.036608
1782912877.885116	0.245183	0.004917	0.255084	-0.038038
1782912877.939882	0.244894	-0.011014	0.262663	-0.040342
1782912877.995789	0.251018	-0.051526	0.248867	-0.042590
1782912878.055008	0.263417	-0.028400	0.257335	-0.044902
1782912878.102574	0.269408	-0.034693	0.234408	-0.047724
1782912878.152858	0.277898	-0.035258	0.252694	-0.049266
1782912878.198873	0.279386	-0.026796	0.251815	-0.052487
1782912878.246602	0.279491	-0.031228	0.230648	-0.053377
1782912878.298686	0.272921	-0.060056	0.225263	-0.054607
1782912878.353613	0.267258	-0.062372	0.248769	-0.055688
1782912878.405830	0.257738	-0.056595	0.233687	-0.057111
1782912878.462941	0.253964	-0.041040	0.229855	-0.056868
1782912878.512320	0.251008	-0.040322	0.231807	-0.058991
1782912878.567716	0.250088	-0.043567	0.239719	-0.061023
1782912878.640893	0.256142	-0.058951	0.228274	-0.064416
1782912878.691103	0.262579	-0.054185	0.226112	-0.066666
1782912878.738722	0.267521	-0.082049	0.232912	-0.068400
1782912878.784423	0.272478	-0.063964	0.254177	-0.071158
1782912878.833671	0.273358	-0.053434	0.258326	-0.072237
1782912878.877248	0.274556	-0.063143	0.257377	-0.073188
1782912878.955595	0.269413	-0.058381	0.265372	-0.073691
1782912879.009364	0.264025	-0.030327	0.252690	-0.072945
1782912879.135297	0.256213	-0.040000	0.245166	-0.071350
1782912879.220707	0.250925	-0.040045	0.258238	-0.073768
1782912879.271959	0.247523	-0.027285	0.280777	-0.075163
1782912879.326937	0.252712	-0.017032	0.302422	-0.077067
1782912879.381507	0.259584	-0.010305	0.302790	-0.078513
1782912879.434767	0.263638	0.008365	0.302948	-0.079011
1782912879.482431	0.272315	0.001310	0.316941	-0.080734
1782912879.532122	0.272337	0.003763	0.330352	-0.081671
1782912879.594945	0.274463	-0.009562	0.334790	-0.081136
1782912879.650112	0.271495	0.019082	0.317489	-0.078878
1782912879.701157	0.267952	0.003308	0.307616	-0.076861
1782912879.755719	0.262901	0.004627	0.291691	-0.076675
1782912879.810945	0.260716	0.012149	0.274476	-0.074734
1782912879.861387	0.257440	0.006578	0.242190	-0.072780
1782912879.913798	0.257487	-0.009061	0.236542	-0.073428
1782912879.965105	0.255688	-0.029648	0.225752	-0.073803
1782912880.022761	0.261513	-0.049027	0.210511	-0.074429
1782912880.075852	0.265041	-0.074977	0.217997	-0.076567
1782912880.215430	0.265371	-0.082107	0.214328	-0.076751
1782912880.283772	0.271394	-0.058501	0.216060	-0.076777
1782912880.332861	0.267824	-0.059271	0.214559	-0.075306
1782912880.377389	0.266425	-0.066095	0.219646	-0.075474
1782912880.420913	0.266300	-0.034134	0.224255	-0.075153
1782912880.465616	0.260779	-0.017838	0.225213	-0.072792
1782912880.518830	0.262030	-0.023966	0.233069	-0.073364
1782912880.572243	0.260084	0.001730	0.246131	-0.072793
1782912880.624652	0.259444	0.005693	0.269458	-0.072680
1782912880.678103	0.261676	0.018961	0.260470	-0.070990
1782912880.722857	0.265928	0.043484	0.264704	-0.070632
1782912880.769001	0.264867	0.030878	0.263615	-0.069908
1782912880.810306	0.266069	0.032168	0.268563	-0.068893
1782912880.861019	0.266631	0.007999	0.270688	-0.068081
1782912880.913397	0.265814	0.001604	0.270116	-0.066549
1782912880.964423	0.266238	-0.012244	0.276524	-0.065973
1782912881.017018	0.260307	-0.010929	0.274756	-0.063121
1782912881.071550	0.257826	-0.003295	0.271155	-0.062109
1782912881.118660	0.257577	-0.004269	0.284493	-0.061167
1782912881.161616	0.260554	-0.004646	0.280371	-0.059553
1782912881.209043	0.258124	-0.026585	0.274998	-0.058125
1782912881.302113	0.257569	-0.029845	0.265099	-0.057391
1782912881.360880	0.263731	-0.021198	0.245950	-0.054968
1782912881.414599	0.263701	-0.042490	0.252255	-0.054857
1782912881.463770	0.267074	-0.031146	0.241075	-0.054630
1782912881.522023	0.269415	-0.049312	0.232332	-0.053891
1782912881.565021	0.267832	-0.023234	0.252535	-0.053291
1782912881.615138	0.269799	-0.007397	0.254812	-0.052832
1782912881.661005	0.265744	-0.013431	0.268516	-0.052357
1782912881.703152	0.262639	-0.018770	0.269985	-0.052231
1782912881.753220	0.260953	-0.027597	0.255172	-0.050605
1782912881.799739	0.257369	-0.002085	0.265251	-0.049211
1782912881.851261	0.260833	0.011527	0.279238	-0.048785
1782912881.904922	0.257554	-0.006974	0.287359	-0.047825
1782912881.974691	0.257119	0.007908	0.258889	-0.047792
1782912882.018273	0.258837	-0.000914	0.259404	-0.046141
1782912882.066597	0.260080	-0.025676	0.251691	-0.046590
1782912882.158803	0.263712	0.012726	0.255445	-0.046735
1782912882.233208	0.270389	0.018167	0.250831	-0.047545
1782912882.291178	0.272170	0.024639	0.258139	-0.047752
1782912882.373901	0.272428	0.020685	0.254476	-0.046943
1782912882.442536	0.266134	0.022330	0.268106	-0.045288
1782912882.488773	0.258598	0.045278	0.256339	-0.042257
1782912882.536723	0.252907	0.025346	0.257021	-0.042719
1782912882.594955	0.252997	0.043419	0.247984	-0.042053
1782912882.641069	0.248559	0.051741	0.252781	-0.041650
1782912882.688523	0.253078	0.044316	0.239328	-0.040745
1782912882.732641	0.256184	0.053849	0.223400	-0.041408
1782912882.782098	0.264063	0.027726	0.247896	-0.043020
1782912882.832799	0.270581	0.003783	0.246937	-0.041915
1782912882.882452	0.273266	0.032954	0.244519	-0.042100
1782912882.933293	0.274907	0.011137	0.248667	-0.041707
1782912882.980708	0.274382	-0.008579	0.240111	-0.041219
1782912883.031808	0.270063	-0.005479	0.236627	-0.039637
1782912883.081434	0.263874	0.003938	0.242670	-0.039487
1782912883.129110	0.255233	-0.016747	0.252626	-0.039546
1782912883.221888	0.255040	0.011329	0.247849	-0.039133
1782912883.285748	0.252620	0.045210	0.268582	-0.037288
1782912883.334936	0.255474	0.033248	0.260103	-0.036957
1782912883.378162	0.261607	0.034090	0.267976	-0.036865
1782912883.425633	0.265319	0.013705	0.282722	-0.036088
1782912883.525121	0.269142	-0.023170	0.294524	-0.036397
1782912883.580852	0.274282	-0.009586	0.264999	-0.036564
1782912883.633815	0.271640	-0.049301	0.284467	-0.035384
1782912883.706526	0.268098	-0.015727	0.262854	-0.035137
1782912883.752691	0.260132	-0.012655	0.261344	-0.035283
1782912883.803208	0.259289	0.006730	0.249795	-0.034839
1782912883.858827	0.258138	-0.013498	0.257075	-0.034848
1782912883.904840	0.257530	0.000052	0.258196	-0.033863
1782912883.954142	0.255482	-0.002202	0.256788	-0.034464
1782912884.004160	0.257242	0.016888	0.250153	-0.033725
1782912884.055376	0.262792	0.001851	0.237803	-0.034672
1782912884.101898	0.265993	0.033851	0.256821	-0.034506
1782912884.150960	0.268614	0.027052	0.251615	-0.035777
