时间(s)	角速度roll(rad/s)	角速度pitch(rad/s)	角速度yaw(rad/s)	推力
1782832724.443991	0.000000	0.000270	3.115507	-0.269570
1782832724.459073	0.000000	0.009736	3.123283	-0.269570
1782832724.472815	0.000000	0.035940	3.115195	-0.269792
1782832724.486095	0.000000	0.046002	3.092124	-0.270361
1782832724.499514	0.000000	0.042725	2.994857	-0.269213
1782832724.514186	0.000000	0.057090	2.806103	-0.269423
1782832724.527649	0.000000	0.048556	2.668988	-0.268161
1782832724.542939	0.000000	0.055391	2.521095	-0.269411
1782832724.559285	0.000000	0.073456	2.285848	-0.266937
1782832724.574630	0.000000	0.063646	2.088109	-0.265964
1782832724.588179	0.000000	0.038565	1.910868	-0.265957
1782832724.604997	0.000000	0.056595	1.669693	-0.264516
1782832724.618372	0.000000	0.079159	1.582729	-0.263040
1782832724.632764	0.000000	0.071311	1.508095	-0.263040
1782832724.647304	0.000000	0.058603	1.291746	-0.262222
1782832724.661659	0.000000	0.056169	1.129037	-0.262967
1782832724.675650	0.000000	0.040198	0.910318	-0.261845
1782832724.691156	0.000000	0.049265	0.874629	-0.261850
1782832724.709038	0.000000	0.063380	0.710429	-0.261237
1782832724.725970	0.020038	0.077519	0.562990	-0.259172
1782832724.739793	0.068845	0.111985	0.442780	-0.259546
1782832724.756023	0.106821	0.129413	0.261739	-0.257047
1782832724.773542	0.118867	0.103405	0.253304	-0.257481
1782832724.795593	0.186809	0.145399	0.157538	-0.254814
1782832724.811802	0.238622	0.156641	0.032022	-0.253493
1782832724.828005	0.283133	0.173349	-0.009354	-0.252295
1782832724.853619	0.355382	0.202608	-0.095571	-0.251106
1782832724.870342	0.414004	0.167433	-0.168648	-0.249642
1782832724.886231	0.476451	0.245029	-0.194336	-0.247133
1782832724.899776	0.495764	0.221755	-0.171213	-0.246702
1782832724.917513	0.507477	0.247303	-0.218075	-0.244952
1782832724.931701	0.529740	0.282229	-0.220568	-0.243629
1782832724.948828	0.529740	0.306986	-0.241580	-0.243176
1782832724.963267	0.529740	0.328219	-0.278813	-0.241752
1782832724.976780	0.529740	0.332313	-0.221657	-0.239859
1782832724.990002	0.529740	0.369276	-0.241946	-0.238761
1782832725.005094	0.503617	0.388424	-0.195841	-0.237245
1782832725.022527	0.449280	0.381496	-0.186742	-0.236679
1782832725.038854	0.381563	0.396701	-0.221299	-0.236679
1782832725.064425	0.343052	0.473351	-0.146119	-0.232394
1782832725.080393	0.346912	0.492845	-0.120049	-0.230627
1782832725.106392	0.233841	0.521376	-0.093474	-0.227836
1782832725.121635	0.189021	0.527078	-0.118409	-0.227836
1782832725.144036	0.158667	0.556066	-0.119978	-0.225421
1782832725.157450	0.124342	0.550263	-0.085231	-0.223977
1782832725.171512	0.119765	0.564813	-0.076904	-0.222974
1782832725.188617	0.115438	0.534795	-0.054575	-0.221630
1782832725.205106	0.113608	0.498836	-0.051916	-0.219536
1782832725.218883	0.130914	0.489496	-0.046351	-0.219536
1782832725.234279	0.121887	0.486580	-0.029285	-0.217643
1782832725.247828	0.150119	0.436154	-0.039207	-0.217413
1782832725.262622	0.180640	0.416788	-0.039397	-0.216477
1782832725.277722	0.175519	0.426783	-0.036658	-0.216262
1782832725.294455	0.194775	0.345357	-0.057062	-0.215757
1782832725.308076	0.236243	0.330037	-0.008001	-0.213554
1782832725.323983	0.273909	0.295016	-0.012875	-0.213554
1782832725.339947	0.292282	0.215112	-0.020381	-0.214050
1782832725.356708	0.336441	0.163358	-0.011260	-0.212733
1782832725.372931	0.339303	0.183174	0.015387	-0.210750
1782832725.387486	0.346380	0.154899	0.023665	-0.210548
1782832725.401086	0.349778	0.162545	0.026555	-0.210756
1782832725.416131	0.372732	0.128147	0.049209	-0.209099
1782832725.429663	0.374894	0.090809	0.074483	-0.210035
1782832725.445344	0.371733	0.061098	0.088582	-0.208575
1782832725.458986	0.369127	0.049516	0.104983	-0.207932
1782832725.473552	0.374602	0.035617	0.110194	-0.207250
1782832725.487200	0.349323	0.019346	0.156573	-0.206504
1782832725.502063	0.330926	0.013544	0.174292	-0.206051
1782832725.517060	0.332809	0.039705	0.170260	-0.204568
1782832725.532087	0.274788	-0.034263	0.240620	-0.204568
1782832725.548379	0.274624	-0.020742	0.230319	-0.203730
1782832725.562602	0.252032	-0.060574	0.245244	-0.203018
1782832725.575725	0.249900	-0.043071	0.238613	-0.202421
1782832725.590818	0.222057	-0.062098	0.268026	-0.202296
1782832725.606811	0.199195	-0.088332	0.275831	-0.200550
1782832725.620075	0.189852	-0.134559	0.337075	-0.200466
1782832725.634083	0.180154	-0.149279	0.354879	-0.200315
1782832725.647428	0.177202	-0.154938	0.344773	-0.199552
1782832725.662410	0.178381	-0.158632	0.363694	-0.198837
1782832725.676383	0.184986	-0.149170	0.338295	-0.197984
1782832725.690825	0.182613	-0.151885	0.340604	-0.198381
1782832725.707330	0.198430	-0.176140	0.366943	-0.197941
1782832725.721275	0.220393	-0.202192	0.418283	-0.197941
1782832725.737563	0.218344	-0.215272	0.402840	-0.197121
1782832725.753011	0.229421	-0.224371	0.407514	-0.197376
1782832725.766619	0.255863	-0.210971	0.424031	-0.195780
1782832725.780067	0.256672	-0.215297	0.406063	-0.195646
1782832725.797441	0.290073	-0.216731	0.412043	-0.194686
1782832725.813186	0.294590	-0.179243	0.355257	-0.193641
1782832725.828703	0.308961	-0.215152	0.400657	-0.193641
1782832725.842648	0.311458	-0.187852	0.384707	-0.193727
1782832725.860639	0.328466	-0.248996	0.465131	-0.192722
1782832725.875281	0.334785	-0.209140	0.435023	-0.191320
1782832725.888775	0.330097	-0.232599	0.449419	-0.190536
1782832725.902903	0.334183	-0.198686	0.482829	-0.189904
1782832725.916636	0.322673	-0.226865	0.484431	-0.189210
1782832725.931066	0.325295	-0.208974	0.458312	-0.187807
1782832725.946793	0.310128	-0.186555	0.484966	-0.186763
1782832725.960828	0.296474	-0.216321	0.510189	-0.185875
1782832725.975895	0.299321	-0.188607	0.481188	-0.184050
1782832725.989010	0.282522	-0.157213	0.504650	-0.183336
1782832726.005628	0.272370	-0.126259	0.494757	-0.180580
1782832726.020913	0.260246	-0.123823	0.514490	-0.179997
1782832726.036907	0.246097	-0.124220	0.538057	-0.178983
1782832726.051302	0.245775	-0.130170	0.523059	-0.177719
1782832726.066163	0.236906	-0.125005	0.518195	-0.175951
1782832726.079525	0.228635	-0.137669	0.542833	-0.174310
1782832726.095549	0.230591	-0.142793	0.566465	-0.172407
1782832726.110997	0.229864	-0.113148	0.535895	-0.171994
1782832726.125873	0.235509	-0.137278	0.574160	-0.169999
1782832726.140656	0.240178	-0.162108	0.591146	-0.169321
1782832726.166780	0.240026	-0.178710	0.586597	-0.166207
1782832726.186671	0.250312	-0.153134	0.576404	-0.164241
1782832726.202507	0.262179	-0.172590	0.599891	-0.163176
1782832726.217317	0.262692	-0.177758	0.575107	-0.161519
1782832726.231657	0.265514	-0.167300	0.588431	-0.160919
1782832726.246583	0.274083	-0.180605	0.580701	-0.158237
1782832726.261365	0.288722	-0.164242	0.563054	-0.157099
1782832726.275806	0.291764	-0.171109	0.529319	-0.154768
1782832726.289173	0.294673	-0.175383	0.530097	-0.153684
1782832726.303308	0.293256	-0.137840	0.513912	-0.151114
1782832726.316740	0.295460	-0.158051	0.502026	-0.149265
1782832726.332720	0.295375	-0.144885	0.547876	-0.149265
1782832726.347338	0.297789	-0.147186	0.531173	-0.146172
1782832726.360869	0.297444	-0.120023	0.535663	-0.144850
1782832726.375202	0.300149	-0.143226	0.502078	-0.142868
1782832726.389565	0.302104	-0.121030	0.518607	-0.141190
1782832726.403628	0.290875	-0.145510	0.539101	-0.138509
1782832726.416808	0.290875	-0.145510	0.539101	-0.138509
1782832726.430216	0.285594	-0.098689	0.536367	-0.136556
1782832726.445487	0.273974	-0.092403	0.523062	-0.133545
1782832726.459317	0.267122	-0.075589	0.552720	-0.131995
1782832726.475681	0.267499	-0.087450	0.539144	-0.129360
1782832726.490085	0.266155	-0.072368	0.529898	-0.127677
1782832726.504672	0.254592	-0.053581	0.514931	-0.125360
1782832726.519576	0.258666	-0.071511	0.550715	-0.123520
1782832726.534030	0.258577	-0.049381	0.535055	-0.122941
1782832726.548477	0.252908	-0.054177	0.530509	-0.121204
1782832726.563269	0.248292	-0.033029	0.546652	-0.117943
1782832726.576743	0.247905	-0.032347	0.536595	-0.117097
1782832726.592003	0.248151	-0.024976	0.555947	-0.115694
1782832726.606899	0.256243	-0.012316	0.555463	-0.113177
1782832726.620076	0.254797	-0.004086	0.546443	-0.111980
1782832726.636100	0.256791	-0.037216	0.572427	-0.110112
1782832726.653982	0.256490	-0.007731	0.548712	-0.107488
1782832726.669275	0.269638	-0.002503	0.555269	-0.106077
1782832726.684053	0.273379	0.022925	0.546756	-0.103083
1782832726.699516	0.274169	0.020740	0.518550	-0.101824
1782832726.713646	0.273589	0.025114	0.519591	-0.099248
1782832726.728041	0.283205	0.040966	0.522987	-0.099248
1782832726.744183	0.283596	0.023249	0.522708	-0.098175
1782832726.758488	0.280444	0.068363	0.529395	-0.095149
1782832726.772676	0.281208	0.079704	0.494954	-0.092303
1782832726.786269	0.283039	0.047215	0.507063	-0.090750
1782832726.801661	0.286454	0.081860	0.505690	-0.089629
1782832726.815919	0.287113	0.081903	0.481195	-0.086302
1782832726.829245	0.282328	0.103999	0.483180	-0.086302
1782832726.843904	0.275652	0.095585	0.473353	-0.083362
1782832726.858164	0.272066	0.113731	0.484464	-0.081994
1782832726.872645	0.265870	0.123129	0.505757	-0.080572
1782832726.888001	0.265362	0.117904	0.477386	-0.078296
1782832726.903560	0.271165	0.132304	0.472259	-0.075377
1782832726.917512	0.264222	0.137531	0.467272	-0.075377
1782832726.931850	0.263688	0.101790	0.471347	-0.073961
1782832726.945786	0.257817	0.105776	0.468373	-0.070697
1782832726.959637	0.257353	0.107654	0.465275	-0.070036
1782832726.973840	0.249308	0.091105	0.460483	-0.067371
1782832726.987091	0.248338	0.123304	0.454482	-0.066903
1782832727.000473	0.253721	0.146618	0.428785	-0.065564
1782832727.018658	0.260302	0.136509	0.426207	-0.064268
1782832727.034218	0.259358	0.121178	0.416383	-0.062535
1782832727.050234	0.255829	0.141936	0.408676	-0.060913
1782832727.064921	0.258450	0.126182	0.408003	-0.058837
1782832727.080378	0.269756	0.150441	0.395580	-0.057847
1782832727.095403	0.269340	0.130679	0.390364	-0.056523
1782832727.109246	0.270654	0.143385	0.389133	-0.054885
1782832727.123500	0.266022	0.160599	0.379846	-0.054353
1782832727.137730	0.271610	0.173384	0.366346	-0.052669
1782832727.155274	0.273935	0.178759	0.354128	-0.051396
1782832727.170552	0.274114	0.162624	0.358522	-0.050446
1782832727.186190	0.278089	0.173657	0.332465	-0.048233
1782832727.201148	0.276682	0.196647	0.331067	-0.047521
1782832727.216070	0.271071	0.173747	0.311864	-0.045617
1782832727.230267	0.271071	0.173747	0.311864	-0.045617
1782832727.244982	0.272806	0.185057	0.306627	-0.043786
1782832727.264099	0.273443	0.171381	0.303754	-0.042283
1782832727.279431	0.273511	0.171672	0.309686	-0.041438
1782832727.296067	0.271282	0.185525	0.292225	-0.039285
1782832727.311908	0.271124	0.177269	0.296236	-0.038601
1782832727.327979	0.271035	0.195758	0.273815	-0.037912
1782832727.342066	0.264691	0.196701	0.269836	-0.037158
1782832727.359518	0.266885	0.201127	0.258564	-0.035386
1782832727.375088	0.266153	0.193016	0.272461	-0.032860
1782832727.389260	0.260792	0.167208	0.280862	-0.032487
1782832727.405058	0.260131	0.180047	0.272714	-0.031216
1782832727.419591	0.259171	0.194994	0.249848	-0.031216
1782832727.441122	0.260046	0.199078	0.241465	-0.029840
1782832727.456678	0.259090	0.201967	0.255084	-0.028168
1782832727.470790	0.261846	0.184529	0.258011	-0.027415
1782832727.485789	0.268398	0.194309	0.259742	-0.025449
1782832727.523193	0.269353	0.184971	0.226426	-0.023187
1782832727.537026	0.269376	0.163358	0.241961	-0.022740
1782832727.553646	0.269992	0.197030	0.243438	-0.021684
1782832727.567038	0.268245	0.173666	0.243488	-0.020019
1782832727.581136	0.272407	0.211904	0.244140	-0.019341
1782832727.598334	0.272159	0.157203	0.251094	-0.017751
1782832727.613367	0.272356	0.151510	0.258145	-0.016944
1782832727.626679	0.272823	0.180327	0.248635	-0.016894
1782832727.640623	0.276547	0.186014	0.241786	-0.016372
1782832727.655645	0.276825	0.173142	0.258024	-0.014739
1782832727.669856	0.271232	0.161229	0.260745	-0.014526
1782832727.685157	0.278147	0.153846	0.265308	-0.013097
1782832727.704389	0.274453	0.128481	0.271089	-0.011548
1782832727.719907	0.274867	0.131485	0.269615	-0.011169
1782832727.756506	0.273409	0.134764	0.269752	-0.010956
1782832727.785383	0.278659	0.123950	0.282346	-0.009393
1782832727.801136	0.279088	0.110244	0.291630	-0.009044
1782832727.820774	0.276065	0.082423	0.292804	-0.007967
1782832727.843387	0.277678	0.072430	0.308305	-0.007669
1782832727.860919	0.277099	0.061271	0.327867	-0.006995
1782832727.879880	0.277322	0.066741	0.304179	-0.006622
1782832727.896114	0.274919	0.064206	0.319798	-0.006802
1782832727.912761	0.274971	0.079043	0.312508	-0.006082
1782832727.927791	0.279032	0.085957	0.294601	-0.005992
1782832727.941238	0.279006	0.064188	0.309229	-0.005713
1782832727.955984	0.275581	0.052821	0.334763	-0.005559
1782832727.969922	0.275391	0.052661	0.325556	-0.005240
1782832727.984827	0.268299	0.059292	0.341258	-0.004833
1782832727.999876	0.268622	0.057489	0.340972	-0.004797
1782832728.014170	0.268273	0.067528	0.331767	-0.004178
1782832728.027588	0.261577	0.056499	0.329856	-0.004178
1782832728.040814	0.261008	0.039257	0.349502	-0.003492
1782832728.055311	0.267708	0.049900	0.352146	-0.003140
1782832728.069061	0.267329	0.053755	0.360777	-0.002818
1782832728.082816	0.267015	0.070235	0.333332	-0.002091
1782832728.096927	0.268078	0.039884	0.326751	-0.002032
1782832728.113084	0.267746	0.030632	0.328725	-0.001441
1782832728.126347	0.273495	0.029058	0.332628	-0.001441
1782832728.139603	0.272014	0.016426	0.338865	-0.000987
1782832728.157142	0.269325	0.010638	0.347804	-0.000677
1782832728.171818	0.269345	0.003891	0.348545	-0.000023
1782832728.185698	0.270018	0.014672	0.358383	-0.000031
1782832728.200045	0.274178	-0.008481	0.365165	0.000237
1782832728.216543	0.277393	0.014125	0.337818	0.000376
1782832728.232386	0.277393	0.014125	0.337818	0.000376
1782832728.248763	0.285289	-0.008346	0.341290	0.000744
1782832728.263810	0.283451	-0.002791	0.335911	0.001272
1782832728.278933	0.277243	-0.009448	0.340671	0.001382
1782832728.292896	0.277822	0.030424	0.334072	0.001285
1782832728.306403	0.281809	0.037574	0.346027	0.001285
1782832728.321144	0.279289	0.042288	0.348847	0.002010
1782832728.336330	0.274108	0.016903	0.351638	0.002385
1782832728.354448	0.274296	0.014854	0.359650	0.003032
1782832728.373949	0.273927	0.030017	0.375998	0.003280
1782832728.387906	0.271325	0.052368	0.374295	0.004082
1782832728.403575	0.270386	0.056382	0.373817	0.003885
1782832728.417096	0.266439	0.053715	0.367287	0.005065
1782832728.433981	0.266439	0.053715	0.367287	0.005065
1782832728.449010	0.266032	0.025001	0.389499	0.005637
1782832728.463560	0.268675	0.044700	0.386868	0.006315
1782832728.478973	0.266150	0.048044	0.358917	0.006828
1782832728.492580	0.265382	0.055945	0.356266	0.007018
1782832728.506948	0.267224	0.056527	0.349485	0.008113
1782832728.520889	0.271292	0.064768	0.368902	0.008113
1782832728.536523	0.270769	0.063939	0.380175	0.008853
1782832728.549841	0.268855	0.053089	0.387512	0.009361
1782832728.563656	0.265336	0.051082	0.356482	0.009789
1782832728.578174	0.271235	0.037753	0.369252	0.010471
1782832728.591977	0.271062	0.062996	0.357110	0.010962
1782832728.606292	0.275315	0.044180	0.353178	0.011420
1782832728.620306	0.279019	0.039176	0.362093	0.011757
1782832728.633761	0.279399	0.069253	0.353764	0.012137
1782832728.647480	0.283520	0.049726	0.345463	0.011974
1782832728.661636	0.284486	0.052596	0.331555	0.012103
1782832728.678287	0.282861	0.054469	0.323559	0.013182
1782832728.693472	0.283713	0.022718	0.329971	0.013548
1782832728.707546	0.286308	0.041399	0.328305	0.013936
1782832728.723230	0.283940	0.051843	0.333986	0.013124
1782832728.736946	0.278363	0.064378	0.317095	0.013795
1782832728.752206	0.278517	0.062951	0.306412	0.014298
1782832728.767297	0.281175	0.053780	0.330088	0.014819
1782832728.783204	0.279196	0.063805	0.324885	0.014341
1782832728.796823	0.279488	0.093709	0.309809	0.014445
1782832728.817242	0.278599	0.092255	0.293696	0.014947
1782832728.833810	0.280381	0.073320	0.307829	0.015046
1782832728.847745	0.277262	0.072337	0.306993	0.015646
1782832728.861911	0.277265	0.090291	0.315410	0.015247
1782832728.876199	0.271473	0.071840	0.323225	0.016083
1782832728.890863	0.271336	0.080156	0.328172	0.016760
1782832728.905653	0.270871	0.084969	0.305660	0.015875
1782832728.919430	0.273544	0.098600	0.308084	0.015875
1782832728.934836	0.269432	0.115880	0.312748	0.017013
1782832728.949391	0.269423	0.111974	0.320168	0.017244
1782832728.963596	0.270475	0.121290	0.296284	0.016507
1782832728.978274	0.275539	0.107453	0.312367	0.017295
1782832728.992695	0.274823	0.110359	0.315600	0.017302
1782832729.005985	0.272699	0.119089	0.303574	0.017700
1782832729.019799	0.270936	0.121798	0.317623	0.017520
1782832729.034137	0.270700	0.111855	0.325459	0.018014
1782832729.047681	0.270592	0.108975	0.342909	0.018633
1782832729.061574	0.271050	0.109448	0.340105	0.018299
1782832729.076985	0.274356	0.132549	0.322384	0.018710
1782832729.094028	0.276827	0.147473	0.321693	0.018922
1782832729.107778	0.276756	0.131073	0.324341	0.019036
1782832729.122100	0.274839	0.127560	0.313864	0.019036
1782832729.137833	0.274873	0.147831	0.310643	0.019246
1782832729.152327	0.279668	0.148643	0.309492	0.019402
1782832729.166552	0.279223	0.163905	0.314433	0.020154
1782832729.180377	0.272752	0.161026	0.324803	0.020107
1782832729.195884	0.273008	0.180645	0.330121	0.020206
1782832729.209182	0.272405	0.160514	0.340627	0.020813
1782832729.224894	0.271351	0.173845	0.351038	0.020835
1782832729.238987	0.268062	0.176581	0.348747	0.020923
1782832729.253803	0.267675	0.184013	0.338459	0.021029
1782832729.267324	0.267476	0.177999	0.345874	0.021591
1782832729.282161	0.264760	0.182034	0.342957	0.022038
1782832729.296566	0.263714	0.167635	0.340607	0.022796
1782832729.312008	0.266663	0.175152	0.346944	0.022827
1782832729.325745	0.264693	0.185566	0.323059	0.022836
1782832729.339819	0.264144	0.194756	0.331201	0.023314
1782832729.356686	0.266606	0.179265	0.340075	0.024326
1782832729.370490	0.266211	0.175867	0.346903	0.024740
1782832729.387760	0.266921	0.162851	0.369078	0.025476
1782832729.405142	0.260490	0.149657	0.341252	0.026367
1782832729.419781	0.263230	0.141496	0.331954	0.026387
1782832729.440431	0.263073	0.129738	0.331658	0.026747
1782832729.459525	0.272526	0.125941	0.341099	0.027310
1782832729.477057	0.272764	0.143481	0.326757	0.027569
1782832729.495650	0.281116	0.118204	0.296635	0.028309
1782832729.510256	0.281565	0.105294	0.299204	0.027922
1782832729.525515	0.284411	0.095657	0.290383	0.028409
1782832729.538899	0.283332	0.090058	0.292943	0.028463
1782832729.553612	0.283843	0.106864	0.292303	0.029116
1782832729.568943	0.284386	0.115465	0.287906	0.029016
1782832729.584359	0.282574	0.109179	0.293294	0.029648
1782832729.599327	0.279124	0.092904	0.292132	0.029287
1782832729.615301	0.279806	0.084736	0.299686	0.029039
1782832729.628559	0.279289	0.088460	0.293659	0.029039
1782832729.644592	0.275393	0.073977	0.296198	0.029512
1782832729.657985	0.269949	0.065180	0.295955	0.029424
1782832729.673428	0.269972	0.076342	0.291222	0.029586
1782832729.687222	0.272286	0.083731	0.286849	0.029093
1782832729.702497	0.271977	0.077811	0.292234	0.029187
1782832729.716495	0.260814	0.098462	0.271330	0.029765
1782832729.729803	0.260814	0.098462	0.271330	0.029765
1782832729.745561	0.263761	0.120053	0.289453	0.029585
1782832729.759643	0.265453	0.118700	0.291680	0.029566
1782832729.773769	0.264377	0.118108	0.281925	0.030668
1782832729.787610	0.262787	0.084634	0.267760	0.030623
1782832729.803451	0.265308	0.053206	0.287053	0.030968
1782832729.819700	0.265686	0.054610	0.293683	0.030968
1782832729.834478	0.265314	0.052662	0.285920	0.031509
1782832729.847977	0.262531	0.046433	0.294058	0.031664
1782832729.862412	0.262771	0.038379	0.286711	0.031855
1782832729.875653	0.262555	0.039584	0.283645	0.031792
1782832729.888924	0.264888	0.047901	0.288173	0.032072
1782832729.903606	0.265001	0.067947	0.288662	0.032375
1782832729.918653	0.265121	0.056891	0.286826	0.032177
1782832729.932679	0.270124	0.047532	0.285343	0.032040
1782832729.945996	0.274720	0.034233	0.283479	0.032495
1782832729.959813	0.275712	0.032780	0.267421	0.032315
1782832729.973674	0.276324	0.052157	0.265165	0.032008
1782832729.987216	0.278603	0.043828	0.266469	0.032387
1782832730.002052	0.281985	0.057766	0.265474	0.032484
1782832730.016945	0.282788	0.047211	0.278418	0.032936
1782832730.030633	0.286256	0.048495	0.287058	0.032936
1782832730.047971	0.283772	0.020607	0.293949	0.032754
1782832730.062124	0.275502	0.011050	0.287594	0.032792
1782832730.076597	0.276079	0.003586	0.286325	0.033206
1782832730.089778	0.277247	0.004894	0.282918	0.033033
1782832730.104055	0.278866	0.024209	0.278579	0.033155
1782832730.121851	0.272513	0.004076	0.264651	0.033076
1782832730.136423	0.272662	-0.011702	0.271830	0.033385
1782832730.149867	0.272315	-0.014749	0.284927	0.033554
1782832730.165417	0.269184	0.004275	0.305081	0.033587
1782832730.179795	0.265373	0.006972	0.298886	0.033870
1782832730.195294	0.264938	0.021964	0.299445	0.034117
1782832730.208903	0.266533	0.018169	0.296511	0.034010
1782832730.223282	0.268062	-0.001259	0.304609	0.034445
1782832730.236672	0.268041	-0.001462	0.313900	0.034639
1782832730.249935	0.266369	0.003334	0.307123	0.034633
1782832730.264956	0.266767	-0.014942	0.302431	0.034616
1782832730.279366	0.267856	-0.011394	0.300122	0.034717
1782832730.292831	0.267498	-0.012042	0.330633	0.034559
1782832730.306296	0.268634	-0.022749	0.334596	0.034954
1782832730.319854	0.268655	-0.017659	0.330711	0.035028
1782832730.338685	0.272525	-0.000172	0.325161	0.034898
1782832730.354556	0.272886	-0.008212	0.335029	0.035470
1782832730.368253	0.270089	0.003196	0.310856	0.035149
1782832730.383334	0.269969	-0.019112	0.317174	0.036033
1782832730.397563	0.271260	-0.007375	0.301267	0.035719
1782832730.411786	0.277263	0.013464	0.317428	0.035388
1782832730.426337	0.271440	0.004641	0.337635	0.035350
1782832730.440306	0.271348	-0.006333	0.341337	0.036047
1782832730.455601	0.270786	-0.006125	0.335225	0.036233
1782832730.471451	0.278184	-0.005777	0.348757	0.035974
1782832730.486780	0.279315	-0.006195	0.344085	0.036299
1782832730.502733	0.278896	0.010664	0.333154	0.036477
1782832730.523360	0.279081	-0.004361	0.339285	0.036412
1782832730.549034	0.278449	0.006021	0.333636	0.036937
1782832730.565262	0.274601	0.006740	0.329014	0.037488
1782832730.579915	0.274521	-0.007841	0.339466	0.037521
1782832730.595076	0.273188	0.010139	0.352014	0.037368
1782832730.608875	0.267486	0.008785	0.348995	0.037951
1782832730.624192	0.267601	0.016156	0.355419	0.038275
1782832730.638727	0.268030	0.030167	0.345690	0.038148
1782832730.654678	0.259036	0.039566	0.334793	0.037645
1782832730.668704	0.258715	0.046299	0.335371	0.038325
1782832730.683295	0.260600	0.031674	0.363782	0.038605
1782832730.696431	0.259636	0.020865	0.364376	0.038645
1782832730.710088	0.261667	0.032833	0.370055	0.038768
1782832730.726096	0.263298	0.032458	0.368519	0.039112
1782832730.740446	0.268462	0.035679	0.338213	0.039533
1782832730.754493	0.267837	0.043473	0.336778	0.040073
1782832730.768594	0.272839	0.024894	0.336460	0.039859
1782832730.784024	0.272737	-0.002728	0.340147	0.040413
1782832730.797976	0.274929	0.006990	0.332258	0.040825
1782832730.812768	0.274979	0.017479	0.328337	0.040795
1782832730.828340	0.277827	0.014365	0.342976	0.040222
1782832730.841894	0.277889	0.010492	0.351954	0.040506
1782832730.856431	0.272310	0.022379	0.346043	0.040209
1782832730.873481	0.272353	0.018937	0.356289	0.040455
1782832730.889657	0.278769	0.040819	0.352377	0.040902
1782832730.909168	0.277815	0.026585	0.346243	0.040624
1782832730.927528	0.280277	0.014495	0.325860	0.040805
1782832730.944475	0.280083	0.024087	0.317852	0.040473
1782832730.962781	0.271676	0.021264	0.317900	0.040905
1782832730.977467	0.275515	0.019793	0.338334	0.041154
1782832730.990784	0.275382	0.007685	0.344701	0.041937
1782832731.005359	0.269692	0.015096	0.338980	0.042231
1782832731.020688	0.266415	0.019240	0.322027	0.042568
1782832731.033984	0.266185	0.010369	0.328442	0.042297
1782832731.047791	0.266412	0.027943	0.305112	0.041904
1782832731.063904	0.262684	0.030336	0.312675	0.042071
1782832731.077352	0.262025	0.020864	0.315497	0.042218
1782832731.091293	0.260201	0.017861	0.324480	0.042496
1782832731.106947	0.261089	0.040690	0.336001	0.042338
1782832731.120407	0.263003	0.045907	0.334541	0.042338
1782832731.136102	0.268601	0.047617	0.324342	0.042778
1782832731.150156	0.268531	0.060433	0.331590	0.042533
1782832731.164381	0.274056	0.049450	0.315980	0.042879
1782832731.177740	0.274116	0.044615	0.310345	0.042843
1782832731.191037	0.272924	0.036570	0.309766	0.042891
1782832731.206755	0.273785	0.034997	0.320459	0.043042
1782832731.221545	0.278987	0.044181	0.330058	0.043487
1782832731.237043	0.276163	0.042082	0.342291	0.043396
1782832731.250412	0.276325	0.065107	0.334334	0.043538
1782832731.266548	0.269919	0.046726	0.322023	0.044016
1782832731.279914	0.273588	0.045810	0.310326	0.044519
1782832731.294498	0.273790	0.039141	0.309398	0.044469
1782832731.308107	0.273157	0.040684	0.321878	0.044815
1782832731.323973	0.269295	0.050262	0.322900	0.044748
1782832731.338920	0.269439	0.051392	0.322993	0.044244
1782832731.352826	0.270654	0.049157	0.326010	0.044775
1782832731.366151	0.269845	0.040981	0.317897	0.045081
1782832731.379798	0.269966	0.046257	0.330170	0.044536
1782832731.393426	0.273467	0.059514	0.326999	0.044881
1782832731.406987	0.273571	0.039341	0.312713	0.045075
1782832731.420959	0.267250	0.031974	0.309439	0.045224
1782832731.436631	0.266599	0.050740	0.327052	0.044928
1782832731.450319	0.266385	0.037669	0.327310	0.045386
1782832731.466419	0.266503	0.035979	0.351214	0.046082
1782832731.479884	0.261879	0.052279	0.343286	0.046010
1782832731.495692	0.261276	0.049509	0.355272	0.046509
1782832731.510302	0.260585	0.027033	0.339967	0.046685
1782832731.524642	0.263913	0.035463	0.339636	0.047079
1782832731.539278	0.265634	0.027674	0.346507	0.046806
1782832731.556369	0.265691	0.022814	0.343874	0.046967
1782832731.574713	0.269807	0.023762	0.336918	0.047663
1782832731.589423	0.270758	0.011246	0.342501	0.047750
1782832731.603730	0.267054	0.002132	0.336420	0.047790
1782832731.619372	0.267264	0.017920	0.328405	0.047728
1782832731.635137	0.270714	0.014058	0.337442	0.047726
1782832731.655160	0.273878	0.026104	0.340322	0.047633
1782832731.668631	0.274214	0.040456	0.338524	0.047426
1782832731.682673	0.272634	0.037673	0.333428	0.047758
1782832731.696395	0.273255	0.049677	0.324478	0.047688
1782832731.713408	0.276672	0.067896	0.333241	0.048296
1782832731.726982	0.277182	0.068282	0.336350	0.048296
1782832731.740707	0.278937	0.075119	0.332635	0.048600
1782832731.757092	0.277288	0.075074	0.323634	0.048067
1782832731.772758	0.277271	0.081927	0.321761	0.048279
1782832731.786312	0.268809	0.067343	0.321029	0.048696
1782832731.799940	0.269272	0.078854	0.338944	0.049066
1782832731.815587	0.266655	0.077731	0.375625	0.049382
1782832731.829276	0.266655	0.077731	0.375625	0.049382
1782832731.843303	0.261074	0.061045	0.366027	0.049533
1782832731.859800	0.266228	0.079477	0.357171	0.049506
1782832731.873420	0.265915	0.077309	0.356635	0.050266
1782832731.887212	0.269129	0.070508	0.360869	0.049827
1782832731.901139	0.268031	0.068470	0.350561	0.049699
1782832731.916191	0.267516	0.056170	0.355377	0.050325
1782832731.930671	0.266435	0.054192	0.358716	0.050325
1782832731.945943	0.267527	0.067676	0.371019	0.049896
1782832731.960395	0.264745	0.065820	0.394054	0.050276
1782832731.974997	0.264700	0.058978	0.396830	0.050558
1782832731.988380	0.270869	0.087799	0.388447	0.050549
1782832732.003165	0.274209	0.084876	0.377743	0.050643
1782832732.017177	0.270127	0.082296	0.363136	0.050788
1782832732.034039	0.268409	0.071585	0.355774	0.050830
1782832732.047742	0.268529	0.081666	0.357254	0.051201
1782832732.061424	0.272261	0.078343	0.370147	0.051585
1782832732.075927	0.271247	0.073322	0.376429	0.051251
1782832732.089376	0.271296	0.070111	0.381611	0.051411
1782832732.102921	0.269365	0.050950	0.374282	0.051531
1782832732.117190	0.274330	0.063613	0.357560	0.050986
1782832732.133270	0.274541	0.046110	0.358550	0.050589
1782832732.147693	0.280296	0.068690	0.348881	0.050739
1782832732.162300	0.280724	0.062555	0.331400	0.050934
1782832732.176339	0.274815	0.073709	0.327498	0.050957
1782832732.189500	0.274999	0.078434	0.337806	0.050703
1782832732.203214	0.273819	0.070693	0.345563	0.050923
1782832732.218056	0.269613	0.079119	0.371846	0.050849
1782832732.232678	0.269613	0.089058	0.372677	0.050997
1782832732.246035	0.263652	0.084286	0.368820	0.051058
1782832732.259444	0.264730	0.067297	0.349071	0.050891
1782832732.273425	0.264293	0.086174	0.338125	0.050763
1782832732.286989	0.265352	0.078957	0.340807	0.050963
1782832732.300461	0.262963	0.066471	0.338091	0.051298
1782832732.316662	0.262729	0.082427	0.336445	0.051105
1782832732.335004	0.263106	0.064153	0.331341	0.051105
1782832732.348352	0.265246	0.065007	0.341107	0.051197
1782832732.362651	0.266351	0.075289	0.343419	0.050859
1782832732.376165	0.266070	0.083635	0.342505	0.050957
1782832732.390002	0.269289	0.059839	0.329671	0.051311
1782832732.405517	0.268710	0.079616	0.305102	0.051327
1782832732.419091	0.267039	0.059172	0.304831	0.051298
1782832732.432781	0.266807	0.055877	0.303759	0.051100
1782832732.447097	0.267979	0.073383	0.294775	0.051179
1782832732.460532	0.270617	0.064197	0.306961	0.051031
1782832732.477468	0.272992	0.048850	0.316828	0.051153
1782832732.492329	0.273386	0.075113	0.298416	0.050795
1782832732.507306	0.271784	0.041666	0.313139	0.050868
1782832732.521021	0.274252	0.038689	0.307220	0.050868
1782832732.559079	0.278320	0.025300	0.320402	0.051452
1782832732.573565	0.278677	0.047186	0.313691	0.050650
1782832732.587481	0.274850	0.024899	0.304627	0.051029
1782832732.601604	0.275583	0.023069	0.285652	0.050986
1782832732.616532	0.276439	0.025395	0.294428	0.051091
1782832732.632516	0.276439	0.025395	0.294428	0.051091
1782832732.646752	0.271505	0.008506	0.307906	0.051216
1782832732.660921	0.269465	0.016622	0.315506	0.050816
1782832732.679045	0.269315	0.004948	0.323974	0.051224
1782832732.697686	0.273063	-0.006863	0.301658	0.050937
1782832732.712803	0.272897	0.014743	0.310107	0.050718
1782832732.729058	0.264264	-0.002733	0.313437	0.051298
