时间(s)	位置x(m)	位置y(m)	位置z(m)	欧拉角roll(rad)	欧拉角pitch(rad)	欧拉角yaw(rad)	速度x(m/s)	速度y(m/s)	速度z(m/s)
1782907272.565561	0.261748	-0.748286	1.201521	0.002900	0.019421	-0.096991	-0.001014	0.006282	-0.009341
1782907272.585310	0.261782	-0.748292	1.201729	0.003387	0.020476	-0.098627	-0.001014	0.006282	-0.009341
1782907272.605592	0.261913	-0.748373	1.201854	0.001805	0.019988	-0.099464	0.004502	0.011486	0.015008
1782907272.625506	0.262046	-0.748740	1.202258	0.002867	0.021322	-0.108433	0.000900	0.011438	0.040603
1782907272.645473	0.262293	-0.749252	1.203400	0.005736	0.021741	-0.117565	0.000900	0.011438	0.040603
1782907272.666126	0.262607	-0.749504	1.206166	0.001881	0.024076	-0.127790	0.005006	0.019553	0.148646
1782907272.685285	0.262658	-0.749805	1.207945	0.005052	0.023644	-0.130571	0.003090	0.022774	0.233990
1782907272.705184	0.262886	-0.750299	1.213145	0.000836	0.024041	-0.140063	-0.000746	0.027328	0.298453
1782907272.725544	0.263328	-0.750513	1.219920	0.000124	0.025571	-0.150917	-0.005227	0.028158	0.338419
1782907272.745994	0.263557	-0.751122	1.227794	-0.000964	0.023254	-0.159468	0.001124	0.028066	0.370874
1782907272.766318	0.263727	-0.751245	1.232057	-0.000184	0.023425	-0.163988	0.001381	0.029442	0.383857
1782907272.786037	0.264189	-0.751713	1.240873	-0.001688	0.024783	-0.173497	0.004007	0.028295	0.377926
1782907272.805614	0.264640	-0.752048	1.249243	-0.003229	0.026804	-0.184067	0.005777	0.026912	0.348883
1782907272.825428	0.264945	-0.752650	1.257411	-0.000420	0.024953	-0.191545	0.004584	0.026523	0.301604
1782907272.844686	0.265525	-0.753176	1.264169	0.002030	0.026810	-0.199049	0.003831	0.028756	0.257414
1782907272.865792	0.265808	-0.753347	1.270098	0.001084	0.026290	-0.211188	0.004924	0.026686	0.214884
1782907272.885466	0.266011	-0.753653	1.272683	0.003398	0.027690	-0.215561	0.007642	0.025670	0.163143
1782907272.905217	0.266524	-0.754209	1.276546	0.005548	0.025800	-0.224384	0.012567	0.020118	0.115935
1782907272.926014	0.266879	-0.754400	1.279236	0.002903	0.025712	-0.234931	0.016559	0.016039	0.079856
1782907272.946941	0.267334	-0.754952	1.280608	-0.000289	0.027456	-0.244785	0.019899	0.016907	0.029114
1782907272.965514	0.267820	-0.755279	1.281128	-0.000131	0.028727	-0.254460	0.019899	0.016907	0.029114
1782907272.985702	0.268033	-0.755379	1.281130	0.002872	0.028679	-0.259231	0.015240	0.019783	-0.032274
1782907273.004923	0.268533	-0.755940	1.280906	0.003056	0.027394	-0.268385	0.015240	0.019783	-0.032274
1782907273.024796	0.268696	-0.756328	1.279834	0.002059	0.024897	-0.279306	0.009427	0.024583	-0.048432
1782907273.045206	0.268876	-0.756445	1.278836	-0.001519	0.025050	-0.288360	0.012758	0.017148	-0.028224
1782907273.065443	0.269064	-0.756669	1.278484	-0.004099	0.025711	-0.293538	0.005029	0.023558	-0.031757
1782907273.085614	0.269471	-0.756960	1.277598	-0.003196	0.025750	-0.303398	0.002668	0.029573	-0.012425
1782907273.105444	0.269663	-0.757028	1.277294	-0.002204	0.024822	-0.312609	0.001366	0.022520	0.013462
1782907273.125876	0.269670	-0.757284	1.277160	-0.001043	0.024654	-0.321434	-0.005962	0.029925	0.025160
1782907273.145737	0.269832	-0.757311	1.277402	-0.003155	0.026284	-0.327686	-0.003010	0.030200	0.053056
1782907273.164861	0.269806	-0.757701	1.278678	-0.000988	0.025097	-0.341866	-0.008174	0.028817	0.054385
1782907273.216962	0.269715	-0.757569	1.281292	0.002689	0.025832	-0.358674	-0.012410	0.030025	0.082571
1782907273.242506	0.269635	-0.757505	1.283593	-0.002996	0.027535	-0.371750	-0.018468	0.031154	0.079383
1782907273.262039	0.269490	-0.757504	1.285356	0.005401	0.028250	-0.380864	-0.018468	0.031154	0.079383
1782907273.281757	0.269415	-0.757665	1.285733	-0.001909	0.028681	-0.384931	-0.014030	0.024530	0.086783
1782907273.302083	0.269192	-0.757709	1.287149	0.006141	0.027059	-0.393252	-0.016571	0.025279	0.064166
1782907273.323445	0.269147	-0.757600	1.288234	0.001074	0.028640	-0.400432	-0.015475	0.023938	0.036524
1782907273.341688	0.269031	-0.757759	1.288559	-0.002288	0.029367	-0.407960	-0.010078	0.017385	0.037082
1782907273.361710	0.268913	-0.757953	1.288853	0.005069	0.028930	-0.415198	-0.010078	0.017385	0.037082
1782907273.381752	0.268797	-0.757924	1.288889	0.002295	0.028118	-0.419218	-0.010560	0.016007	-0.009973
1782907273.402167	0.268601	-0.758200	1.288625	0.002623	0.029705	-0.426827	-0.010560	0.016007	-0.009973
1782907273.422864	0.268504	-0.758235	1.288125	0.002432	0.027609	-0.434498	-0.004931	0.010460	-0.011458
1782907273.443930	0.268349	-0.758444	1.287250	0.002013	0.029724	-0.441095	-0.003670	0.006551	-0.026228
1782907273.463457	0.268334	-0.758530	1.286210	0.004245	0.027725	-0.447338	-0.005384	0.007441	-0.019395
1782907273.481956	0.268152	-0.758887	1.285899	0.004960	0.026444	-0.450364	-0.005384	0.007441	-0.019395
1782907273.501944	0.268130	-0.759046	1.285434	0.001599	0.026916	-0.457056	-0.001298	0.002061	-0.009436
1782907273.521678	0.268010	-0.759261	1.284783	-0.000034	0.027559	-0.463743	-0.004097	0.004551	-0.006935
1782907273.543938	0.267856	-0.759536	1.284153	-0.004587	0.027062	-0.469961	-0.005547	-0.001371	0.000780
1782907273.563363	0.267712	-0.759704	1.283893	-0.003840	0.025764	-0.473226	-0.008458	0.004830	-0.003088
1782907273.584457	0.267749	-0.759891	1.283501	-0.002510	0.026698	-0.480002	-0.005695	-0.003410	0.017121
1782907273.604003	0.267445	-0.760141	1.283322	-0.004555	0.026829	-0.486019	-0.010832	0.004361	0.015001
1782907273.621350	0.267179	-0.760554	1.283347	-0.000475	0.026128	-0.491819	-0.004877	-0.002096	0.034924
1782907273.641934	0.266903	-0.760707	1.283770	0.000784	0.025278	-0.498386	-0.010498	-0.001460	0.024778
1782907273.661644	0.266455	-0.760898	1.284024	-0.006409	0.027937	-0.503226	-0.010276	-0.000095	0.031381
1782907273.682065	0.266414	-0.760927	1.284230	-0.003110	0.026863	-0.505584	-0.009383	-0.004076	0.038740
1782907273.701628	0.266031	-0.761262	1.284681	-0.002596	0.026955	-0.511385	-0.014140	-0.002919	0.025504
1782907273.721131	0.265829	-0.761513	1.285227	-0.003546	0.027393	-0.517057	-0.014271	-0.003157	0.043887
1782907273.741503	0.265357	-0.761672	1.285508	-0.004389	0.027976	-0.523512	-0.013961	-0.007995	0.036892
1782907273.761801	0.264904	-0.761788	1.285816	-0.004984	0.028240	-0.527353	-0.018689	-0.003244	0.034090
1782907273.782791	0.264713	-0.761902	1.286148	-0.006727	0.029095	-0.530813	-0.014705	-0.008461	0.044347
1782907273.801343	0.264276	-0.762016	1.286585	-0.007488	0.028571	-0.535297	-0.017017	-0.005750	0.021783
1782907273.821778	0.263918	-0.762169	1.286650	-0.009770	0.029179	-0.540539	-0.017098	-0.007807	0.007877
1782907273.842649	0.263512	-0.762290	1.286533	-0.008183	0.030044	-0.546653	-0.014426	-0.009381	0.007367
1782907273.862390	0.263083	-0.762508	1.286236	-0.010191	0.031938	-0.551707	-0.014389	-0.014231	-0.002197
1782907273.882195	0.262836	-0.762654	1.285935	-0.009656	0.032549	-0.553074	-0.016583	-0.008029	-0.017602
1782907273.901695	0.262320	-0.762860	1.285670	-0.012180	0.032742	-0.559719	-0.013939	-0.012769	0.005601
1782907273.921397	0.261911	-0.762946	1.285074	-0.007738	0.033172	-0.563423	-0.016016	-0.012034	-0.013210
1782907273.941167	0.261616	-0.762935	1.284749	-0.008840	0.032935	-0.568980	-0.013471	-0.013075	0.003330
1782907273.961297	0.261120	-0.763252	1.284423	-0.010639	0.031504	-0.574039	-0.011834	-0.014323	0.003223
1782907273.983995	0.260737	-0.763374	1.284464	-0.010069	0.030981	-0.576408	-0.012359	-0.012982	0.003470
1782907274.002585	0.260357	-0.763470	1.284361	-0.014740	0.029976	-0.580691	-0.012163	-0.013424	0.002056
1782907274.021700	0.260163	-0.763689	1.284173	-0.011069	0.031822	-0.585637	-0.009835	-0.014732	-0.002236
1782907274.043319	0.259772	-0.763857	1.284121	-0.013594	0.031477	-0.590714	-0.002910	-0.015388	0.007502
1782907274.062208	0.259461	-0.764085	1.284235	-0.011759	0.031858	-0.593298	-0.009169	-0.014656	0.010602
1782907274.082048	0.259223	-0.764179	1.284303	-0.010566	0.031634	-0.597611	-0.003212	-0.015306	0.012611
1782907274.101404	0.258990	-0.764432	1.284425	-0.014408	0.031997	-0.600913	-0.007702	-0.015719	0.020442
1782907274.121487	0.258785	-0.764748	1.284885	-0.011869	0.031194	-0.605297	-0.002932	-0.014601	0.030554
1782907274.143482	0.258551	-0.764824	1.285322	-0.011082	0.032993	-0.608051	0.000566	-0.022350	0.049042
1782907274.162124	0.258322	-0.764917	1.285699	-0.016042	0.034103	-0.611053	0.001288	-0.017097	0.052942
1782907274.181926	0.258084	-0.765247	1.286847	-0.011389	0.032394	-0.615667	0.002043	-0.019925	0.066049
1782907274.201963	0.258021	-0.765514	1.288039	-0.016794	0.034120	-0.619658	0.002043	-0.019925	0.066049
1782907274.222313	0.257814	-0.765815	1.289033	-0.016856	0.032943	-0.622009	0.000560	-0.016938	0.050198
1782907274.241872	0.257771	-0.766175	1.289864	-0.013588	0.030900	-0.626108	0.004095	-0.021010	0.034827
1782907274.262192	0.257696	-0.766525	1.290324	-0.013987	0.032232	-0.630458	0.000299	-0.016928	0.007787
1782907274.281983	0.257562	-0.766595	1.290518	-0.012764	0.031461	-0.632521	0.000299	-0.016928	0.007787
1782907274.302562	0.257330	-0.766810	1.290593	-0.014413	0.030713	-0.635698	0.009342	-0.022107	-0.006298
1782907274.321624	0.257181	-0.767006	1.290365	-0.012749	0.030678	-0.639958	0.008063	-0.021845	-0.034732
1782907274.341515	0.256946	-0.767319	1.289892	-0.013969	0.032725	-0.642641	0.008063	-0.021845	-0.034732
1782907274.365086	0.256784	-0.767537	1.288793	-0.009890	0.031681	-0.645613	0.011369	-0.022255	-0.039151
1782907274.382264	0.256807	-0.767689	1.288401	-0.012303	0.030480	-0.647741	0.011369	-0.022255	-0.039151
1782907274.404350	0.256799	-0.768129	1.287256	-0.011595	0.029722	-0.652452	0.009268	-0.020716	-0.051249
1782907274.421702	0.256612	-0.768208	1.286426	-0.015600	0.031455	-0.657511	0.008485	-0.022442	-0.046483
1782907274.442359	0.256479	-0.768461	1.285429	-0.012915	0.030417	-0.660748	0.008344	-0.021754	-0.039287
1782907274.462466	0.256371	-0.768622	1.284858	-0.012889	0.029744	-0.662478	0.009421	-0.020689	-0.024501
1782907274.481557	0.256298	-0.768712	1.284385	-0.018229	0.030678	-0.663861	0.009421	-0.020689	-0.024501
1782907274.502139	0.256200	-0.769039	1.284112	-0.018955	0.030351	-0.668061	0.003823	-0.020949	-0.008875
1782907274.522179	0.256185	-0.769110	1.284240	-0.020327	0.029854	-0.671155	0.009310	-0.017340	0.014231
1782907274.541731	0.256062	-0.769279	1.284761	-0.023395	0.030559	-0.674962	0.009310	-0.017340	0.014231
1782907274.561716	0.256090	-0.769390	1.285170	-0.021155	0.029234	-0.675151	0.004766	-0.017270	0.040050
1782907274.581821	0.256095	-0.769537	1.286274	-0.016647	0.029121	-0.680556	0.002907	-0.016134	0.054015
1782907274.601568	0.256035	-0.769642	1.287631	-0.020638	0.028857	-0.684000	0.002907	-0.016134	0.054015
1782907274.622358	0.256105	-0.769675	1.289059	-0.017559	0.027469	-0.686310	0.006368	-0.014736	0.064349
1782907274.641924	0.255927	-0.769818	1.290976	-0.016192	0.025892	-0.688535	0.006368	-0.014736	0.064349
1782907274.663549	0.256004	-0.769742	1.292311	-0.017646	0.027229	-0.691868	0.008548	-0.011442	0.066340
1782907274.682555	0.256132	-0.769852	1.292869	-0.024115	0.027376	-0.694131	0.007721	-0.006861	0.046717
1782907274.701619	0.256259	-0.769905	1.294567	-0.017661	0.026752	-0.695948	0.008148	-0.007518	0.052557
1782907274.721917	0.256385	-0.769816	1.295358	-0.019272	0.028573	-0.700767	0.009938	-0.007168	0.028795
1782907274.741973	0.256536	-0.769957	1.296090	-0.016557	0.028462	-0.702742	0.009938	-0.007168	0.028795
1782907274.761756	0.256673	-0.769874	1.296435	-0.017296	0.027850	-0.702665	0.007784	-0.001129	0.009608
1782907274.782540	0.256760	-0.769749	1.296492	-0.017167	0.026392	-0.705809	0.009442	-0.007578	0.018419
1782907274.802803	0.256994	-0.769740	1.296371	-0.016915	0.027970	-0.708996	0.013407	-0.007648	-0.004846
1782907274.821758	0.257246	-0.769600	1.296002	-0.013875	0.027802	-0.710948	0.014504	-0.007660	-0.015985
1782907274.842136	0.257459	-0.769554	1.295346	-0.018696	0.030210	-0.712921	0.014504	-0.007660	-0.015985
1782907274.861579	0.257348	-0.769371	1.294685	-0.016819	0.030747	-0.715519	0.009931	-0.000261	-0.039052
1782907274.882360	0.257440	-0.769200	1.294333	-0.011938	0.030138	-0.716887	0.010571	-0.002835	-0.038369
1782907274.906844	0.257983	-0.769223	1.293324	-0.013384	0.031502	-0.719793	0.009436	-0.002896	-0.041446
1782907274.924170	0.258182	-0.769176	1.292578	-0.019411	0.030876	-0.721524	0.008403	-0.006750	-0.033830
1782907274.943092	0.258144	-0.769093	1.292195	-0.017919	0.029550	-0.723055	0.009604	-0.004120	-0.018707
1782907274.962928	0.258246	-0.768980	1.291876	-0.018191	0.028845	-0.724601	0.008868	-0.008245	-0.015564
1782907274.981663	0.258290	-0.768851	1.291611	-0.015470	0.028701	-0.726250	0.008868	-0.008245	-0.015564
1782907275.002909	0.258464	-0.768659	1.291721	-0.018499	0.029409	-0.728933	0.008357	-0.005838	-0.003176
1782907275.022575	0.258547	-0.768584	1.291992	-0.016080	0.028795	-0.730391	0.007442	-0.005084	0.018070
1782907275.041566	0.258880	-0.768479	1.292533	-0.016719	0.029365	-0.732121	0.003274	-0.008309	0.020041
1782907275.061684	0.258809	-0.768443	1.292778	-0.014807	0.029370	-0.732451	0.003274	-0.008309	0.020041
1782907275.082470	0.258854	-0.768269	1.293677	-0.011309	0.028118	-0.733830	-0.000337	-0.001637	0.031386
1782907275.103200	0.258876	-0.767985	1.294673	-0.013553	0.028097	-0.735627	0.003649	-0.012182	0.042672
1782907275.122506	0.258928	-0.767805	1.295421	-0.015101	0.028198	-0.737314	0.002754	-0.010372	0.040228
1782907275.142739	0.258838	-0.767696	1.296288	-0.015603	0.027789	-0.739426	0.001471	-0.005830	0.035962
1782907275.162857	0.258956	-0.767572	1.296655	-0.017590	0.029464	-0.741150	0.001471	-0.005830	0.035962
1782907275.182420	0.258935	-0.767487	1.297384	-0.010895	0.029263	-0.742593	0.003041	-0.012097	0.034035
1782907275.201685	0.258952	-0.767432	1.297872	-0.010040	0.029812	-0.744593	0.001661	-0.013418	0.024631
1782907275.222080	0.259003	-0.767382	1.298036	-0.011978	0.030651	-0.746514	0.006019	-0.010483	0.009560
1782907275.243492	0.258937	-0.767315	1.298065	-0.012632	0.030013	-0.746840	0.006019	-0.010483	0.009560
1782907275.263137	0.258874	-0.767334	1.297597	-0.012324	0.030933	-0.748380	0.006205	-0.013643	-0.016780
1782907275.282803	0.258894	-0.767305	1.297327	-0.013764	0.030363	-0.749873	0.004410	-0.013787	-0.036379
1782907275.302770	0.258999	-0.767129	1.296577	-0.019929	0.031267	-0.751273	0.004410	-0.013787	-0.036379
1782907275.321877	0.259049	-0.767344	1.295414	-0.018467	0.031086	-0.753750	0.009064	-0.012629	-0.048473
1782907275.342793	0.259020	-0.767235	1.294178	-0.014550	0.031918	-0.754826	0.006496	-0.012180	-0.059183
1782907275.361763	0.259112	-0.767300	1.293492	-0.019512	0.032952	-0.755777	0.011908	-0.012744	-0.046372
1782907275.382653	0.259195	-0.767335	1.292327	-0.019715	0.033343	-0.758802	0.007243	-0.011630	-0.057616
1782907275.401918	0.259202	-0.767370	1.291180	-0.015962	0.033221	-0.759567	0.007243	-0.011630	-0.057616
1782907275.422083	0.259310	-0.767392	1.290118	-0.017765	0.033033	-0.760488	0.005637	-0.009747	-0.047565
1782907275.441900	0.259206	-0.767370	1.289845	-0.016119	0.031887	-0.761306	0.005637	-0.009747	-0.047565
1782907275.463381	0.259358	-0.767584	1.288958	-0.020821	0.030827	-0.764769	0.003924	-0.009617	-0.035017
1782907275.482169	0.259247	-0.767752	1.288619	-0.022644	0.031699	-0.765416	0.011515	-0.014606	-0.002583
1782907275.501870	0.259419	-0.767754	1.288329	-0.021590	0.030222	-0.767540	0.003071	-0.009208	-0.006971
1782907275.521485	0.259450	-0.767952	1.288428	-0.021278	0.030316	-0.769151	0.003071	-0.009208	-0.006971
1782907275.542279	0.259485	-0.767964	1.288794	-0.018337	0.028849	-0.770793	0.002088	-0.011888	0.016967
1782907275.561613	0.259481	-0.768039	1.289354	-0.015495	0.026768	-0.771376	0.007384	-0.010786	0.043533
1782907275.581948	0.259594	-0.768119	1.289835	-0.017123	0.027698	-0.772291	0.001236	-0.007835	0.043239
1782907275.604810	0.259476	-0.768031	1.290326	-0.017739	0.027639	-0.773352	-0.002977	-0.012229	0.052044
1782907275.624588	0.259523	-0.768260	1.292237	-0.014569	0.026250	-0.773746	0.000254	-0.008419	0.054046
1782907275.643429	0.259383	-0.768298	1.293280	-0.017766	0.026851	-0.775730	0.000254	-0.008419	0.054046
1782907275.661970	0.259483	-0.768198	1.293711	-0.019924	0.028072	-0.776860	0.002539	-0.008810	0.055145
1782907275.681559	0.259401	-0.768188	1.294704	-0.019323	0.027642	-0.777807	-0.002312	-0.010299	0.035149
1782907275.702725	0.259559	-0.768205	1.295281	-0.019350	0.028602	-0.779231	-0.006037	-0.007739	0.014178
1782907275.722833	0.259372	-0.768366	1.295624	-0.017292	0.028952	-0.780771	-0.002333	-0.009082	0.009258
1782907275.741968	0.259272	-0.768372	1.295320	-0.023495	0.030578	-0.782745	-0.002333	-0.009082	0.009258
1782907275.762648	0.259188	-0.768319	1.295128	-0.023536	0.029566	-0.783399	-0.003271	-0.007112	-0.023111
1782907275.781666	0.259277	-0.768279	1.294151	-0.021695	0.028794	-0.783937	-0.002181	-0.005532	-0.046681
1782907275.802709	0.259348	-0.768324	1.293198	-0.020519	0.030866	-0.785858	0.001964	-0.009261	-0.057919
1782907275.821768	0.259236	-0.768307	1.291992	-0.020661	0.029618	-0.787965	0.001404	-0.008661	-0.061908
1782907275.841779	0.259267	-0.768301	1.291435	-0.019768	0.029731	-0.788210	0.001822	-0.007623	-0.050642
1782907275.862942	0.259387	-0.768257	1.289880	-0.024906	0.030540	-0.790156	-0.002773	-0.003232	-0.057744
1782907275.882878	0.259380	-0.768149	1.289368	-0.025771	0.029528	-0.790094	0.000205	-0.003559	-0.021001
1782907275.903753	0.259352	-0.768037	1.289064	-0.021006	0.029345	-0.790904	-0.000566	-0.002602	-0.021892
1782907275.923092	0.259359	-0.768013	1.288653	-0.018406	0.027384	-0.794081	-0.001529	-0.003715	0.010131
1782907275.942265	0.259308	-0.767850	1.288849	-0.018741	0.027335	-0.794026	-0.001122	-0.001883	0.020886
1782907275.964964	0.259296	-0.767795	1.289439	-0.020612	0.027228	-0.794831	-0.004782	-0.001072	0.033703
1782907275.985143	0.259347	-0.767856	1.290380	-0.020166	0.027254	-0.796195	-0.005204	-0.003117	0.048139
1782907276.002156	0.259285	-0.767767	1.291492	-0.017710	0.025717	-0.796570	-0.007858	-0.002038	0.038754
1782907276.022166	0.259317	-0.767609	1.292504	-0.020106	0.027767	-0.796999	-0.009312	-0.001388	0.040023
1782907276.041765	0.259153	-0.767560	1.293005	-0.022333	0.026755	-0.797250	-0.012737	0.001644	0.029063
1782907276.065295	0.259263	-0.767385	1.293827	-0.018137	0.026840	-0.800710	-0.012737	0.001644	0.029063
1782907276.086403	0.259220	-0.767218	1.294537	-0.019644	0.028214	-0.800678	-0.006897	-0.003980	0.013479
1782907276.102508	0.259121	-0.767073	1.294807	-0.019631	0.028382	-0.802110	-0.011247	-0.001212	-0.003797
1782907276.122310	0.258950	-0.766785	1.294980	-0.019944	0.029795	-0.802341	-0.011247	-0.001212	-0.003797
1782907276.143677	0.259074	-0.766635	1.294742	-0.018609	0.029259	-0.803616	-0.009822	-0.000971	-0.025145
1782907276.162337	0.259084	-0.766665	1.294601	-0.019601	0.030172	-0.803449	-0.009822	-0.000971	-0.025145
1782907276.182824	0.259166	-0.766455	1.294243	-0.020593	0.030623	-0.804500	-0.011647	-0.001628	-0.025606
1782907276.201695	0.259107	-0.766362	1.294032	-0.019867	0.031193	-0.803671	-0.008508	0.002129	-0.023424
1782907276.221472	0.259081	-0.766101	1.293549	-0.020596	0.032647	-0.804642	-0.009238	0.001770	-0.024447
1782907276.241406	0.259221	-0.765947	1.293090	-0.020051	0.033141	-0.804852	-0.008419	0.002577	-0.020517
1782907276.263861	0.259161	-0.765671	1.292668	-0.018675	0.032491	-0.806060	-0.007895	0.000240	-0.025998
1782907276.287074	0.259140	-0.765691	1.292524	-0.017993	0.032911	-0.806973	-0.010816	0.004140	-0.022527
1782907276.305789	0.259344	-0.765401	1.292123	-0.018732	0.033830	-0.806674	-0.008960	-0.000972	-0.016298
1782907276.322224	0.259267	-0.765236	1.292017	-0.019287	0.033675	-0.807455	-0.010648	0.006202	-0.016807
1782907276.341967	0.259193	-0.765162	1.291970	-0.019879	0.032629	-0.807743	-0.010357	0.000382	-0.003644
1782907276.361638	0.259165	-0.765072	1.292083	-0.020463	0.033439	-0.807379	-0.009035	0.005435	0.005520
1782907276.382147	0.259290	-0.764861	1.292227	-0.020552	0.033273	-0.808671	-0.013954	0.003400	0.011183
1782907276.401827	0.259339	-0.764963	1.292639	-0.020760	0.033228	-0.808572	-0.005573	0.003395	0.022993
1782907276.422051	0.259480	-0.764659	1.293204	-0.017831	0.032711	-0.809216	-0.010756	0.004799	0.008825
1782907276.445749	0.259357	-0.764575	1.293610	-0.015609	0.031553	-0.809907	-0.006374	0.003554	0.021909
1782907276.461346	0.259501	-0.764544	1.293794	-0.016194	0.031352	-0.809262	-0.004720	0.001975	0.011767
1782907276.481812	0.259560	-0.764362	1.294221	-0.017752	0.032525	-0.809858	-0.005107	0.006528	0.008753
1782907276.503452	0.259813	-0.764413	1.294380	-0.018612	0.033453	-0.809725	-0.003129	0.003957	0.008528
1782907276.525688	0.259889	-0.764264	1.294691	-0.017550	0.032651	-0.809712	-0.002028	0.004969	0.001900
1782907276.542770	0.259978	-0.764214	1.294608	-0.018955	0.033139	-0.809966	-0.001192	0.005437	-0.003407
1782907276.562586	0.260305	-0.764215	1.294835	-0.019740	0.033575	-0.811079	-0.002367	0.008419	-0.010675
1782907276.581186	0.260449	-0.764184	1.294649	-0.019402	0.033207	-0.810565	-0.002367	0.008419	-0.010675
1782907276.601818	0.260766	-0.764153	1.294479	-0.018660	0.032399	-0.812328	-0.001692	0.011574	-0.035693
1782907276.624458	0.260855	-0.764212	1.294002	-0.018164	0.031901	-0.813518	0.000830	0.011966	-0.025469
1782907276.643162	0.261137	-0.764076	1.293624	-0.024987	0.033469	-0.812752	-0.002038	0.008819	-0.033058
1782907276.662738	0.261137	-0.764076	1.293624	-0.024987	0.033469	-0.812752	0.002961	0.012038	-0.017084
1782907276.681688	0.261464	-0.764066	1.293349	-0.021455	0.032269	-0.812557	0.002961	0.012038	-0.017084
1782907276.701277	0.261684	-0.763977	1.293219	-0.019192	0.031487	-0.813274	0.004923	0.012048	-0.007210
1782907276.722488	0.262082	-0.763927	1.293404	-0.021371	0.028576	-0.816024	-0.006196	0.026548	-0.003839
1782907276.741438	0.262773	-0.762482	1.294388	-0.055964	0.005027	-0.817058	-0.011173	0.036113	0.014527
1782907276.762156	0.262844	-0.761647	1.295145	-0.068720	-0.009092	-0.815574	-0.019098	0.042770	0.039330
1782907276.781231	0.263305	-0.759898	1.297229	-0.090858	-0.030801	-0.814175	-0.032269	0.063333	0.035582
1782907276.800467	0.264015	-0.757645	1.298465	-0.117440	-0.049376	-0.813671	-0.043175	0.076365	0.020611
1782907276.820600	0.264727	-0.755047	1.298778	-0.138964	-0.064822	-0.809375	-0.061079	0.098948	-0.021392
1782907276.841684	0.265377	-0.751913	1.297699	-0.154164	-0.078497	-0.805301	-0.076023	0.121722	-0.078816
1782907276.860436	0.265850	-0.750208	1.296270	-0.158590	-0.084087	-0.804297	-0.104738	0.154466	-0.149929
1782907276.880657	0.266655	-0.746383	1.292360	-0.167916	-0.092268	-0.801655	-0.130356	0.192080	-0.233283
1782907276.902224	0.267507	-0.742063	1.286371	-0.174003	-0.099349	-0.798215	-0.142472	0.218538	-0.308788
1782907276.922058	0.268690	-0.737249	1.277832	-0.183514	-0.103731	-0.794877	-0.172821	0.256285	-0.388315
1782907276.941644	0.269836	-0.731877	1.267366	-0.191716	-0.104493	-0.792868	-0.184839	0.288952	-0.474816
1782907276.961111	0.271003	-0.725865	1.254531	-0.191590	-0.108214	-0.789601	-0.184839	0.288952	-0.474816
1782907276.980552	0.271545	-0.722649	1.247082	-0.194101	-0.107614	-0.789320	-0.221457	0.329527	-0.554802
1782907277.000462	0.272784	-0.716009	1.230932	-0.190942	-0.107886	-0.786604	-0.264397	0.402737	-0.740294
1782907277.020596	0.273477	-0.712531	1.221648	-0.192746	-0.107935	-0.783224	-0.274966	0.427215	-0.816928
1782907277.042048	0.275632	-0.701079	1.191051	-0.191782	-0.102173	-0.781374	-0.307339	0.470143	-0.924359
1782907277.061481	0.276145	-0.697114	1.179661	-0.188909	-0.101612	-0.780193	-0.314871	0.493117	-0.981083
1782907277.080585	0.277767	-0.688543	1.155625	-0.182563	-0.096432	-0.777593	-0.337479	0.526657	-1.063972
1782907277.102755	0.279347	-0.679622	1.129687	-0.176928	-0.091896	-0.779483	-0.337479	0.526657	-1.063972
1782907277.121880	0.281332	-0.669749	1.103160	-0.164159	-0.088745	-0.775460	-0.354953	0.572245	-1.126754
1782907277.140800	0.283327	-0.659047	1.076507	-0.161902	-0.083520	-0.773735	-0.366817	0.592579	-1.115475
1782907277.161115	0.284352	-0.653404	1.063283	-0.153797	-0.082675	-0.773394	-0.386444	0.616884	-1.079506
1782907277.180972	0.286759	-0.641669	1.038114	-0.147020	-0.078172	-0.770574	-0.395926	0.636025	-0.996999
1782907277.201455	0.289153	-0.628593	1.015129	-0.138494	-0.074033	-0.768371	-0.405573	0.650418	-0.903584
1782907277.221875	0.291798	-0.614279	0.995038	-0.132245	-0.070507	-0.765864	-0.405573	0.650418	-0.903584
1782907277.240809	0.293102	-0.607016	0.986108	-0.128219	-0.069491	-0.764094	-0.427214	0.676744	-0.696448
1782907277.261520	0.295840	-0.591575	0.971315	-0.118776	-0.066441	-0.760497	-0.443965	0.698764	-0.468004
1782907277.281825	0.298674	-0.574939	0.960914	-0.106345	-0.068010	-0.756587	-0.443965	0.698764	-0.468004
1782907277.301287	0.301812	-0.557490	0.954147	-0.097516	-0.063769	-0.753417	-0.453504	0.723825	-0.156223
1782907277.321982	0.304902	-0.539706	0.950901	-0.085969	-0.062234	-0.749532	-0.465518	0.736561	-0.044828
1782907277.341952	0.306274	-0.530296	0.950611	-0.076376	-0.063859	-0.745743	-0.465518	0.736561	-0.044828
1782907277.361926	0.309294	-0.511390	0.951451	-0.068881	-0.060083	-0.739501	-0.474173	0.746259	0.030753
1782907277.380820	0.311896	-0.492367	0.953438	-0.057919	-0.055582	-0.733298	-0.479348	0.750367	0.084050
1782907277.401227	0.314833	-0.472926	0.955866	-0.045297	-0.055046	-0.725067	-0.486958	0.764998	0.104522
1782907277.422018	0.317347	-0.453379	0.958272	-0.044538	-0.049928	-0.716763	-0.484780	0.765497	0.089323
1782907277.440733	0.320019	-0.433939	0.959821	-0.026457	-0.048287	-0.709177	-0.482576	0.776592	0.045076
1782907277.461452	0.322778	-0.414535	0.960040	-0.012666	-0.047774	-0.700526	-0.477899	0.779701	-0.010726
1782907277.481101	0.323989	-0.405074	0.959663	-0.011458	-0.044704	-0.698572	-0.478644	0.786481	-0.082023
1782907277.501018	0.326574	-0.385942	0.957505	0.001796	-0.044843	-0.689409	-0.465065	0.782279	-0.147491
1782907277.523053	0.329145	-0.366643	0.954049	0.009540	-0.041942	-0.681135	-0.464989	0.778518	-0.217512
1782907277.540997	0.331645	-0.347738	0.949082	0.019182	-0.040051	-0.675852	-0.465056	0.774804	-0.278791
1782907277.560811	0.333809	-0.329153	0.943371	0.031046	-0.041664	-0.669138	-0.472033	0.770836	-0.334350
1782907277.580786	0.335082	-0.319634	0.940288	0.035129	-0.040038	-0.664027	-0.463253	0.746229	-0.387387
1782907277.600788	0.336647	-0.301143	0.934172	0.049132	-0.040407	-0.657364	-0.463253	0.746229	-0.387387
1782907277.625039	0.338510	-0.283080	0.928145	0.058171	-0.040526	-0.652700	-0.468729	0.721081	-0.373807
1782907277.640766	0.339603	-0.265097	0.923205	0.062888	-0.042121	-0.645847	-0.468729	0.721081	-0.373807
1782907277.661311	0.340294	-0.247693	0.919257	0.071416	-0.045346	-0.636255	-0.465587	0.701822	-0.327139
1782907277.681809	0.340303	-0.239115	0.917914	0.073672	-0.044751	-0.635359	-0.470574	0.686085	-0.259345
1782907277.701784	0.340354	-0.222497	0.916578	0.074687	-0.045882	-0.627595	-0.473424	0.666925	-0.199663
1782907277.721165	0.339438	-0.206175	0.917186	0.082611	-0.049072	-0.620075	-0.486187	0.630038	-0.033242
1782907277.741725	0.337932	-0.190407	0.919745	0.091393	-0.048430	-0.612850	-0.492518	0.607780	0.031307
1782907277.761680	0.336811	-0.182816	0.921678	0.092265	-0.050672	-0.608859	-0.492518	0.607780	0.031307
1782907277.780911	0.334381	-0.167654	0.926293	0.095694	-0.050374	-0.602985	-0.495340	0.589373	0.101022
1782907277.801082	0.330979	-0.153203	0.931703	0.097487	-0.049625	-0.594156	-0.503531	0.566571	0.143523
1782907277.823165	0.327336	-0.139278	0.937217	0.103430	-0.048406	-0.586006	-0.524743	0.528003	0.160898
1782907277.842460	0.324989	-0.132369	0.939987	0.106173	-0.047965	-0.580029	-0.530461	0.503181	0.130253
1782907277.861009	0.320439	-0.118823	0.944446	0.104752	-0.044453	-0.571987	-0.536258	0.484243	0.073411
1782907277.881143	0.315610	-0.105695	0.947911	0.104462	-0.041732	-0.563472	-0.536258	0.484243	0.073411
1782907277.901215	0.310097	-0.092728	0.949751	0.107075	-0.040295	-0.556744	-0.552729	0.442570	-0.030529
1782907277.921373	0.304449	-0.080157	0.950344	0.102199	-0.036783	-0.547224	-0.558734	0.418425	-0.091399
1782907277.941854	0.298513	-0.067904	0.949184	0.109495	-0.034863	-0.539494	-0.572926	0.397392	-0.152633
1782907277.961528	0.295241	-0.061934	0.947808	0.104655	-0.030171	-0.535543	-0.572926	0.397392	-0.152633
1782907277.982346	0.288589	-0.050436	0.944376	0.105454	-0.026779	-0.528205	-0.576589	0.351614	-0.235038
1782907278.002728	0.282006	-0.039205	0.940112	0.102048	-0.023939	-0.520401	-0.584374	0.330698	-0.273658
1782907278.020746	0.274627	-0.028351	0.935070	0.101224	-0.017466	-0.512049	-0.581122	0.302901	-0.263662
1782907278.041012	0.270812	-0.023001	0.932368	0.102641	-0.014874	-0.509359	-0.583343	0.280225	-0.267094
1782907278.061278	0.263081	-0.013061	0.927133	0.097483	-0.012395	-0.500203	-0.583211	0.259953	-0.248449
1782907278.081290	0.254856	-0.003679	0.922342	0.094432	-0.006782	-0.491580	-0.583211	0.259953	-0.248449
1782907278.101453	0.246089	0.005293	0.918203	0.093763	-0.003117	-0.482432	-0.578041	0.218562	-0.167068
1782907278.120812	0.237276	0.013354	0.915425	0.091618	-0.001021	-0.474123	-0.583672	0.199896	-0.121989
1782907278.141262	0.228171	0.021029	0.913767	0.090458	0.002636	-0.467679	-0.583672	0.199896	-0.121989
1782907278.161296	0.218572	0.027733	0.913648	0.086097	0.005790	-0.459145	-0.577607	0.179301	-0.068883
1782907278.181220	0.213651	0.030986	0.913799	0.085094	0.006943	-0.455527	-0.570615	0.159881	-0.011169
1782907278.201335	0.203830	0.037039	0.914759	0.080906	0.009964	-0.448886	-0.577331	0.145888	0.031697
1782907278.248286	0.183755	0.047123	0.919029	0.079873	0.017371	-0.433388	-0.568411	0.090614	0.102009
1782907278.273770	0.173386	0.051417	0.921297	0.074557	0.021439	-0.425361	-0.563397	0.075443	0.110948
1782907278.293681	0.163240	0.055413	0.923816	0.078042	0.023859	-0.419638	-0.556113	0.053504	0.105585
1782907278.316941	0.152938	0.058887	0.925501	0.069515	0.028483	-0.412832	-0.548119	0.037989	0.066685
1782907278.334450	0.142748	0.062154	0.926385	0.069994	0.032102	-0.405944	-0.545224	0.022020	0.025947
1782907278.354155	0.132405	0.064913	0.926157	0.062701	0.035477	-0.400021	-0.536842	0.004717	-0.001178
1782907278.374115	0.127678	0.065985	0.925768	0.064765	0.037078	-0.397082	-0.529290	-0.010438	-0.050983
1782907278.393706	0.117508	0.068420	0.924322	0.057684	0.041601	-0.391270	-0.523889	-0.024827	-0.084639
1782907278.415294	0.107606	0.070373	0.921700	0.053221	0.045151	-0.385643	-0.500040	-0.054854	-0.151251
1782907278.433720	0.097813	0.071987	0.918454	0.055344	0.044576	-0.379111	-0.500040	-0.054854	-0.151251
1782907278.453430	0.088111	0.073050	0.914907	0.045613	0.049720	-0.376417	-0.486524	-0.070719	-0.147929
1782907278.474613	0.083292	0.073557	0.913030	0.046099	0.048846	-0.372079	-0.474349	-0.085477	-0.148268
1782907278.494725	0.074148	0.074214	0.909377	0.042893	0.053124	-0.366472	-0.462046	-0.094827	-0.152855
1782907278.514394	0.065053	0.074331	0.906383	0.037527	0.054093	-0.361613	-0.447550	-0.105379	-0.125548
1782907278.533813	0.056259	0.074165	0.903590	0.032634	0.055716	-0.356678	-0.432950	-0.119042	-0.097289
1782907278.554396	0.051977	0.073975	0.902625	0.032617	0.057206	-0.354354	-0.401599	-0.135890	-0.044359
1782907278.573928	0.043616	0.073176	0.901248	0.026038	0.059029	-0.348264	-0.401599	-0.135890	-0.044359
1782907278.593699	0.035766	0.072039	0.900439	0.023682	0.058810	-0.344841	-0.381099	-0.144020	-0.003035
1782907278.614088	0.028091	0.070789	0.900673	0.018059	0.056050	-0.340704	-0.371708	-0.152897	0.017743
1782907278.634261	0.024476	0.069848	0.901024	0.016814	0.057441	-0.337135	-0.351917	-0.155149	0.053148
1782907278.653632	0.014187	0.067322	0.902465	0.008557	0.055352	-0.330443	-0.345568	-0.162527	0.067555
1782907278.673604	0.010753	0.066295	0.903398	0.004474	0.056840	-0.330277	-0.328974	-0.167623	0.088079
1782907278.693665	0.004330	0.064066	0.904715	0.005971	0.053637	-0.324662	-0.313382	-0.175291	0.089594
1782907278.714469	-0.001767	0.061748	0.906237	-0.000411	0.053499	-0.321691	-0.293830	-0.181386	0.078036
1782907278.734903	-0.007484	0.059623	0.907433	-0.001038	0.052964	-0.316629	-0.290578	-0.178182	0.062791
1782907278.753641	-0.010268	0.058210	0.907797	-0.005089	0.051118	-0.314750	-0.275681	-0.184280	0.052983
1782907278.773445	-0.015639	0.055888	0.908223	-0.005992	0.050241	-0.311076	-0.263451	-0.185559	0.008180
1782907278.793778	-0.020711	0.053278	0.907922	-0.007511	0.048961	-0.307163	-0.247679	-0.191745	-0.006527
1782907278.813917	-0.025570	0.050596	0.907120	-0.008743	0.044739	-0.303624	-0.236479	-0.193509	-0.033903
1782907278.834665	-0.030210	0.048164	0.905795	-0.013848	0.046346	-0.302170	-0.226634	-0.191092	-0.057879
1782907278.853908	-0.034711	0.045663	0.904168	-0.023549	0.043496	-0.299680	-0.218027	-0.190823	-0.070327
1782907278.874313	-0.036776	0.044243	0.903001	-0.021573	0.042925	-0.297147	-0.205897	-0.191654	-0.064345
1782907278.894163	-0.040567	0.041802	0.901371	-0.018480	0.042044	-0.295607	-0.193908	-0.192547	-0.065899
1782907278.913744	-0.044401	0.039031	0.899532	-0.024684	0.043070	-0.291784	-0.187889	-0.190424	-0.076397
1782907278.933805	-0.047805	0.036668	0.897941	-0.026037	0.039591	-0.289056	-0.177687	-0.189051	-0.053362
1782907278.954278	-0.049401	0.035413	0.897300	-0.026811	0.039110	-0.289030	-0.163616	-0.190170	-0.039562
1782907278.973676	-0.052562	0.032985	0.896266	-0.030464	0.040062	-0.286104	-0.159660	-0.182721	-0.034502
1782907278.994758	-0.055422	0.030561	0.895454	-0.022651	0.037265	-0.283004	-0.141853	-0.181306	-0.003140
1782907279.015166	-0.056821	0.029423	0.895512	-0.028865	0.034785	-0.280466	-0.142994	-0.183454	0.013319
1782907279.034785	-0.060600	0.025969	0.896035	-0.033921	0.033220	-0.276724	-0.128084	-0.174861	0.046796
1782907279.055241	-0.062674	0.024038	0.896921	-0.035430	0.033425	-0.274006	-0.123058	-0.174966	0.051876
1782907279.073452	-0.063468	0.022829	0.897489	-0.034093	0.030470	-0.272240	-0.113597	-0.170226	0.063544
1782907279.093773	-0.065384	0.020796	0.898607	-0.033734	0.028312	-0.270503	-0.102424	-0.170973	0.074754
1782907279.115146	-0.067191	0.018839	0.900071	-0.034957	0.027578	-0.268417	-0.095652	-0.165168	0.057739
1782907279.134566	-0.068797	0.016972	0.901251	-0.037298	0.027371	-0.264608	-0.091082	-0.160205	0.060967
1782907279.154565	-0.070162	0.015215	0.902366	-0.037578	0.025164	-0.262410	-0.083740	-0.158863	0.069603
1782907279.173953	-0.070771	0.014473	0.902816	-0.037356	0.023544	-0.260478	-0.077072	-0.154529	0.048788
1782907279.193930	-0.072033	0.012900	0.903248	-0.036881	0.021004	-0.258425	-0.073539	-0.147003	0.028745
1782907279.216395	-0.073002	0.011456	0.903453	-0.035233	0.021072	-0.256292	-0.069571	-0.142090	0.020498
1782907279.233990	-0.074170	0.010043	0.902933	-0.035716	0.017509	-0.253088	-0.063449	-0.140094	0.011054
1782907279.254137	-0.074919	0.008851	0.902364	-0.036802	0.016977	-0.252931	-0.053240	-0.137666	0.001276
1782907279.275271	-0.075229	0.008289	0.901849	-0.033715	0.013521	-0.250651	-0.042548	-0.134398	-0.023281
1782907279.294066	-0.075914	0.007254	0.900557	-0.040554	0.017074	-0.249268	-0.038167	-0.126586	-0.042176
1782907279.313379	-0.076580	0.006451	0.899493	-0.038564	0.015432	-0.246662	-0.033617	-0.121267	-0.043485
1782907279.333378	-0.077049	0.005737	0.898029	-0.034201	0.010187	-0.244824	-0.026618	-0.117990	-0.039017
1782907279.354505	-0.077430	0.004901	0.896855	-0.032928	0.008558	-0.243514	-0.021123	-0.115750	-0.048215
1782907279.374505	-0.077608	0.004685	0.896009	-0.035395	0.008512	-0.241611	-0.020890	-0.103735	-0.050061
1782907279.393783	-0.077667	0.004153	0.895242	-0.032794	0.006033	-0.240369	-0.014322	-0.101709	-0.015742
1782907279.413771	-0.077930	0.003882	0.894466	-0.035889	0.004075	-0.236376	-0.010453	-0.097075	-0.008182
1782907279.434275	-0.078065	0.003597	0.894454	-0.034407	0.003942	-0.233480	-0.006367	-0.088230	0.012941
1782907279.453786	-0.078176	0.003741	0.894960	-0.030584	0.000417	-0.231557	-0.004285	-0.082967	0.045312
1782907279.473830	-0.078140	0.003727	0.895222	-0.030411	-0.000779	-0.231188	-0.004729	-0.076237	0.058974
1782907279.494054	-0.078048	0.004019	0.896332	-0.029166	-0.001362	-0.229124	0.001977	-0.071894	0.076883
1782907279.513820	-0.078070	0.004404	0.897480	-0.030648	-0.002072	-0.228042	0.001359	-0.063984	0.067972
1782907279.534383	-0.077953	0.004798	0.898648	-0.026058	-0.003611	-0.226025	0.001915	-0.055341	0.071902
1782907279.554266	-0.077882	0.004951	0.899172	-0.025674	-0.004783	-0.226121	0.004721	-0.053348	0.080092
1782907279.573621	-0.077834	0.005603	0.900199	-0.023832	-0.005654	-0.223945	0.010553	-0.051274	0.063588
1782907279.593999	-0.077817	0.006344	0.900881	-0.028716	-0.005226	-0.221935	0.012686	-0.042573	0.042165
1782907279.613867	-0.077723	0.007311	0.901490	-0.019974	-0.007600	-0.222667	0.011146	-0.036632	0.025018
1782907279.633898	-0.077577	0.008066	0.901692	-0.017300	-0.008107	-0.219280	0.009406	-0.031528	0.022801
1782907279.653991	-0.077535	0.008726	0.901620	-0.019915	-0.007581	-0.217764	0.009919	-0.028767	0.020321
1782907279.674183	-0.077532	0.009714	0.901275	-0.018522	-0.008350	-0.217272	0.015361	-0.026997	0.011569
1782907279.693543	-0.077658	0.011003	0.900821	-0.017078	-0.009154	-0.216940	0.017559	-0.023413	-0.010563
1782907279.713824	-0.077474	0.012313	0.900207	-0.014690	-0.009636	-0.214084	0.016932	-0.017140	-0.031222
1782907279.733413	-0.077281	0.013559	0.899031	-0.013823	-0.009974	-0.215261	0.015179	-0.013154	-0.038093
1782907279.753917	-0.077531	0.014612	0.897620	-0.009030	-0.010669	-0.213125	0.017207	-0.012289	-0.035058
1782907279.773566	-0.077526	0.015334	0.897021	-0.012927	-0.011396	-0.214037	0.022116	-0.011590	-0.035508
1782907279.793817	-0.077527	0.016804	0.895903	-0.007169	-0.012295	-0.211589	0.021912	-0.007310	-0.051873
1782907279.813525	-0.077740	0.018288	0.894917	-0.010331	-0.012115	-0.210796	0.017581	-0.000609	-0.042985
1782907279.833347	-0.077899	0.020000	0.894032	-0.008251	-0.013406	-0.211618	0.019248	-0.004890	-0.010022
1782907279.854062	-0.077975	0.020535	0.894027	-0.006761	-0.013946	-0.209997	0.020319	-0.002435	-0.004448
1782907279.873315	-0.078182	0.021974	0.893555	-0.004888	-0.016382	-0.208408	0.015660	0.003544	0.012559
1782907279.893456	-0.078737	0.023590	0.894132	0.002733	-0.018013	-0.205682	0.014930	0.001458	0.047735
1782907279.914129	-0.079107	0.025015	0.895021	-0.004374	-0.018267	-0.205038	0.009786	0.004604	0.047028
1782907279.933491	-0.079794	0.026686	0.896245	0.005977	-0.019065	-0.203074	0.011322	0.006189	0.074658
1782907279.956551	-0.080035	0.027179	0.896554	0.001257	-0.017644	-0.200066	0.007995	0.005429	0.075411
1782907279.973800	-0.080537	0.028748	0.897889	0.003956	-0.017836	-0.199811	0.005805	0.007475	0.071989
1782907279.994019	-0.081276	0.030148	0.899251	0.004963	-0.018985	-0.198644	0.004555	0.009230	0.077157
1782907280.014742	-0.082110	0.031641	0.900683	0.007517	-0.017460	-0.197082	0.000939	0.005254	0.065559
1782907280.033768	-0.082856	0.032785	0.901412	0.009903	-0.016590	-0.194399	-0.003977	0.008921	0.041278
1782907280.053703	-0.083913	0.034331	0.901789	0.001852	-0.016579	-0.193295	-0.007592	0.008926	0.031212
1782907280.074480	-0.084487	0.034921	0.901620	0.003150	-0.015493	-0.193730	-0.010502	0.006548	0.021562
1782907280.093775	-0.085612	0.036321	0.901817	0.011335	-0.017201	-0.192376	-0.010188	0.002752	0.013626
1782907280.113648	-0.086764	0.037437	0.901083	0.010993	-0.014924	-0.189977	-0.006818	-0.003333	-0.004401
1782907280.134122	-0.087475	0.037972	0.900745	0.007858	-0.012413	-0.189958	-0.007392	-0.002761	-0.029506
1782907280.154029	-0.089398	0.039625	0.899374	0.012202	-0.013949	-0.187024	-0.010718	-0.001815	-0.039501
1782907280.174063	-0.089964	0.040282	0.898717	0.009599	-0.010785	-0.185790	-0.013694	-0.004014	-0.028860
1782907280.193730	-0.091346	0.041030	0.897607	0.010545	-0.012630	-0.185704	-0.013904	-0.008620	-0.022492
1782907280.214818	-0.092791	0.042039	0.896798	0.011126	-0.010301	-0.184658	-0.017089	-0.009192	-0.026298
1782907280.233909	-0.094274	0.042804	0.896228	0.011904	-0.010189	-0.182384	-0.016164	-0.012612	-0.008881
1782907280.253886	-0.095732	0.043589	0.895566	0.012193	-0.008789	-0.181118	-0.016380	-0.015056	-0.007765
1782907280.273801	-0.096480	0.043885	0.895472	0.008794	-0.008072	-0.178967	-0.023225	-0.012967	-0.003716
1782907280.293896	-0.098117	0.044395	0.895239	0.011871	-0.009143	-0.179064	-0.021463	-0.018187	0.018974
1782907280.315680	-0.099677	0.044764	0.895131	0.011876	-0.008738	-0.176960	-0.020549	-0.020225	0.017308
1782907280.335393	-0.101440	0.045188	0.895178	0.011205	-0.007494	-0.174878	-0.025249	-0.019879	0.024140
1782907280.354125	-0.103149	0.045428	0.895600	0.013273	-0.006197	-0.172008	-0.025037	-0.023966	0.046352
1782907280.373779	-0.103998	0.045607	0.896094	0.012220	-0.005946	-0.172114	-0.028747	-0.025125	0.038826
1782907280.393523	-0.105715	0.045953	0.896392	0.011586	-0.005332	-0.170643	-0.025810	-0.025811	0.047733
1782907280.414844	-0.107308	0.045827	0.896731	0.011236	-0.005533	-0.169070	-0.025434	-0.030938	0.040665
1782907280.435693	-0.109087	0.045776	0.897132	0.015641	-0.003761	-0.169015	-0.028714	-0.029107	0.024762
1782907280.453408	-0.110827	0.045755	0.897340	0.013831	-0.002567	-0.166651	-0.030781	-0.031697	0.026309
1782907280.473885	-0.111840	0.045578	0.897468	0.012898	-0.002741	-0.165872	-0.027856	-0.038155	0.031480
1782907280.493849	-0.113549	0.045545	0.897214	0.010315	0.000119	-0.164334	-0.023138	-0.041808	0.011649
1782907280.513922	-0.115235	0.045235	0.897044	0.015724	-0.001929	-0.161135	-0.025071	-0.039288	-0.007541
1782907280.534608	-0.116980	0.044881	0.896383	0.007825	0.001966	-0.160101	-0.025820	-0.040627	0.001872
1782907280.553772	-0.118685	0.044358	0.895929	0.009746	0.002212	-0.158620	-0.024923	-0.046500	0.008649
1782907280.573792	-0.119453	0.044198	0.895857	0.009923	0.001980	-0.157137	-0.022138	-0.047410	-0.005241
1782907280.593941	-0.121070	0.043711	0.895517	0.004980	0.004667	-0.155935	-0.021416	-0.046927	-0.001404
1782907280.613634	-0.122574	0.043114	0.895008	0.010961	0.004816	-0.154403	-0.016770	-0.049752	0.009879
1782907280.633671	-0.124340	0.042400	0.894484	0.009302	0.006466	-0.152426	-0.019560	-0.051096	-0.000714
1782907280.655191	-0.125650	0.041551	0.894448	0.009060	0.006971	-0.151077	-0.018278	-0.052596	0.004254
1782907280.673662	-0.126405	0.041380	0.894321	0.004571	0.005857	-0.150463	-0.012739	-0.056651	0.019491
1782907280.694149	-0.127870	0.040555	0.894222	0.004656	0.007394	-0.149682	-0.010767	-0.057784	0.000937
1782907280.715545	-0.129167	0.039603	0.894000	0.003536	0.007471	-0.148757	-0.013019	-0.052052	0.006171
1782907280.733684	-0.130513	0.038459	0.894032	0.002239	0.007477	-0.146136	-0.009782	-0.059477	0.029307
1782907280.755906	-0.131063	0.037954	0.894011	0.004021	0.007619	-0.145061	-0.008695	-0.061164	0.016691
1782907280.773625	-0.132128	0.036876	0.894310	0.012192	0.004454	-0.142845	-0.005150	-0.059440	0.022571
1782907280.793600	-0.133306	0.035590	0.894397	0.000086	0.008458	-0.141372	-0.001874	-0.062006	0.034308
1782907280.814136	-0.134360	0.034723	0.894862	0.005356	0.007743	-0.140689	-0.002207	-0.061744	0.024922
1782907280.833658	-0.135429	0.033345	0.895128	0.004988	0.008580	-0.138466	0.002589	-0.060387	0.031796
1782907280.853888	-0.135889	0.032660	0.895268	0.003252	0.008907	-0.138890	0.007014	-0.066201	0.028287
1782907280.875262	-0.136710	0.031517	0.895615	0.000172	0.008922	-0.136798	0.006107	-0.061378	0.011584
1782907280.894085	-0.137536	0.030350	0.895686	-0.001073	0.008386	-0.135038	0.005293	-0.061258	0.016329
1782907280.914332	-0.138284	0.028786	0.895886	-0.000627	0.008501	-0.134680	0.011055	-0.066688	0.025944
1782907280.933697	-0.138785	0.027449	0.895858	0.001039	0.007134	-0.132659	0.016960	-0.068025	0.012361
1782907280.953664	-0.139198	0.026909	0.895779	-0.001584	0.009364	-0.132105	0.015706	-0.062255	0.003316
1782907280.974237	-0.139582	0.025357	0.895558	-0.002731	0.010502	-0.131747	0.017704	-0.063964	0.017372
1782907280.993752	-0.140074	0.024039	0.895705	-0.003261	0.010683	-0.130039	0.022037	-0.067437	0.013904
1782907281.014234	-0.140387	0.022544	0.895634	-0.003580	0.009123	-0.128073	0.023428	-0.065889	0.007445
1782907281.033671	-0.140731	0.021334	0.895820	-0.006715	0.009920	-0.126914	0.027002	-0.063834	0.016465
1782907281.053916	-0.140806	0.020395	0.895764	-0.009255	0.012745	-0.127053	0.031791	-0.065749	0.013970
1782907281.074549	-0.140870	0.019003	0.896032	-0.004212	0.010305	-0.126195	0.030118	-0.061457	0.005036
1782907281.093865	-0.141044	0.017619	0.895899	-0.009672	0.009059	-0.125019	0.032050	-0.061100	0.019382
1782907281.113536	-0.140980	0.016043	0.895994	-0.003859	0.007804	-0.123371	0.037559	-0.065250	0.025369
1782907281.133735	-0.141159	0.014751	0.896043	-0.001852	0.006556	-0.122813	0.040605	-0.062893	0.008544
1782907281.153680	-0.141072	0.013437	0.896188	-0.007324	0.006569	-0.121904	0.037567	-0.057778	0.007394
1782907281.175970	-0.140939	0.012428	0.896431	-0.002657	0.005260	-0.120542	0.040188	-0.059426	0.029183
1782907281.193643	-0.140849	0.011216	0.896645	-0.006180	0.005193	-0.119435	0.043687	-0.062519	0.021536
1782907281.213946	-0.140835	0.009778	0.896806	-0.002659	0.003502	-0.118156	0.044753	-0.056975	0.013502
1782907281.234096	-0.140448	0.008359	0.897146	-0.004879	0.003686	-0.115883	0.046012	-0.056170	0.029437
1782907281.253658	-0.139919	0.007197	0.897308	-0.006160	0.004977	-0.115407	0.048460	-0.056967	0.026377
1782907281.273736	-0.139777	0.006433	0.897710	-0.008125	0.004236	-0.115806	0.048783	-0.052477	0.020803
1782907281.293580	-0.139519	0.005045	0.898042	-0.005915	0.003786	-0.112018	0.052080	-0.054365	0.026279
1782907281.313793	-0.139138	0.003682	0.898125	-0.011943	0.004596	-0.113380	0.054080	-0.054061	0.017753
1782907281.334118	-0.138611	0.002370	0.898123	-0.005509	0.003512	-0.112321	0.052590	-0.049836	0.000195
1782907281.353932	-0.137998	0.001210	0.898004	-0.007451	0.004210	-0.109049	0.049133	-0.045109	0.000202
1782907281.374539	-0.137880	0.000437	0.897817	-0.007008	0.003562	-0.109535	0.053606	-0.047573	0.008399
1782907281.394404	-0.137364	-0.000541	0.897736	-0.014014	0.004655	-0.109925	0.060014	-0.048687	0.004040
1782907281.413483	-0.136742	-0.001751	0.897508	-0.010243	0.000598	-0.107907	0.056908	-0.044838	-0.012454
1782907281.433430	-0.136039	-0.002974	0.897459	-0.011327	0.002059	-0.108968	0.055593	-0.038911	0.000057
1782907281.454707	-0.135311	-0.004153	0.897318	-0.007832	0.000841	-0.107181	0.059846	-0.043041	0.016821
1782907281.474474	-0.134963	-0.004647	0.897412	-0.010484	0.000386	-0.106795	0.060619	-0.037370	0.006244
1782907281.495284	-0.134465	-0.005755	0.897522	-0.008357	-0.001601	-0.106578	0.058833	-0.033465	0.011970
1782907281.514410	-0.133451	-0.006664	0.897893	-0.012780	0.000663	-0.105249	0.061304	-0.033130	0.034822
1782907281.533760	-0.133017	-0.007051	0.898086	-0.009832	0.000508	-0.105218	0.062235	-0.033893	0.027187
1782907281.554514	-0.132078	-0.008672	0.899230	-0.008816	-0.001026	-0.103372	0.061649	-0.026354	0.029368
1782907281.574548	-0.131713	-0.009092	0.899563	-0.011257	-0.001720	-0.101981	0.061465	-0.029864	0.042811
1782907281.593969	-0.130758	-0.010062	0.899954	-0.007628	-0.002880	-0.100802	0.062926	-0.027256	0.035898
1782907281.614800	-0.129941	-0.010923	0.900553	-0.008255	-0.002921	-0.100220	0.060580	-0.023811	0.022066
1782907281.634154	-0.129091	-0.011743	0.900880	-0.006698	-0.003595	-0.099098	0.060410	-0.023246	0.018749
1782907281.654285	-0.128651	-0.012022	0.901045	-0.011379	-0.001689	-0.099395	0.062030	-0.023288	0.012161
1782907281.674674	-0.127904	-0.012597	0.900585	-0.015210	-0.003826	-0.097525	0.065676	-0.023375	-0.008321
1782907281.695099	-0.126973	-0.013656	0.900370	-0.013003	-0.004196	-0.097633	0.064746	-0.019797	-0.034907
1782907281.714602	-0.126275	-0.014366	0.899629	-0.009589	-0.006874	-0.097872	0.060748	-0.016962	-0.047828
1782907281.734055	-0.125404	-0.015107	0.898634	-0.010135	-0.005227	-0.096619	0.056940	-0.015225	-0.036879
1782907281.754290	-0.124547	-0.015671	0.897845	-0.005205	-0.006765	-0.094909	0.060343	-0.019400	-0.022251
1782907281.774511	-0.124268	-0.015961	0.897571	-0.001849	-0.008317	-0.094708	0.062570	-0.017530	-0.035352
1782907281.795040	-0.123271	-0.016752	0.896897	-0.012029	-0.004491	-0.095396	0.057183	-0.010860	-0.026764
1782907281.820469	-0.122513	-0.017255	0.896625	-0.008868	-0.006020	-0.094712	0.059178	-0.014859	0.006472
1782907281.836723	-0.121758	-0.017829	0.896735	-0.012411	-0.006590	-0.093190	0.057031	-0.011601	0.004116
1782907281.853565	-0.120959	-0.018426	0.897065	-0.005982	-0.006663	-0.091088	0.052489	-0.007392	0.027324
1782907281.873988	-0.120529	-0.018622	0.897379	-0.011198	-0.005204	-0.090467	0.054958	-0.008901	0.046087
1782907281.893738	-0.119762	-0.019214	0.898360	-0.003789	-0.005640	-0.090645	0.051005	-0.008105	0.044311
1782907281.913863	-0.119030	-0.019755	0.899774	-0.007580	-0.003764	-0.090222	0.051536	-0.001712	0.057647
1782907281.933660	-0.118395	-0.020322	0.901029	-0.005767	-0.007261	-0.087673	0.053984	-0.006436	0.058879
1782907281.953662	-0.117765	-0.020747	0.901976	-0.005347	-0.006697	-0.087003	0.052317	-0.002669	0.042960
1782907281.973888	-0.117317	-0.020865	0.902446	-0.005239	-0.005351	-0.087337	0.050170	-0.003326	0.037591
1782907281.994880	-0.116720	-0.021351	0.903198	-0.006199	-0.005822	-0.085491	0.047518	-0.003570	0.034766
1782907282.014660	-0.115781	-0.022104	0.903808	-0.006842	-0.004463	-0.086000	0.049042	-0.005323	0.022280
1782907282.033765	-0.115358	-0.022381	0.903814	-0.005719	-0.004767	-0.086184	0.050410	-0.005936	-0.002521
1782907282.053666	-0.114555	-0.022786	0.903388	-0.007648	-0.004437	-0.084732	0.049281	-0.003617	-0.028154
1782907282.074013	-0.114193	-0.023122	0.902797	-0.004533	-0.004683	-0.084792	0.044725	-0.001070	-0.046367
1782907282.093560	-0.113639	-0.023654	0.901888	-0.003332	-0.004841	-0.083451	0.041371	0.000157	-0.046820
1782907282.113731	-0.112929	-0.024009	0.900936	-0.005846	-0.004331	-0.083657	0.042678	-0.003612	-0.032025
1782907282.133845	-0.112189	-0.024616	0.900089	-0.003673	-0.004577	-0.082777	0.046795	-0.006494	-0.034063
1782907282.153687	-0.112189	-0.024616	0.900089	-0.003673	-0.004577	-0.082777	0.045489	-0.001120	-0.040698
1782907282.174162	-0.111205	-0.025312	0.898835	-0.006417	-0.001352	-0.083107	0.044531	-0.000241	-0.018995
1782907282.193649	-0.110450	-0.025762	0.898470	-0.004095	-0.005078	-0.081779	0.045990	-0.004252	-0.003592
1782907282.213691	-0.109935	-0.026048	0.898676	-0.002194	-0.003688	-0.080074	0.045457	-0.001853	0.000684
1782907282.233939	-0.109150	-0.026536	0.899025	-0.004376	-0.002633	-0.080053	0.049821	0.001880	0.028281
1782907282.253366	-0.108271	-0.026862	0.899651	-0.004348	-0.001630	-0.079720	0.048346	0.001391	0.037939
1782907282.273463	-0.107679	-0.027161	0.900081	-0.008698	-0.001038	-0.078824	0.046565	0.005513	0.042227
1782907282.293875	-0.107213	-0.027672	0.901118	-0.011756	-0.002033	-0.078744	0.047865	0.004543	0.055492
1782907282.314557	-0.106549	-0.027944	0.901983	-0.005011	-0.002233	-0.077983	0.047476	0.004684	0.046121
1782907282.333722	-0.105618	-0.028357	0.902789	-0.002573	-0.002641	-0.078820	0.043949	0.008104	0.025198
1782907282.354255	-0.104861	-0.028761	0.903495	-0.003008	-0.003151	-0.078365	0.042256	0.010551	0.014117
1782907282.373700	-0.104439	-0.028949	0.903684	-0.004389	-0.001685	-0.077840	0.040939	0.010047	0.009853
1782907282.396228	-0.103818	-0.029173	0.903466	-0.005015	-0.005996	-0.078421	0.042377	0.008375	0.006076
1782907282.415859	-0.103103	-0.029411	0.903258	-0.006881	-0.001973	-0.078517	0.047895	0.006024	-0.004064
1782907282.434423	-0.102268	-0.029590	0.902647	-0.008965	-0.004383	-0.078465	0.049354	0.008063	-0.030705
1782907282.454303	-0.101623	-0.029884	0.901979	-0.003065	-0.003643	-0.080183	0.044466	0.011650	-0.049203
1782907282.473672	-0.101290	-0.030189	0.901605	-0.005781	-0.006093	-0.078381	0.040572	0.013755	-0.041172
1782907282.493907	-0.100374	-0.030489	0.901008	-0.006583	-0.005705	-0.079063	0.039962	0.010907	-0.015077
1782907282.513805	-0.099695	-0.030759	0.900520	-0.010461	-0.004211	-0.077929	0.042964	0.009047	-0.013164
1782907282.533803	-0.098921	-0.030926	0.900402	-0.003114	-0.005928	-0.077812	0.039839	0.015600	-0.015841
1782907282.554071	-0.098330	-0.031017	0.900491	-0.003653	-0.006289	-0.077657	0.038607	0.015255	0.010728
1782907282.573892	-0.097961	-0.031224	0.900644	-0.004326	-0.007645	-0.077113	0.040977	0.009820	0.020291
1782907282.593935	-0.097188	-0.031560	0.901191	-0.004726	-0.006319	-0.076620	0.040236	0.013818	0.015740
1782907282.614501	-0.096569	-0.031838	0.902152	-0.005019	-0.007036	-0.075960	0.038095	0.018603	0.042032
1782907282.634317	-0.096022	-0.032005	0.902865	-0.005836	-0.006150	-0.073420	0.038466	0.014029	0.055629
1782907282.653902	-0.095052	-0.032149	0.903927	-0.001025	-0.008081	-0.074761	0.039754	0.015230	0.045904
1782907282.674259	-0.094893	-0.032402	0.904563	-0.000784	-0.006345	-0.073538	0.037440	0.017905	0.037692
1782907282.694257	-0.093988	-0.032426	0.905381	-0.006168	-0.003051	-0.073530	0.034133	0.018342	0.037817
1782907282.714813	-0.093360	-0.032631	0.905915	-0.004461	-0.005241	-0.072886	0.032900	0.017246	0.036479
1782907282.734698	-0.092722	-0.032624	0.906113	-0.004698	-0.003661	-0.073075	0.034782	0.015236	0.028155
1782907282.753848	-0.092524	-0.032801	0.906204	-0.001720	-0.002895	-0.072766	0.035850	0.014687	0.002004
1782907282.773896	-0.092001	-0.032824	0.906169	-0.002877	-0.003350	-0.072843	0.036983	0.016134	-0.023597
1782907282.795135	-0.091284	-0.033090	0.905580	-0.005482	-0.003683	-0.073445	0.033941	0.017642	-0.044373
1782907282.813690	-0.090550	-0.033273	0.904719	-0.005436	-0.001863	-0.072642	0.031529	0.018178	-0.056237
1782907282.834355	-0.090089	-0.033592	0.903638	-0.006326	-0.001338	-0.072613	0.029612	0.017615	-0.058522
1782907282.853188	-0.089761	-0.033583	0.902964	-0.001643	-0.003766	-0.072442	0.032413	0.014217	-0.059279
1782907282.874703	-0.088949	-0.033715	0.901440	-0.003688	-0.004789	-0.072835	0.035283	0.013513	-0.058744
1782907282.894085	-0.088490	-0.034019	0.900464	-0.000304	-0.005595	-0.072897	0.033863	0.014495	-0.069352
1782907282.913802	-0.087805	-0.034026	0.898867	0.000328	-0.007786	-0.073521	0.029623	0.018441	-0.058982
1782907282.933450	-0.087258	-0.034253	0.898294	-0.002675	-0.006052	-0.073934	0.030120	0.014568	-0.029201
1782907282.953624	-0.086778	-0.034397	0.897907	-0.003832	-0.006861	-0.074814	0.031874	0.014868	-0.021119
1782907282.973320	-0.086433	-0.034470	0.897749	-0.002683	-0.006806	-0.074918	0.025551	0.019325	-0.012918
1782907282.995618	-0.085752	-0.034802	0.897920	-0.004261	-0.007785	-0.075580	0.024370	0.016785	0.019597
1782907283.013907	-0.085308	-0.034984	0.898452	-0.000706	-0.009156	-0.075697	0.026213	0.014713	0.027588
1782907283.033882	-0.084966	-0.035136	0.899370	-0.000800	-0.010826	-0.075440	0.022794	0.019948	0.021741
1782907283.053935	-0.084322	-0.035218	0.900478	0.002466	-0.010754	-0.075092	0.021138	0.019210	0.040433
1782907283.073850	-0.084011	-0.035341	0.900855	0.000344	-0.010994	-0.075692	0.023508	0.016316	0.048076
1782907283.094045	-0.083714	-0.035521	0.901891	-0.003860	-0.010238	-0.076823	0.023879	0.016322	0.033168
1782907283.114505	-0.083362	-0.035564	0.903127	-0.003511	-0.012707	-0.076038	0.017798	0.019655	0.020033
1782907283.133624	-0.083116	-0.035840	0.903997	-0.000851	-0.012861	-0.076917	0.011832	0.019811	0.023551
1782907283.153589	-0.082926	-0.035900	0.904736	-0.001247	-0.013503	-0.076129	0.007343	0.018401	0.028082
1782907283.173613	-0.082805	-0.036108	0.905074	-0.000869	-0.014402	-0.077545	0.009726	0.015659	0.024493
1782907283.193742	-0.082510	-0.036231	0.905503	-0.002525	-0.013772	-0.078752	0.012197	0.013257	0.007102
1782907283.214117	-0.082432	-0.036343	0.905610	-0.001195	-0.012819	-0.078987	0.009827	0.013715	-0.014275
1782907283.234256	-0.082244	-0.036651	0.905701	-0.004653	-0.013094	-0.079309	0.004175	0.016925	-0.028530
1782907283.284127	-0.082206	-0.036913	0.905162	0.001703	-0.012147	-0.080461	0.001366	0.007973	-0.012312
1782907283.311683	-0.082076	-0.037177	0.904952	0.000633	-0.010728	-0.080499	0.001490	0.009324	-0.025652
1782907283.330084	-0.082087	-0.037152	0.904948	-0.002530	-0.009436	-0.080673	-0.004909	0.013968	-0.017105
1782907283.351197	-0.082243	-0.037328	0.904886	-0.001885	-0.010404	-0.080875	-0.006002	0.010512	0.011676
1782907283.370234	-0.082287	-0.037396	0.904919	-0.001652	-0.010657	-0.080975	-0.002590	0.007300	0.014536
1782907283.389657	-0.082244	-0.037597	0.905052	-0.002541	-0.008764	-0.080995	-0.004123	0.011809	-0.003704
1782907283.410612	-0.082403	-0.037885	0.905342	-0.004453	-0.007656	-0.081177	-0.008665	0.014642	0.006786
1782907283.429742	-0.082355	-0.038074	0.905636	-0.007422	-0.005262	-0.080050	-0.009126	0.013632	0.026067
1782907283.450651	-0.082688	-0.038195	0.906261	-0.008728	-0.005316	-0.080870	-0.004625	0.009124	0.026556
1782907283.469951	-0.082613	-0.038199	0.906468	-0.006946	-0.004531	-0.081011	-0.003618	0.012158	0.002536
1782907283.490420	-0.082635	-0.038442	0.906740	-0.005568	-0.004123	-0.080585	-0.007556	0.017468	-0.003306
1782907283.509411	-0.082776	-0.038449	0.906958	-0.004926	-0.002708	-0.080991	-0.011008	0.018094	0.004584
1782907283.533137	-0.082877	-0.038578	0.907043	-0.006027	-0.002430	-0.081245	-0.008595	0.015225	0.018070
1782907283.549047	-0.082843	-0.038614	0.907212	-0.003908	-0.001906	-0.081999	-0.003566	0.012546	0.009228
1782907283.570038	-0.083016	-0.038683	0.907291	-0.003429	-0.003171	-0.080481	-0.002996	0.016405	-0.012746
1782907283.590019	-0.083041	-0.038637	0.907372	-0.006897	-0.000491	-0.081549	-0.007762	0.022175	-0.014033
1782907283.610321	-0.083002	-0.038562	0.907356	-0.005462	-0.001532	-0.081704	-0.008904	0.021483	0.000319
1782907283.629296	-0.082938	-0.038582	0.907050	-0.009253	-0.001563	-0.081742	-0.005683	0.018303	0.008452
1782907283.650681	-0.082905	-0.038505	0.907195	-0.008985	-0.000081	-0.081193	-0.000489	0.019601	-0.008822
1782907283.674071	-0.082885	-0.038507	0.907073	-0.007310	-0.000861	-0.082126	-0.002903	0.024474	-0.024430
1782907283.691111	-0.082770	-0.038238	0.906956	-0.009733	-0.001297	-0.080755	-0.005146	0.026179	-0.012692
1782907283.709915	-0.082652	-0.038124	0.906855	-0.007850	-0.000054	-0.081050	-0.002610	0.021601	0.000464
1782907283.730473	-0.082596	-0.038018	0.906710	-0.005791	-0.000634	-0.079586	0.002835	0.020424	-0.011654
1782907283.749512	-0.082325	-0.037716	0.906387	-0.007336	0.001829	-0.080594	0.003042	0.025272	-0.026677
1782907283.769624	-0.082303	-0.037647	0.906326	-0.005892	0.001067	-0.079906	0.000698	0.028087	-0.018372
1782907283.792659	-0.082087	-0.037387	0.906416	-0.005277	0.001122	-0.079946	0.004399	0.024380	-0.001004
1782907283.810403	-0.081914	-0.037202	0.906336	-0.000808	0.000774	-0.079517	0.004399	0.024380	-0.001004
1782907283.829232	-0.081815	-0.037059	0.906416	-0.001816	0.002198	-0.079629	0.007575	0.026596	-0.015050
1782907283.851713	-0.081446	-0.036650	0.906576	-0.000967	0.001119	-0.078675	0.006586	0.029099	-0.001352
1782907283.869329	-0.081446	-0.036650	0.906576	-0.000967	0.001119	-0.078675	0.007840	0.025804	0.011099
1782907283.889796	-0.081036	-0.036400	0.907129	-0.002386	0.000020	-0.077972	0.008651	0.027908	0.002777
1782907283.910196	-0.080544	-0.035824	0.907422	-0.000757	0.000058	-0.076429	0.007847	0.031763	0.001017
1782907283.930662	-0.080220	-0.035457	0.907724	-0.002815	-0.000016	-0.074981	0.009686	0.030586	0.006113
1782907283.949940	-0.080065	-0.035441	0.907720	-0.003813	0.000290	-0.074993	0.012441	0.028281	-0.001388
1782907283.969877	-0.079639	-0.034886	0.907430	0.000128	-0.001361	-0.076080	0.012467	0.030157	-0.022021
1782907283.989941	-0.079414	-0.034790	0.907395	0.000240	-0.000806	-0.077125	0.010043	0.033712	-0.035814
1782907284.009857	-0.079052	-0.034403	0.907209	-0.000484	-0.000737	-0.076704	0.009220	0.034796	-0.036035
1782907284.029829	-0.078427	-0.034110	0.906539	-0.004594	-0.002293	-0.075149	0.012546	0.032251	-0.029983
1782907284.050263	-0.077917	-0.033532	0.905844	-0.009867	-0.003939	-0.075044	0.016487	0.030182	-0.037323
1782907284.070413	-0.077730	-0.033382	0.905627	-0.009031	-0.004383	-0.074954	0.014664	0.035370	-0.049128
1782907284.089839	-0.077305	-0.032887	0.905104	-0.004054	-0.004719	-0.075367	0.011895	0.038734	-0.032509
1782907284.110259	-0.076835	-0.032264	0.904648	-0.005434	-0.004406	-0.075722	0.014199	0.034766	-0.010785
1782907284.129864	-0.076434	-0.031677	0.904436	-0.003959	-0.004209	-0.073825	0.013591	0.034805	-0.018537
1782907284.149660	-0.075904	-0.031168	0.904369	-0.007126	-0.004922	-0.073110	0.016347	0.036918	-0.010033
1782907284.169943	-0.075648	-0.030886	0.904584	-0.008911	-0.004436	-0.073461	0.018319	0.037649	0.006514
1782907284.189480	-0.075206	-0.030511	0.904818	-0.010114	-0.004926	-0.072545	0.016274	0.039147	0.001041
1782907284.209219	-0.074515	-0.029866	0.905405	-0.004540	-0.005167	-0.071513	0.016302	0.040041	0.007482
1782907284.230649	-0.074199	-0.029337	0.905937	-0.001836	-0.005112	-0.071054	0.019134	0.037805	0.015990
1782907284.249361	-0.073577	-0.028881	0.906438	-0.001242	-0.005308	-0.070202	0.020093	0.036830	-0.001484
1782907284.269865	-0.073408	-0.028497	0.906661	-0.000578	-0.006617	-0.070903	0.016407	0.040424	-0.021363
1782907284.289800	-0.073017	-0.028108	0.907039	0.000263	-0.006471	-0.070559	0.012461	0.042012	-0.014789
1782907284.311107	-0.072429	-0.027384	0.907280	-0.001515	-0.007368	-0.071036	0.012813	0.039543	-0.000630
1782907284.334144	-0.072093	-0.026877	0.907262	-0.002526	-0.010131	-0.068632	0.014257	0.037658	-0.014098
1782907284.352543	-0.071523	-0.026236	0.907353	-0.001678	-0.009530	-0.069627	0.012326	0.040144	-0.019480
1782907284.369143	-0.071391	-0.025743	0.907490	-0.002199	-0.008229	-0.069297	0.011823	0.038621	-0.011605
1782907284.390011	-0.071086	-0.025417	0.907364	-0.003369	-0.007690	-0.068664	0.014198	0.036654	-0.017549
1782907284.410148	-0.070708	-0.024805	0.907277	-0.005584	-0.007888	-0.068068	0.011886	0.037543	-0.037083
1782907284.429967	-0.070339	-0.024207	0.907129	-0.009638	-0.007882	-0.068787	0.007533	0.040818	-0.042585
1782907284.449710	-0.069893	-0.023518	0.906512	-0.000546	-0.010742	-0.067322	0.005550	0.038653	-0.026355
1782907284.469117	-0.069726	-0.023375	0.906238	-0.005280	-0.008071	-0.067952	0.008406	0.034316	-0.023485
1782907284.489400	-0.069421	-0.022911	0.906082	-0.001314	-0.008711	-0.067308	0.006581	0.037707	-0.034406
1782907284.509563	-0.069081	-0.022292	0.905839	0.001113	-0.009070	-0.066270	0.004300	0.038561	-0.019444
1782907284.529743	-0.068916	-0.021720	0.905680	-0.003099	-0.006533	-0.065188	0.004506	0.036066	-0.009164
1782907284.549862	-0.068718	-0.021194	0.905672	-0.002350	-0.007141	-0.063859	0.001690	0.038174	-0.016264
1782907284.570416	-0.068644	-0.021000	0.905718	-0.003644	-0.006501	-0.064060	0.002972	0.037596	-0.008761
1782907284.589185	-0.068325	-0.020413	0.905761	-0.000398	-0.006186	-0.064413	0.006383	0.032627	-0.000629
1782907284.609334	-0.068132	-0.020004	0.905819	-0.002891	-0.005867	-0.063827	0.007426	0.033568	-0.017638
1782907284.630254	-0.067853	-0.019549	0.905988	-0.001880	-0.007828	-0.062808	0.002772	0.038013	-0.021700
1782907284.651089	-0.067684	-0.018826	0.906225	-0.002844	-0.008596	-0.062443	0.003032	0.035764	-0.001592
1782907284.669107	-0.067494	-0.018736	0.906481	-0.003499	-0.007080	-0.061777	0.005513	0.032511	-0.005273
1782907284.689951	-0.067351	-0.018175	0.906660	-0.003640	-0.006291	-0.062369	0.004816	0.034368	-0.015125
1782907284.709431	-0.067171	-0.017665	0.906874	0.000348	-0.007789	-0.060305	0.006324	0.033137	-0.006281
1782907284.731421	-0.067036	-0.016970	0.906996	-0.000463	-0.006331	-0.059351	0.005418	0.030988	-0.002949
1782907284.750574	-0.067036	-0.016970	0.906996	-0.000463	-0.006331	-0.059351	0.003970	0.031894	-0.020788
1782907284.771467	-0.066802	-0.016460	0.907000	-0.000543	-0.007348	-0.057854	-0.000685	0.035899	-0.025693
1782907284.790284	-0.066626	-0.016137	0.906909	-0.000265	-0.008063	-0.058011	-0.000635	0.033048	-0.014934
1782907284.810989	-0.066484	-0.015626	0.906872	-0.000549	-0.007840	-0.058627	0.003880	0.029052	-0.017596
1782907284.829111	-0.066476	-0.015324	0.906821	-0.002953	-0.006959	-0.057400	0.003799	0.030986	-0.037089
1782907284.848857	-0.066189	-0.014912	0.906319	-0.001650	-0.006011	-0.057152	-0.000273	0.034893	-0.033837
1782907284.869390	-0.066109	-0.014515	0.906227	-0.004211	-0.004978	-0.055086	-0.000434	0.033265	-0.013600
1782907284.889357	-0.066085	-0.014201	0.905968	-0.003876	-0.004391	-0.054951	-0.001174	0.031038	-0.020291
1782907284.909374	-0.065912	-0.013680	0.905812	-0.001841	-0.005271	-0.052554	-0.001450	0.033030	-0.022200
1782907284.929502	-0.065848	-0.013192	0.905475	-0.004885	-0.005001	-0.053995	0.003254	0.028495	-0.010237
1782907284.949887	-0.065732	-0.012709	0.905381	-0.005263	-0.004875	-0.054382	0.004476	0.028356	-0.018962
1782907284.970138	-0.065607	-0.012499	0.905108	-0.006833	-0.004643	-0.054485	0.002316	0.030468	-0.035222
1782907284.989910	-0.065502	-0.012260	0.905033	-0.003276	-0.004993	-0.053770	-0.000018	0.032279	-0.021728
1782907285.009418	-0.065342	-0.011934	0.904950	-0.000398	-0.005302	-0.053239	0.003224	0.025600	-0.003074
1782907285.031042	-0.065397	-0.011687	0.904902	-0.000435	-0.005426	-0.052848	0.003753	0.024212	-0.015910
1782907285.049119	-0.065097	-0.010952	0.904881	0.000825	-0.005898	-0.051156	0.005018	0.026696	-0.011927
1782907285.069219	-0.065118	-0.010750	0.905014	0.004213	-0.006767	-0.050326	0.006375	0.025943	0.003823
1782907285.088985	-0.064957	-0.010468	0.905336	-0.002339	-0.005414	-0.050448	0.001575	0.027252	-0.006581
1782907285.110965	-0.064874	-0.010222	0.905581	-0.000273	-0.005843	-0.049739	0.000793	0.029216	-0.003062
1782907285.129394	-0.064559	-0.009804	0.905889	-0.000809	-0.006490	-0.047660	0.003235	0.023784	0.007818
1782907285.149513	-0.064578	-0.009501	0.906080	0.000923	-0.006639	-0.047146	0.004474	0.022565	-0.009085
1782907285.169303	-0.064662	-0.009250	0.906015	-0.002050	-0.006481	-0.046651	0.001768	0.027750	-0.024586
1782907285.192664	-0.064545	-0.008769	0.906063	-0.003182	-0.006994	-0.045742	0.000248	0.027272	-0.010989
