时间(s)	位置x(m)	位置y(m)	位置z(m)	欧拉角roll(rad)	欧拉角pitch(rad)	欧拉角yaw(rad)	速度x(m/s)	速度y(m/s)	速度z(m/s)
1782912852.332864	0.284703	-0.660953	1.191624	0.009565	0.035773	-0.071080	-0.015369	0.017850	-0.002677
1782912852.349643	0.284317	-0.660191	1.192123	0.009601	0.036442	-0.071028	-0.014176	0.018960	0.009437
1782912852.369713	0.283791	-0.659641	1.192048	0.008441	0.036666	-0.068907	-0.012528	0.018670	0.017465
1782912852.390095	0.283572	-0.659217	1.192276	0.011766	0.037014	-0.066740	-0.012528	0.018670	0.017465
1782912852.409655	0.283440	-0.658824	1.194088	0.008493	0.036126	-0.063971	-0.014960	0.019512	0.132502
1782912852.429991	0.283003	-0.658309	1.197294	0.016663	0.032262	-0.062999	-0.018652	0.021000	0.186470
1782912852.449668	0.282384	-0.657566	1.201981	0.011362	0.032176	-0.060308	-0.021418	0.023929	0.245313
1782912852.470887	0.282026	-0.657040	1.208482	0.010668	0.033194	-0.057208	-0.026498	0.029753	0.315837
1782912852.490850	0.281907	-0.656791	1.212421	0.016198	0.029749	-0.057465	-0.026465	0.032426	0.364537
1782912852.509854	0.281273	-0.656266	1.220844	0.012233	0.031171	-0.054271	-0.026465	0.032426	0.364537
1782912852.529437	0.281184	-0.656117	1.225268	0.015875	0.029922	-0.051818	-0.033038	0.031950	0.421131
1782912852.550305	0.280624	-0.655324	1.234367	0.014147	0.027976	-0.048669	-0.036579	0.033908	0.403582
1782912852.569285	0.280354	-0.655215	1.238909	0.019267	0.028678	-0.047578	-0.039318	0.046976	0.412262
1782912852.592805	0.278912	-0.654026	1.252802	-0.007139	0.010371	-0.052078	-0.050411	0.051603	0.403482
1782912852.609578	0.278338	-0.653323	1.257687	-0.023529	-0.001878	-0.054598	-0.058133	0.049856	0.401872
1782912852.629595	0.275852	-0.651357	1.271952	-0.058395	-0.034735	-0.060362	-0.059427	0.058399	0.374726
1782912852.651933	0.274111	-0.649603	1.279896	-0.079579	-0.056409	-0.064119	-0.068056	0.058570	0.326950
1782912852.670134	0.273262	-0.648732	1.283652	-0.090890	-0.065666	-0.067461	-0.081498	0.067691	0.264630
1782912852.690820	0.271952	-0.647533	1.286590	-0.096126	-0.071803	-0.067257	-0.100804	0.084804	0.194957
1782912852.710761	0.268153	-0.643972	1.293030	-0.116062	-0.091504	-0.072605	-0.100804	0.084804	0.194957
1782912852.729095	0.266659	-0.642608	1.294226	-0.129305	-0.094764	-0.074291	-0.145429	0.134431	0.064683
1782912852.749220	0.261971	-0.637769	1.294710	-0.142997	-0.107431	-0.081327	-0.180892	0.163190	-0.021998
1782912852.770484	0.261971	-0.637769	1.294710	-0.142997	-0.107431	-0.081327	-0.192720	0.183017	-0.093504
1782912852.789312	0.256291	-0.631797	1.290367	-0.151809	-0.111923	-0.089449	-0.192720	0.183017	-0.093504
1782912852.809153	0.252268	-0.627472	1.284821	-0.158275	-0.109894	-0.094967	-0.244533	0.241636	-0.245036
1782912852.829392	0.247575	-0.622412	1.277002	-0.162869	-0.109722	-0.101012	-0.278242	0.280425	-0.338096
1782912852.848900	0.242788	-0.617189	1.266761	-0.162115	-0.109467	-0.105460	-0.293983	0.304880	-0.415234
1782912852.869654	0.237574	-0.611086	1.254796	-0.160826	-0.101612	-0.110404	-0.320693	0.325058	-0.481574
1782912852.889001	0.235011	-0.608227	1.247799	-0.161999	-0.099791	-0.115175	-0.351293	0.368054	-0.592838
1782912852.909028	0.229535	-0.601285	1.232507	-0.156244	-0.095649	-0.118051	-0.351293	0.368054	-0.592838
1782912852.931242	0.223531	-0.594300	1.214653	-0.154476	-0.088662	-0.123356	-0.374763	0.408675	-0.733078
1782912852.949385	0.217566	-0.586986	1.194676	-0.148000	-0.081798	-0.128509	-0.395712	0.435720	-0.829351
1782912852.969326	0.211205	-0.578957	1.172294	-0.148450	-0.072685	-0.135382	-0.404409	0.451910	-0.906926
1782912852.991194	0.207876	-0.574712	1.160940	-0.147324	-0.065860	-0.135331	-0.404409	0.451910	-0.906926
1782912853.009749	0.201428	-0.566289	1.135569	-0.139999	-0.062089	-0.140974	-0.434174	0.504580	-1.096795
1782912853.030310	0.194326	-0.557089	1.109136	-0.128717	-0.052390	-0.143877	-0.434174	0.504580	-1.096795
1782912853.049533	0.187566	-0.547274	1.082108	-0.125668	-0.045154	-0.147651	-0.433934	0.527536	-1.148210
1782912853.069967	0.180353	-0.536969	1.055251	-0.117259	-0.037316	-0.151634	-0.444004	0.549384	-1.126549
1782912853.089556	0.176573	-0.531433	1.042441	-0.117366	-0.033868	-0.153981	-0.444004	0.549384	-1.126549
1782912853.109688	0.169073	-0.520120	1.018315	-0.110317	-0.027793	-0.157513	-0.443765	0.576375	-0.965161
1782912853.129539	0.161502	-0.507734	0.997427	-0.103915	-0.021157	-0.162085	-0.452031	0.594045	-0.830885
1782912853.152219	0.153676	-0.494838	0.980369	-0.089941	-0.017823	-0.164941	-0.453313	0.604763	-0.689561
1782912853.170242	0.146151	-0.481152	0.967428	-0.081303	-0.014814	-0.166796	-0.453463	0.622889	-0.534754
1782912853.191372	0.142039	-0.474315	0.962856	-0.080067	-0.011458	-0.166513	-0.443918	0.644415	-0.281525
1782912853.209202	0.134911	-0.459297	0.955793	-0.079101	-0.005685	-0.169513	-0.446188	0.640031	-0.145517
1782912853.229209	0.127085	-0.444665	0.953502	-0.053577	-0.003074	-0.169143	-0.447299	0.635450	-0.084359
1782912853.250418	0.120290	-0.428928	0.953522	-0.060119	0.008346	-0.166655	-0.432373	0.662885	0.086688
1782912853.270303	0.113082	-0.413763	0.957410	-0.040050	0.010817	-0.163398	-0.431735	0.649303	0.126267
1782912853.293176	0.113082	-0.413763	0.957410	-0.040050	0.010817	-0.163398	-0.417824	0.677627	0.263439
1782912853.309854	0.103247	-0.390013	0.966823	-0.031352	0.019756	-0.155371	-0.417467	0.670174	0.284504
1782912853.330356	0.096890	-0.374352	0.975119	-0.027751	0.024695	-0.149825	-0.390255	0.689068	0.370002
1782912853.349425	0.090849	-0.358513	0.985114	-0.022208	0.025540	-0.146104	-0.382970	0.684057	0.387816
1782912853.369296	0.087996	-0.350922	0.990390	-0.013812	0.026584	-0.143348	-0.359892	0.700039	0.420023
1782912853.416566	0.077495	-0.320182	1.012691	0.008845	0.030646	-0.128860	-0.313331	0.688287	0.427698
1782912853.441738	0.070963	-0.297829	1.029895	0.024317	0.031966	-0.121237	-0.300006	0.682464	0.387434
1782912853.461980	0.066671	-0.283306	1.040208	0.030181	0.033162	-0.114509	-0.284828	0.684613	0.368058
1782912853.481890	0.062971	-0.268767	1.049871	0.035732	0.032551	-0.109352	-0.258971	0.671764	0.275050
1782912853.501979	0.061092	-0.261663	1.053873	0.042902	0.031205	-0.106348	-0.258971	0.671764	0.275050
1782912853.521541	0.057434	-0.247785	1.061154	0.054942	0.026912	-0.100149	-0.247405	0.659911	0.165112
1782912853.541649	0.053860	-0.233990	1.066399	0.055402	0.026233	-0.095372	-0.236887	0.643196	0.083687
1782912853.561860	0.052011	-0.227213	1.067860	0.053999	0.025279	-0.093404	-0.225024	0.623870	-0.008007
1782912853.581478	0.046996	-0.207300	1.069526	0.067371	0.019778	-0.085855	-0.232159	0.616811	-0.098038
1782912853.601489	0.045082	-0.200810	1.069413	0.069980	0.020334	-0.080615	-0.212785	0.594842	-0.187660
1782912853.622297	0.041830	-0.188094	1.066324	0.078565	0.017750	-0.076367	-0.207757	0.575450	-0.274106
1782912853.641498	0.040110	-0.181684	1.064083	0.078256	0.013888	-0.073525	-0.212206	0.559146	-0.369748
1782912853.661423	0.036700	-0.169360	1.057948	0.081703	0.012825	-0.066995	-0.199752	0.528827	-0.451339
1782912853.682053	0.033317	-0.156970	1.049469	0.088633	0.011361	-0.060749	-0.209452	0.514522	-0.543131
1782912853.701487	0.029670	-0.145139	1.038767	0.087981	0.009796	-0.054747	-0.195554	0.487883	-0.609551
1782912853.722366	0.026081	-0.133830	1.026363	0.088665	0.009623	-0.050449	-0.209191	0.475135	-0.673174
1782912853.742008	0.022638	-0.122611	1.012858	0.090169	0.008072	-0.046852	-0.206594	0.452306	-0.711275
1782912853.761701	0.018859	-0.111913	0.998477	0.092103	0.007326	-0.040855	-0.211021	0.430073	-0.729285
1782912853.782932	0.017107	-0.106930	0.991710	0.088538	0.008728	-0.038455	-0.212548	0.409584	-0.695131
1782912853.803789	0.013392	-0.097003	0.978392	0.089013	0.004229	-0.034654	-0.208772	0.387962	-0.641950
1782912853.822928	0.009448	-0.088069	0.966879	0.083683	0.006715	-0.027781	-0.215835	0.376897	-0.579022
1782912853.841895	0.005748	-0.079673	0.957396	0.084043	0.005873	-0.024288	-0.212303	0.357074	-0.466138
1782912853.862044	0.001613	-0.072333	0.950522	0.086891	0.007352	-0.020704	-0.213668	0.343282	-0.351441
1782912853.881465	-0.002361	-0.065805	0.946482	0.085828	0.007844	-0.014486	-0.213516	0.328196	-0.249731
1782912853.901845	-0.004273	-0.062560	0.945812	0.084308	0.008285	-0.012582	-0.211866	0.317069	-0.130400
1782912853.923232	-0.008069	-0.056973	0.945569	0.083041	0.009502	-0.008729	-0.210899	0.299430	-0.018585
1782912853.941449	-0.011901	-0.051919	0.947825	0.081643	0.012284	-0.006738	-0.208977	0.291692	0.060630
1782912853.961928	-0.015829	-0.047444	0.951165	0.074598	0.010554	-0.002425	-0.201224	0.273430	0.121191
1782912853.981945	-0.019499	-0.043538	0.955085	0.074937	0.013959	-0.000104	-0.203587	0.260138	0.118373
1782912854.001809	-0.021184	-0.041559	0.956745	0.076904	0.012047	0.002307	-0.204121	0.245690	0.127204
1782912854.021662	-0.024836	-0.038225	0.960377	0.073754	0.013207	0.004332	-0.198141	0.224543	0.096144
1782912854.041651	-0.028217	-0.035208	0.962450	0.071050	0.015097	0.006397	-0.188634	0.206602	0.053017
1782912854.063584	-0.031755	-0.032062	0.962612	0.071606	0.016742	0.009003	-0.192340	0.193327	-0.016012
1782912854.081361	-0.033403	-0.030690	0.962724	0.067840	0.020583	0.010980	-0.186002	0.175402	-0.093639
1782912854.101689	-0.036924	-0.027951	0.960072	0.066446	0.022730	0.012428	-0.178475	0.152084	-0.161151
1782912854.122370	-0.040113	-0.025644	0.955749	0.061692	0.023754	0.013893	-0.179055	0.138308	-0.244061
1782912854.142258	-0.043402	-0.023243	0.949919	0.061590	0.026299	0.016260	-0.172341	0.121348	-0.302195
1782912854.162175	-0.046604	-0.021353	0.942750	0.058657	0.025777	0.017508	-0.163007	0.106131	-0.352539
1782912854.181952	-0.048039	-0.020571	0.938651	0.053469	0.027795	0.019401	-0.156804	0.089304	-0.374378
1782912854.201589	-0.051007	-0.018944	0.930575	0.051276	0.029570	0.019183	-0.147631	0.074266	-0.375217
1782912854.223895	-0.053965	-0.017669	0.922777	0.047232	0.028022	0.019244	-0.149159	0.067590	-0.365783
1782912854.241724	-0.055202	-0.016886	0.919035	0.042676	0.026982	0.023773	-0.141543	0.058103	-0.325001
1782912854.262531	-0.059094	-0.016075	0.910188	0.036343	0.026813	0.022698	-0.131873	0.045281	-0.259432
1782912854.281433	-0.061240	-0.015690	0.906441	0.036800	0.025078	0.025764	-0.123158	0.037185	-0.192195
1782912854.301480	-0.062141	-0.015819	0.905280	0.033363	0.026921	0.026669	-0.113785	0.023202	-0.096444
1782912854.322945	-0.064028	-0.016059	0.904434	0.029277	0.025203	0.028151	-0.107567	0.017583	-0.023404
1782912854.342392	-0.065419	-0.016416	0.905431	0.025126	0.024715	0.029891	-0.101530	0.011640	0.048628
1782912854.361745	-0.066689	-0.016988	0.908244	0.021061	0.022192	0.032898	-0.086025	0.002423	0.110299
1782912854.383534	-0.067335	-0.017214	0.909608	0.017946	0.021213	0.032351	-0.084519	-0.003993	0.160532
1782912854.401581	-0.068335	-0.018178	0.913716	0.013849	0.020501	0.034123	-0.073601	-0.008063	0.169782
1782912854.422347	-0.069072	-0.019163	0.917610	0.012682	0.018571	0.035572	-0.071389	-0.014456	0.175902
1782912854.441768	-0.069828	-0.020073	0.921469	0.009279	0.015792	0.034988	-0.063460	-0.021341	0.160548
1782912854.462025	-0.070168	-0.021064	0.924311	0.003620	0.015943	0.037654	-0.059702	-0.026540	0.130496
1782912854.482086	-0.070404	-0.021507	0.925571	0.010030	0.012505	0.038382	-0.049186	-0.038204	0.032272
1782912854.501853	-0.070799	-0.022631	0.926650	0.002223	0.013466	0.038851	-0.049186	-0.038204	0.032272
1782912854.521535	-0.071269	-0.023784	0.926272	0.001200	0.011296	0.038890	-0.038081	-0.045849	-0.086318
1782912854.542710	-0.071594	-0.024379	0.924748	-0.003595	0.010717	0.041268	-0.038081	-0.045849	-0.086318
1782912854.561573	-0.071733	-0.025199	0.921753	-0.001938	0.006567	0.043304	-0.032829	-0.053168	-0.125005
1782912854.581964	-0.071539	-0.026051	0.919995	-0.004750	0.006151	0.041069	-0.023888	-0.058372	-0.150114
1782912854.601847	-0.071839	-0.026904	0.916017	-0.009274	0.004807	0.042312	-0.024426	-0.059484	-0.179835
1782912854.621943	-0.072085	-0.027683	0.911551	-0.012823	0.002259	0.041793	-0.018486	-0.061500	-0.191382
1782912854.641777	-0.072062	-0.027983	0.909443	-0.014112	0.001259	0.042813	-0.018486	-0.061500	-0.191382
1782912854.661775	-0.072027	-0.028772	0.905263	-0.017052	-0.000058	0.041991	-0.021280	-0.054288	-0.181220
1782912854.681206	-0.071972	-0.029523	0.901678	-0.018983	-0.001467	0.041892	-0.020354	-0.054013	-0.137883
1782912854.705352	-0.071882	-0.030243	0.898892	-0.020549	-0.001231	0.043395	-0.011412	-0.053088	-0.059472
1782912854.721348	-0.071800	-0.030551	0.897319	-0.023327	-0.000656	0.043000	-0.017528	-0.048804	-0.006745
1782912854.743325	-0.071771	-0.031017	0.896866	-0.022577	-0.002011	0.043657	-0.017528	-0.048804	-0.006745
1782912854.762219	-0.071540	-0.031459	0.897239	-0.026407	-0.001442	0.043729	-0.008748	-0.049631	0.044568
1782912854.781691	-0.071393	-0.031787	0.898400	-0.028311	0.000626	0.044257	-0.008884	-0.042979	0.047790
1782912854.803088	-0.071417	-0.031764	0.899251	-0.027817	0.000957	0.043630	-0.007270	-0.042525	0.088529
1782912854.822452	-0.071217	-0.031753	0.901088	-0.027171	-0.001045	0.042607	-0.004265	-0.041779	0.098909
1782912854.841962	-0.071038	-0.031815	0.903078	-0.025063	-0.003101	0.043665	-0.006000	-0.035457	0.102283
1782912854.861876	-0.070689	-0.031551	0.905044	-0.025576	-0.002631	0.044367	-0.001011	-0.033769	0.097229
1782912854.881681	-0.070769	-0.031450	0.905971	-0.021758	-0.003304	0.042377	0.004899	-0.033683	0.084036
1782912854.902440	-0.070522	-0.031097	0.906830	-0.025675	-0.002546	0.042732	0.007461	-0.031777	0.061754
1782912854.922982	-0.070197	-0.030766	0.907322	-0.030436	-0.003162	0.042498	0.009779	-0.030327	0.031348
1782912854.942394	-0.070185	-0.030161	0.907486	-0.028034	-0.003528	0.042040	0.012123	-0.027794	0.002134
1782912854.961464	-0.070013	-0.029355	0.906660	-0.025766	-0.003479	0.043500	0.010402	-0.023852	-0.044740
1782912854.981781	-0.069820	-0.028922	0.905775	-0.028463	-0.004167	0.042817	0.010402	-0.023852	-0.044740
1782912855.001625	-0.069714	-0.028276	0.904307	-0.021307	-0.008319	0.043411	0.010088	-0.021345	-0.058402
1782912855.021785	-0.069624	-0.027341	0.902723	-0.025524	-0.008485	0.041468	0.010428	-0.019246	-0.071832
1782912855.042368	-0.069582	-0.026319	0.900401	-0.023039	-0.008270	0.042908	0.010086	-0.016223	-0.075053
1782912855.061898	-0.069519	-0.024957	0.898410	-0.023390	-0.007061	0.041354	0.010343	-0.010571	-0.078822
1782912855.082447	-0.069397	-0.024412	0.897564	-0.020440	-0.008340	0.041647	0.013699	-0.007689	-0.066690
1782912855.101750	-0.069340	-0.023530	0.895491	-0.021521	-0.007001	0.040962	0.009627	-0.005663	-0.049620
1782912855.121558	-0.069278	-0.022075	0.894165	-0.017039	-0.007094	0.040730	0.005282	-0.001630	-0.024107
1782912855.141525	-0.069288	-0.020794	0.893284	-0.020373	-0.006989	0.041734	0.005282	-0.001630	-0.024107
1782912855.162482	-0.069334	-0.019182	0.892769	-0.014583	-0.009504	0.041392	0.007858	0.000369	0.012252
1782912855.181760	-0.069312	-0.018592	0.892781	-0.015115	-0.009202	0.040155	0.010241	0.003868	0.002981
1782912855.202223	-0.069411	-0.016916	0.893147	-0.016127	-0.007763	0.040952	0.010572	0.009506	0.029417
1782912855.222318	-0.069467	-0.015173	0.894109	-0.014265	-0.007308	0.040162	0.014252	0.007769	0.061832
1782912855.255632	-0.069556	-0.013855	0.895274	-0.012736	-0.008776	0.039693	0.010923	0.014176	0.081578
1782912855.282018	-0.069591	-0.010103	0.898701	-0.012984	-0.009952	0.040783	0.010600	0.019605	0.086831
1782912855.302597	-0.069754	-0.009451	0.899418	-0.011230	-0.011308	0.040317	0.013324	0.016451	0.092387
1782912855.322130	-0.069872	-0.007660	0.900984	-0.011390	-0.009535	0.041668	0.012090	0.017711	0.081933
1782912855.342119	-0.070001	-0.005761	0.902386	-0.012001	-0.009263	0.039933	0.020647	0.017118	0.070695
1782912855.362337	-0.069938	-0.004794	0.902554	-0.007639	-0.009686	0.042789	0.020636	0.015911	0.029520
1782912855.383177	-0.070170	-0.002960	0.903182	-0.010031	-0.008400	0.041045	0.020636	0.015911	0.029520
1782912855.402693	-0.070388	-0.001304	0.902696	-0.002329	-0.009340	0.041330	0.011028	0.019329	-0.016015
1782912855.422086	-0.070611	0.000504	0.901811	-0.003973	-0.012328	0.042374	0.011146	0.019254	-0.039680
1782912855.442858	-0.070776	0.002582	0.900679	-0.004116	-0.011265	0.043110	0.008063	0.016640	-0.063851
1782912855.462298	-0.070897	0.004276	0.899010	-0.002537	-0.013844	0.042359	0.008063	0.016640	-0.063851
1782912855.482181	-0.071274	0.006140	0.897188	0.002651	-0.012782	0.041839	0.008185	0.012416	-0.062926
1782912855.502890	-0.071554	0.006775	0.896574	0.003836	-0.016169	0.040695	0.012548	0.008991	-0.055360
1782912855.522113	-0.071890	0.008577	0.894888	0.004193	-0.015229	0.042948	0.011332	0.006792	-0.047542
1782912855.542278	-0.072168	0.010228	0.893679	0.003622	-0.014170	0.041048	0.005458	0.010270	-0.034654
1782912855.562558	-0.072486	0.011713	0.893130	0.003732	-0.013754	0.042219	0.003233	0.009472	-0.003652
1782912855.582299	-0.072782	0.012449	0.893136	0.000423	-0.013896	0.043104	0.000142	0.004522	0.044449
1782912855.602353	-0.073502	0.013852	0.893451	0.003835	-0.014610	0.044607	0.000142	0.004522	0.044449
1782912855.622488	-0.073910	0.015100	0.893905	0.007792	-0.013401	0.045377	0.005755	0.003813	0.047790
1782912855.641920	-0.074703	0.016521	0.895275	0.004296	-0.011412	0.045420	-0.004893	0.003857	0.071773
1782912855.661993	-0.075137	0.017734	0.896066	0.004228	-0.010740	0.045395	-0.004893	0.003857	0.071773
1782912855.682009	-0.075754	0.018827	0.897153	0.004218	-0.008457	0.044284	-0.000546	-0.000230	0.073794
1782912855.702385	-0.075969	0.019430	0.897696	0.006082	-0.009748	0.044624	0.000465	-0.003769	0.064083
1782912855.722979	-0.076368	0.020086	0.898290	0.006800	-0.008833	0.043902	-0.001337	-0.004386	0.050946
1782912855.742507	-0.077245	0.021580	0.899171	0.008430	-0.010475	0.044465	-0.004364	-0.005052	0.023336
1782912855.761646	-0.077245	0.021580	0.899171	0.008430	-0.010475	0.044465	-0.004364	-0.005052	0.023336
1782912855.784202	-0.077898	0.022697	0.898925	0.009035	-0.007781	0.047208	-0.004071	-0.009736	-0.005073
1782912855.803159	-0.078456	0.023431	0.898840	0.008455	-0.007251	0.045795	-0.004071	-0.009736	-0.005073
1782912855.823367	-0.079302	0.024363	0.898416	0.006540	-0.005532	0.047419	-0.002829	-0.013839	-0.019442
1782912855.842430	-0.079771	0.025199	0.897164	0.008601	-0.003399	0.046182	-0.001591	-0.015955	-0.031413
1782912855.862009	-0.080463	0.025997	0.895763	0.013573	-0.002695	0.047306	-0.000424	-0.019157	-0.041412
1782912855.882534	-0.081447	0.026853	0.893384	0.005478	-0.000858	0.046908	-0.001799	-0.020274	-0.054305
1782912855.902551	-0.081685	0.027060	0.892480	0.009014	-0.001262	0.045731	-0.008991	-0.019087	-0.047036
1782912855.922126	-0.082357	0.027907	0.891077	0.006540	-0.000590	0.045619	-0.008991	-0.019087	-0.047036
1782912855.942258	-0.082917	0.028143	0.890034	0.010255	0.000009	0.044405	-0.008890	-0.024664	-0.022829
1782912855.961847	-0.083477	0.028590	0.889242	0.009811	0.000968	0.044454	0.000239	-0.028767	-0.002210
1782912855.982825	-0.083983	0.028834	0.889172	0.005373	0.002722	0.043626	-0.003695	-0.030900	0.005786
1782912856.001898	-0.084250	0.028936	0.889240	0.006670	0.001914	0.044924	-0.004115	-0.025797	0.036522
1782912856.022964	-0.084777	0.029347	0.890102	0.004998	-0.000698	0.044302	-0.003810	-0.030162	0.061332
1782912856.043221	-0.085390	0.029188	0.891283	0.005100	0.001583	0.044530	-0.003617	-0.029438	0.080749
1782912856.062319	-0.085813	0.029506	0.892817	0.006906	0.000846	0.043506	0.004684	-0.032523	0.083767
1782912856.082953	-0.086264	0.029444	0.894368	0.003640	0.002214	0.044255	-0.004241	-0.031028	0.089777
1782912856.102165	-0.086593	0.029512	0.895165	0.002854	0.000749	0.043857	-0.004241	-0.031028	0.089777
1782912856.122274	-0.086868	0.029508	0.896820	0.003292	0.003735	0.044361	-0.004018	-0.032695	0.084646
1782912856.142342	-0.087092	0.029648	0.897943	0.003699	0.001988	0.043669	-0.001593	-0.035504	0.072936
1782912856.162347	-0.087700	0.029512	0.898882	0.000637	0.002395	0.044183	0.000807	-0.037743	0.058466
1782912856.182936	-0.088160	0.029421	0.899203	0.002921	0.000568	0.044490	0.004156	-0.040574	0.017195
1782912856.202599	-0.088326	0.029358	0.899228	0.005609	-0.000413	0.043476	0.004156	-0.040574	0.017195
1782912856.224970	-0.088611	0.029233	0.898631	0.005050	-0.001855	0.043649	0.004786	-0.042530	-0.024570
1782912856.244103	-0.088987	0.029052	0.897819	0.003108	-0.002127	0.041741	0.004786	-0.042530	-0.024570
1782912856.263271	-0.089169	0.028731	0.896674	0.000067	-0.001140	0.042798	-0.002408	-0.040345	-0.053268
1782912856.282280	-0.089363	0.028760	0.895811	0.002670	-0.001361	0.042848	-0.002408	-0.040345	-0.053268
1782912856.302192	-0.089849	0.028623	0.894165	0.001735	0.000821	0.042756	-0.002748	-0.041713	-0.055014
1782912856.322138	-0.089918	0.028496	0.892488	0.000717	-0.000121	0.042520	0.000526	-0.044065	-0.053177
1782912856.342331	-0.090196	0.028402	0.891131	0.004865	0.000420	0.040922	0.005983	-0.044284	-0.047667
1782912856.362748	-0.090680	0.027964	0.889770	-0.006438	0.001257	0.041876	0.005648	-0.042121	-0.048949
1782912856.382074	-0.090825	0.027896	0.889427	-0.003779	0.001880	0.041838	0.001135	-0.038328	-0.028084
1782912856.402638	-0.091023	0.027709	0.889048	-0.006190	0.000455	0.041315	-0.001176	-0.041802	0.031451
1782912856.422743	-0.091286	0.027455	0.889250	-0.005337	-0.000827	0.040005	-0.001176	-0.041802	0.031451
1782912856.442650	-0.091592	0.027275	0.889953	-0.007122	-0.000775	0.040965	0.002270	-0.034837	0.054758
1782912856.462415	-0.091788	0.026686	0.891334	-0.007737	0.001082	0.038901	0.004556	-0.039352	0.071528
1782912856.482179	-0.092020	0.026639	0.893119	-0.005549	-0.001033	0.040645	0.005602	-0.036142	0.093524
1782912856.502357	-0.091871	0.026601	0.893960	-0.004047	-0.001057	0.040883	0.007626	-0.031806	0.090782
1782912856.522188	-0.092265	0.026309	0.895907	-0.002758	0.000714	0.038601	0.007626	-0.031806	0.090782
1782912856.542138	-0.092511	0.026135	0.897819	-0.007774	0.000329	0.040507	0.003940	-0.027445	0.083437
1782912856.562881	-0.092710	0.026049	0.899391	-0.000970	0.000539	0.037259	0.003354	-0.025115	0.076554
1782912856.582539	-0.092778	0.025898	0.900188	-0.005405	-0.000496	0.037254	0.007400	-0.029976	0.053325
1782912856.602128	-0.092849	0.025522	0.901178	-0.006701	-0.000285	0.038127	0.007400	-0.029976	0.053325
1782912856.622026	-0.092857	0.025405	0.901690	-0.005593	0.001015	0.037389	0.007742	-0.029822	0.030842
1782912856.642541	-0.092884	0.025314	0.901608	-0.006529	0.001699	0.037942	0.007523	-0.030051	0.003633
1782912856.661979	-0.093060	0.025199	0.900959	-0.004809	0.001881	0.037342	0.006786	-0.028743	-0.024866
1782912856.682032	-0.093157	0.025152	0.900469	-0.003761	0.001457	0.036079	0.008642	-0.028610	-0.047094
1782912856.702329	-0.093188	0.025005	0.898884	-0.003795	0.000479	0.036286	0.008714	-0.028839	-0.063626
1782912856.722117	-0.093245	0.024809	0.897183	-0.003926	0.002860	0.035259	0.005477	-0.027701	-0.072572
1782912856.742405	-0.093359	0.024784	0.895372	-0.006123	-0.000081	0.034994	0.005477	-0.027701	-0.072572
1782912856.762320	-0.093519	0.024494	0.893902	-0.001830	0.000261	0.034917	0.010466	-0.033664	-0.038373
1782912856.781999	-0.093397	0.024516	0.893333	-0.004029	-0.000005	0.034369	0.010466	-0.033664	-0.038373
1782912856.805142	-0.093300	0.024394	0.892875	-0.002298	-0.000431	0.034142	0.018885	-0.030505	-0.008123
1782912856.822399	-0.093413	0.024208	0.892252	-0.005075	0.001168	0.036029	0.012610	-0.027898	0.012779
1782912856.841996	-0.093287	0.023889	0.892255	-0.007580	-0.001033	0.036280	0.009670	-0.028923	0.046047
1782912856.862352	-0.093215	0.023781	0.892553	-0.005901	-0.001026	0.036192	0.009670	-0.028923	0.046047
1782912856.882700	-0.093333	0.023526	0.894074	-0.007009	0.000025	0.035497	0.013998	-0.031285	0.061981
1782912856.902713	-0.093333	0.023526	0.894074	-0.007009	0.000025	0.035497	0.011851	-0.025959	0.059237
1782912856.923164	-0.093075	0.023139	0.895785	-0.006402	-0.001792	0.034322	0.016780	-0.026359	0.067423
1782912856.943590	-0.093059	0.023010	0.897326	-0.006784	-0.001951	0.034655	0.013118	-0.026335	0.065178
1782912856.962464	-0.092818	0.022747	0.898580	-0.002960	-0.002724	0.033678	0.013118	-0.026335	0.065178
1782912856.981829	-0.092976	0.022694	0.899870	-0.004471	-0.003139	0.033784	0.009111	-0.023787	0.056372
1782912857.002383	-0.092777	0.022622	0.900195	-0.006618	-0.002226	0.033731	0.011596	-0.022626	0.036906
1782912857.022338	-0.092758	0.022517	0.900668	-0.004801	-0.004089	0.033629	0.011596	-0.022626	0.036906
1782912857.041675	-0.092602	0.022459	0.900931	-0.002346	-0.002921	0.033381	0.012949	-0.024683	0.013920
1782912857.062182	-0.092588	0.022219	0.900808	-0.004882	-0.004876	0.032174	0.012949	-0.024683	0.013920
1782912857.082248	-0.092519	0.022084	0.900571	-0.000461	-0.004933	0.032922	0.013150	-0.024420	-0.002106
1782912857.102019	-0.092330	0.022161	0.900070	-0.004857	-0.004686	0.030195	0.012487	-0.023304	-0.014972
1782912857.122339	-0.092392	0.021983	0.899040	-0.007490	-0.004850	0.031894	0.009367	-0.020835	-0.029571
1782912857.142111	-0.092448	0.021864	0.898152	-0.007942	-0.002460	0.029842	0.009668	-0.019496	-0.037227
1782912857.161972	-0.092403	0.021724	0.897062	-0.005006	-0.003357	0.030108	0.013016	-0.021682	-0.040338
1782912857.182308	-0.092306	0.021704	0.895637	-0.006608	-0.001265	0.028980	0.014573	-0.022155	-0.043800
1782912857.202236	-0.092309	0.021715	0.895063	-0.008239	-0.002611	0.029343	0.012943	-0.019730	-0.046118
1782912857.222304	-0.092281	0.021516	0.893947	-0.006629	-0.001458	0.028702	0.007771	-0.018275	-0.044076
1782912857.243334	-0.092171	0.021378	0.892969	-0.003647	-0.000992	0.027511	0.007401	-0.019964	-0.002742
1782912857.262076	-0.092229	0.021220	0.892490	-0.005491	-0.001606	0.027000	0.007401	-0.019964	-0.002742
1782912857.282290	-0.092249	0.021060	0.892704	-0.005829	-0.000305	0.026405	0.011323	-0.022162	0.007350
1782912857.302381	-0.092129	0.021135	0.892754	-0.004138	-0.001809	0.026061	0.013678	-0.017224	0.042806
1782912857.321970	-0.092216	0.020924	0.893670	-0.001887	-0.002829	0.026357	0.013678	-0.017224	0.042806
1782912857.342743	-0.092257	0.020796	0.894837	-0.006924	-0.002800	0.025676	0.008572	-0.015735	0.062168
1782912857.361965	-0.092206	0.020505	0.896194	-0.002931	-0.003150	0.024326	0.007309	-0.013772	0.079485
1782912857.382071	-0.092110	0.020650	0.897218	-0.005648	-0.004399	0.023909	0.012697	-0.013919	0.080877
1782912857.402090	-0.092157	0.020730	0.898472	-0.004727	-0.000950	0.024338	0.010115	-0.011751	0.070738
1782912857.422710	-0.092026	0.020416	0.899881	-0.005983	-0.002281	0.023649	0.007355	-0.008209	0.062323
1782912857.442567	-0.092069	0.020442	0.900951	-0.003767	-0.001016	0.023046	0.006234	-0.008811	0.052789
1782912857.461980	-0.091997	0.020393	0.901544	-0.005828	-0.001255	0.024422	0.013874	-0.009988	0.023880
1782912857.482027	-0.091964	0.020463	0.901857	-0.003617	-0.002587	0.023772	0.013671	-0.011215	0.010362
1782912857.502126	-0.091962	0.020391	0.902018	0.000464	-0.003626	0.023432	0.014359	-0.013317	-0.002703
1782912857.522007	-0.091884	0.020365	0.901735	0.001319	-0.003281	0.021452	0.014948	-0.013974	-0.016291
1782912857.542167	-0.091928	0.020288	0.900955	-0.003085	-0.001863	0.021405	0.014393	-0.014582	-0.028753
1782912857.563646	-0.091576	0.020232	0.899915	-0.000028	-0.002867	0.022043	0.012621	-0.014994	-0.042537
1782912857.582670	-0.091646	0.020236	0.899210	-0.000251	-0.002986	0.020645	0.010928	-0.015784	-0.053791
1782912857.602393	-0.091728	0.020068	0.898030	0.001398	-0.004181	0.020940	0.006760	-0.015352	-0.061850
1782912857.622018	-0.091668	0.019906	0.896572	0.002467	-0.005727	0.020463	0.003585	-0.015080	-0.054705
1782912857.642469	-0.091632	0.019826	0.895380	0.004957	-0.007044	0.020723	0.005578	-0.019249	-0.036730
1782912857.662394	-0.091529	0.019531	0.894675	0.000969	-0.005000	0.019475	0.012186	-0.023321	-0.022686
1782912857.681996	-0.091439	0.019480	0.894482	-0.000232	-0.005012	0.018958	0.010362	-0.022518	-0.016162
1782912857.702140	-0.091320	0.019106	0.894234	0.000048	-0.004984	0.020758	0.011867	-0.019810	0.005548
1782912857.723158	-0.091427	0.018721	0.894701	-0.001710	-0.006281	0.020869	0.002466	-0.018844	0.063285
1782912857.742794	-0.091420	0.018545	0.895598	-0.002966	-0.006173	0.018919	0.002466	-0.018844	0.063285
1782912857.762816	-0.091331	0.018373	0.896983	-0.005226	-0.004102	0.020651	0.008766	-0.020408	0.067685
1782912857.781838	-0.091283	0.018323	0.897755	-0.005125	-0.004463	0.020911	0.006492	-0.017222	0.059799
1782912857.803306	-0.091301	0.017837	0.898999	-0.005407	-0.005810	0.019221	0.000808	-0.016169	0.061794
1782912857.822813	-0.091311	0.017651	0.900078	0.002056	-0.006324	0.018982	0.001276	-0.017292	0.060116
1782912857.842370	-0.091372	0.017434	0.901463	-0.004641	-0.008009	0.017939	0.009164	-0.021572	0.053338
1782912857.862374	-0.091354	0.017040	0.901776	-0.005584	-0.006546	0.019757	0.008817	-0.020934	0.034469
1782912857.882696	-0.091305	0.016889	0.902348	0.000514	-0.007650	0.018239	0.007788	-0.019873	0.021050
1782912857.902716	-0.091306	0.016711	0.902523	0.000112	-0.005814	0.019066	0.005396	-0.020047	0.007028
1782912857.926237	-0.091342	0.016256	0.902317	-0.003573	-0.004595	0.018563	0.002925	-0.020543	-0.019692
1782912857.942761	-0.091342	0.016256	0.902317	-0.003573	-0.004595	0.018563	0.002694	-0.022038	-0.034505
1782912857.962109	-0.091458	0.015804	0.901255	-0.001659	-0.005056	0.018221	0.003998	-0.023731	-0.046425
1782912857.983605	-0.091693	0.015357	0.899757	-0.002002	-0.005820	0.018179	0.003998	-0.023731	-0.046425
1782912858.002126	-0.091760	0.015223	0.898396	0.000529	-0.003633	0.016198	0.003529	-0.022207	-0.063002
1782912858.021773	-0.091928	0.015005	0.896816	-0.005493	-0.006166	0.016428	-0.005709	-0.016428	-0.062602
1782912858.044089	-0.092187	0.014692	0.895329	-0.003039	-0.003039	0.017496	-0.005709	-0.016428	-0.062602
1782912858.061762	-0.092141	0.014456	0.894344	-0.003036	-0.006013	0.016565	-0.005007	-0.018899	-0.038950
1782912858.082200	-0.092201	0.014195	0.894140	-0.002408	-0.005325	0.017410	-0.002247	-0.019043	-0.013913
1782912858.102392	-0.092401	0.013885	0.893697	-0.005130	-0.004429	0.018541	-0.001180	-0.023756	-0.004554
1782912858.122210	-0.092568	0.013700	0.894085	-0.002024	-0.004982	0.018208	0.001902	-0.021151	0.017669
1782912858.142832	-0.092664	0.013291	0.895089	-0.005490	0.001158	0.017456	-0.004678	-0.018559	0.044527
1782912858.166543	-0.092608	0.012999	0.895680	-0.002600	-0.000662	0.015935	0.003835	-0.019422	0.069165
1782912858.181570	-0.092757	0.012595	0.897170	-0.002197	-0.001616	0.017947	0.003835	-0.019422	0.069165
1782912858.201972	-0.092960	0.012249	0.898600	-0.006908	-0.001565	0.018083	-0.000715	-0.016376	0.061607
1782912858.221746	-0.092851	0.011935	0.900229	-0.000886	-0.000883	0.016400	-0.004859	-0.015318	0.068523
1782912858.241775	-0.092907	0.011589	0.901880	-0.006378	0.001052	0.015728	-0.002492	-0.017705	0.068669
1782912858.261814	-0.092898	0.011163	0.902916	-0.002058	0.000803	0.014138	0.002775	-0.019251	0.051402
1782912858.281767	-0.093041	0.010933	0.903535	0.000533	-0.002403	0.013513	0.002775	-0.019251	0.051402
1782912858.302176	-0.093112	0.010508	0.904285	-0.002392	-0.000592	0.016014	0.001063	-0.019942	0.030983
1782912858.323193	-0.093129	0.010289	0.904394	-0.001067	0.000076	0.017116	-0.001395	-0.018238	0.012244
1782912858.343746	-0.093124	0.009971	0.904303	-0.000347	0.000419	0.016632	-0.000563	-0.019167	-0.005996
1782912858.366151	-0.093152	0.009708	0.903719	0.001061	0.000378	0.016619	-0.001024	-0.018927	-0.047759
1782912858.384952	-0.093093	0.009605	0.903075	0.001182	0.000805	0.015458	0.000130	-0.020823	-0.068919
