时间(s)	位置x(m)	位置y(m)	位置z(m)	欧拉角roll(rad)	欧拉角pitch(rad)	欧拉角yaw(rad)	速度x(m/s)	速度y(m/s)	速度z(m/s)
1782912407.309835	0.308106	0.705838	1.204089	-0.005705	0.004099	0.029872	0.000264	0.051967	-0.038282
1782912407.323796	0.308076	0.706194	1.203671	-0.008637	0.006040	0.029315	0.000264	0.051967	-0.038282
1782912407.343960	0.307964	0.706651	1.203393	-0.005924	0.005683	0.029396	0.005764	0.044466	-0.023830
1782912407.364072	0.307518	0.707603	1.202755	-0.007433	0.006247	0.035782	0.005464	0.042910	-0.013196
1782912407.383314	0.307364	0.708820	1.203371	-0.000365	0.006013	0.040155	0.009557	0.045082	0.048853
1782912407.403377	0.306849	0.710017	1.205271	-0.001234	0.008696	0.047396	0.005591	0.046376	0.126630
1782912407.423250	0.306849	0.710017	1.205271	-0.001234	0.008696	0.047396	0.006353	0.046481	0.193308
1782912407.443990	0.306285	0.712114	1.215049	0.000443	0.006566	0.062258	0.006876	0.055360	0.301887
1782912407.463686	0.306131	0.712615	1.218588	0.001440	0.006772	0.065109	0.011020	0.056078	0.384654
1782912407.483337	0.305822	0.713717	1.227129	-0.002394	0.008493	0.072025	0.011020	0.056078	0.384654
1782912407.503697	0.305716	0.714632	1.236117	-0.000668	0.005669	0.079841	0.015225	0.050356	0.436833
1782912407.524026	0.305618	0.715741	1.246089	0.004225	0.005297	0.086635	0.012420	0.051449	0.427552
1782912407.543717	0.305460	0.716560	1.255450	0.010445	0.002165	0.093480	0.012955	0.047950	0.377673
1782912407.564050	0.305311	0.716977	1.259847	0.005437	0.004983	0.096190	0.012955	0.047950	0.377673
1782912407.584329	0.305137	0.717670	1.267724	0.006368	0.005047	0.103243	0.012968	0.048390	0.330807
1782912407.604338	0.304942	0.718725	1.274432	0.004818	0.005961	0.110496	0.013853	0.047151	0.276816
1782912407.624889	0.304897	0.719357	1.279563	0.009235	0.003417	0.116397	0.023520	0.034019	0.144159
1782912407.643582	0.304829	0.720210	1.282926	0.008396	0.006185	0.123998	0.022748	0.027968	0.073158
1782912407.665340	0.304553	0.720738	1.283762	0.010165	0.005853	0.127521	0.015941	0.033802	0.038707
1782912407.683779	0.304416	0.721250	1.284842	0.004312	0.006446	0.133916	0.015941	0.033802	0.038707
1782912407.703630	0.304267	0.722280	1.284451	0.005971	0.007065	0.142883	0.020054	0.022278	-0.058282
1782912407.724256	0.304240	0.723066	1.283162	0.011068	0.006836	0.149266	0.020054	0.022278	-0.058282
1782912407.745049	0.303950	0.723868	1.281440	0.006496	0.007807	0.156884	0.015624	0.019877	-0.086020
1782912407.767080	0.303903	0.723795	1.280037	0.008221	0.007811	0.159398	0.013098	0.017316	-0.092000
1782912407.792740	0.303484	0.724926	1.276784	0.004387	0.006549	0.170741	0.013727	0.017791	-0.085323
1782912407.806628	0.303459	0.725197	1.276003	-0.002769	0.008632	0.171595	0.017868	0.013826	-0.041141
1782912407.824304	0.303095	0.725573	1.274586	0.002637	0.006759	0.178694	0.007975	0.015485	-0.019270
1782912407.843830	0.302820	0.726344	1.274180	0.005565	0.004785	0.185327	0.004963	0.014636	0.024705
1782912407.863747	0.302581	0.726303	1.274323	0.003871	0.005707	0.189129	0.004963	0.014636	0.024705
1782912407.883990	0.302232	0.726897	1.274764	-0.002171	0.006194	0.195370	0.002330	0.021147	0.060002
1782912407.903750	0.301626	0.727240	1.276163	0.000010	0.006685	0.200792	0.001210	0.021572	0.106762
1782912407.923726	0.301032	0.727733	1.278336	-0.000566	0.005764	0.208471	-0.006000	0.022307	0.125751
1782912407.943472	0.300521	0.727923	1.280835	0.000105	0.004152	0.214811	-0.002401	0.018260	0.136016
1782912407.964681	0.300173	0.728067	1.281985	0.000582	0.004642	0.216132	-0.006821	0.022493	0.113161
1782912407.983742	0.299554	0.728626	1.284713	0.001330	0.005381	0.223432	-0.008982	0.021630	0.115500
1782912408.004115	0.299069	0.728812	1.287053	0.001490	0.009142	0.228170	-0.004832	0.018433	0.107758
1782912408.026093	0.298397	0.729075	1.288933	0.002961	0.007960	0.233643	-0.007196	0.018763	0.088238
1782912408.044394	0.297730	0.729468	1.290622	-0.003985	0.010821	0.241361	-0.005138	0.019755	0.062738
1782912408.063821	0.297443	0.729711	1.291130	0.002114	0.009846	0.242615	-0.005138	0.019755	0.062738
1782912408.083975	0.297084	0.730133	1.291910	0.004464	0.009572	0.248680	0.007302	0.012205	0.010198
1782912408.104030	0.296315	0.730427	1.292064	0.005664	0.010170	0.255693	0.007302	0.012205	0.010198
1782912408.123785	0.296013	0.730693	1.291956	0.003921	0.011239	0.261101	0.004443	0.013310	-0.021743
1782912408.143868	0.295718	0.731088	1.291133	0.000558	0.010737	0.266889	0.009377	0.011673	-0.025114
1782912408.164205	0.295571	0.731365	1.290916	-0.000599	0.010562	0.269065	0.013487	0.009167	-0.035787
1782912408.185941	0.295135	0.731615	1.289763	-0.003007	0.011819	0.273512	0.010139	0.013492	-0.044753
1782912408.203770	0.295007	0.732009	1.288729	-0.003618	0.010833	0.279980	0.015534	0.010626	-0.026291
1782912408.223737	0.294791	0.732194	1.287747	-0.000233	0.008441	0.285021	0.014448	0.009343	-0.018911
1782912408.244159	0.294661	0.732641	1.287111	-0.002045	0.010354	0.289939	0.020799	0.010981	-0.014202
1782912408.265835	0.294599	0.732858	1.286933	-0.000494	0.007714	0.294177	0.018943	0.008473	-0.000506
1782912408.285833	0.294462	0.733101	1.286725	0.002400	0.006829	0.300115	0.025217	0.009056	0.010319
1782912408.305252	0.294356	0.733404	1.286648	-0.001164	0.007725	0.305609	0.020341	0.013011	0.009999
1782912408.325061	0.294476	0.733866	1.286984	0.000537	0.007704	0.309779	0.024493	0.009533	0.032465
1782912408.343780	0.294569	0.734325	1.287437	-0.001447	0.009698	0.314716	0.025372	0.011217	0.020392
1782912408.364383	0.294504	0.734431	1.287767	-0.001091	0.010234	0.316828	0.022796	0.014937	0.030664
1782912408.384125	0.294376	0.734710	1.288292	0.001587	0.008358	0.322820	0.026281	0.009039	0.040797
1782912408.403548	0.294420	0.735029	1.288955	0.000361	0.008279	0.328588	0.024043	0.012697	0.041150
1782912408.424629	0.294516	0.735561	1.289963	-0.000194	0.008388	0.333185	0.028478	0.013546	0.039672
1782912408.443859	0.294557	0.735806	1.290933	0.000241	0.009685	0.337372	0.023409	0.013473	0.040428
1782912408.464042	0.294616	0.735966	1.291374	0.001681	0.011278	0.340360	0.023409	0.013473	0.040428
1782912408.484971	0.294762	0.736565	1.292113	-0.000036	0.010140	0.346274	0.032948	0.009425	0.022787
1782912408.503587	0.294846	0.736851	1.292565	0.001495	0.010275	0.351060	0.028037	0.013349	0.007013
1782912408.524651	0.295063	0.737200	1.292906	0.000565	0.011265	0.355698	0.024689	0.011494	0.005216
1782912408.544297	0.295065	0.737611	1.293237	0.003527	0.009843	0.359144	0.031513	0.006628	0.007652
1782912408.564256	0.295015	0.737826	1.293233	0.001783	0.010523	0.361167	0.028481	0.009607	-0.009015
1782912408.584808	0.295363	0.738064	1.293201	0.002671	0.010840	0.367326	0.028102	0.011365	-0.004102
1782912408.604232	0.295487	0.738351	1.293102	0.002488	0.010865	0.371209	0.031543	0.005619	0.000542
1782912408.624240	0.295721	0.738813	1.293231	0.002225	0.012429	0.376256	0.029696	0.007177	0.004791
1782912408.644137	0.295980	0.739199	1.293163	0.001571	0.013207	0.381490	0.031876	0.008469	0.002615
1782912408.664237	0.296018	0.739329	1.293221	-0.000321	0.013710	0.384543	0.031876	0.008469	0.002615
1782912408.684301	0.296347	0.739537	1.293319	-0.000045	0.012462	0.389810	0.030842	0.005143	0.015054
1782912408.703851	0.296584	0.739981	1.293366	-0.001472	0.012343	0.394853	0.036126	0.004726	-0.000499
1782912408.724039	0.297032	0.740300	1.293468	0.002214	0.014981	0.399637	0.031867	0.005207	0.000330
1782912408.744794	0.297341	0.740616	1.293400	0.000819	0.012273	0.403171	0.033799	0.002226	0.006819
1782912408.765126	0.297502	0.740653	1.293374	-0.001355	0.011609	0.406165	0.039537	-0.001658	0.000344
1782912408.784834	0.297898	0.741004	1.293456	-0.000536	0.012909	0.410874	0.035151	0.003450	-0.008272
1782912408.804360	0.298375	0.741241	1.293255	0.002483	0.009226	0.414897	0.037444	0.000989	0.004770
1782912408.824644	0.298845	0.741563	1.293471	0.004839	0.008144	0.418252	0.037110	-0.001635	0.009154
1782912408.844156	0.299497	0.741950	1.293691	0.003954	0.007714	0.424244	0.039398	0.000748	0.011047
1782912408.863819	0.299538	0.742076	1.293598	0.005312	0.007811	0.426146	0.040313	0.000133	0.006272
1782912408.884045	0.300020	0.742306	1.293980	-0.000467	0.007941	0.430783	0.037829	-0.000651	0.013546
1782912408.904187	0.300643	0.742702	1.294215	-0.002164	0.008501	0.436289	0.045254	-0.003294	0.013547
1782912408.923791	0.301442	0.742939	1.294308	0.001800	0.007883	0.439582	0.042586	-0.000087	-0.006647
1782912408.947263	0.302065	0.743320	1.294600	-0.000779	0.007470	0.443143	0.041098	0.002593	-0.002939
1782912408.963702	0.302340	0.743487	1.294381	-0.000324	0.007603	0.444597	0.041098	0.002593	-0.002939
1782912408.984294	0.302985	0.743786	1.294510	-0.001793	0.005764	0.451112	0.045176	0.001532	-0.009701
1782912409.005605	0.303585	0.744153	1.294479	0.001810	0.004887	0.455256	0.047330	-0.000443	-0.005431
1782912409.024793	0.304159	0.744467	1.294509	0.005437	0.006983	0.458994	0.047330	-0.000443	-0.005431
1782912409.044662	0.304929	0.744908	1.294434	0.003692	0.005786	0.462684	0.042900	0.002267	-0.020524
1782912409.064445	0.305313	0.745045	1.294276	0.004016	0.004593	0.464493	0.042900	0.002267	-0.020524
1782912409.083678	0.305972	0.745431	1.294115	0.002952	0.004117	0.469242	0.044469	-0.000696	-0.006277
1782912409.104213	0.306572	0.745788	1.294182	0.004436	0.004730	0.473221	0.045922	0.001567	-0.009365
1782912409.124978	0.307094	0.746333	1.294162	0.004464	0.006093	0.475939	0.040071	-0.000605	0.003706
1782912409.143853	0.307766	0.746500	1.294375	-0.000472	0.004918	0.481601	0.041178	0.003735	0.005937
1782912409.164951	0.308031	0.746679	1.294513	-0.000879	0.004319	0.483899	0.041291	0.002584	0.005123
1782912409.183997	0.308757	0.747049	1.294633	0.001017	0.004888	0.489260	0.041291	0.002584	0.005123
1782912409.207163	0.309402	0.747444	1.294846	-0.000535	0.006084	0.491832	0.044359	0.002574	0.006992
1782912409.224684	0.309857	0.747856	1.295033	0.000633	0.005866	0.495609	0.044359	0.002574	0.006992
1782912409.244561	0.310579	0.748240	1.295235	0.000236	0.006071	0.498889	0.041203	0.003275	-0.016125
1782912409.264283	0.310982	0.748398	1.295119	0.000721	0.003967	0.501292	0.041203	0.003275	-0.016125
1782912409.284617	0.311363	0.748683	1.295242	0.002150	0.003316	0.505191	0.035702	0.001401	-0.004283
1782912409.304488	0.311812	0.748948	1.295222	0.000173	0.004654	0.509345	0.035702	0.001401	-0.004283
1782912409.324938	0.312397	0.749435	1.295602	0.004858	0.004306	0.512005	0.040663	-0.001095	0.000019
1782912409.344317	0.313014	0.749731	1.295718	0.008460	0.003700	0.516771	0.035443	-0.000306	0.000832
1782912409.363610	0.313194	0.749965	1.295853	0.007287	0.003316	0.519211	0.035443	-0.000306	0.000832
1782912409.384846	0.313441	0.750232	1.295892	0.005371	0.003668	0.522337	0.039012	-0.002578	0.007621
1782912409.403753	0.313929	0.750328	1.295813	0.003264	0.003334	0.525724	0.031519	0.000687	-0.015151
1782912409.423844	0.314355	0.750626	1.295743	0.004665	0.004725	0.528521	0.031519	0.000687	-0.015151
1782912409.444043	0.314878	0.750746	1.295649	0.004173	0.002602	0.532006	0.033091	-0.004455	-0.009432
1782912409.463226	0.314996	0.750852	1.295359	0.003879	0.000945	0.535187	0.033091	-0.004455	-0.009432
1782912409.483376	0.315376	0.750934	1.295381	0.006609	0.001917	0.538715	0.030317	-0.000335	-0.011956
1782912409.504518	0.315664	0.751194	1.295544	0.005372	0.000627	0.541389	0.025026	-0.003359	0.000711
1782912409.524444	0.316017	0.751397	1.295414	0.005471	0.001503	0.544346	0.029726	-0.003188	-0.004177
1782912409.543958	0.316276	0.751477	1.295335	0.006204	0.001667	0.548546	0.023078	-0.001678	-0.013008
1782912409.563601	0.316437	0.751541	1.295376	0.006616	0.000949	0.551897	0.023078	-0.001678	-0.013008
1782912409.584169	0.316771	0.751488	1.295350	0.005678	0.002098	0.554570	0.025071	-0.007437	-0.008551
1782912409.603661	0.317121	0.751627	1.295180	0.005867	0.003473	0.557949	0.025071	-0.007437	-0.008551
1782912409.624584	0.317445	0.751748	1.295012	0.005114	0.003126	0.559391	0.019598	-0.002007	-0.021346
1782912409.643987	0.317618	0.751652	1.294842	0.007625	0.000712	0.562961	0.019355	-0.007849	-0.001789
1782912409.663942	0.317702	0.751581	1.294649	0.002732	0.001583	0.564535	0.019355	-0.007849	-0.001789
1782912409.683860	0.317860	0.751671	1.294822	0.003586	0.000990	0.568518	0.015619	-0.002164	-0.000816
1782912409.738223	0.318247	0.751617	1.295167	0.006673	0.003574	0.577839	0.016843	-0.007146	0.001372
1782912409.762872	0.318493	0.751583	1.295177	0.006372	0.004044	0.580745	0.009604	-0.005761	-0.004910
1782912409.783149	0.318634	0.751425	1.295116	0.005342	0.002205	0.583043	0.009986	-0.007392	0.008118
1782912409.802939	0.318845	0.751103	1.295112	0.004999	0.002333	0.588453	0.013123	-0.009349	-0.001814
1782912409.823631	0.318999	0.751094	1.295138	0.004764	0.003238	0.590156	0.007758	-0.006307	-0.009986
1782912409.844947	0.319016	0.751102	1.295094	0.007346	0.003303	0.592704	0.007701	-0.012430	-0.002478
1782912409.863213	0.319126	0.751010	1.295140	0.007270	0.003603	0.594351	0.007701	-0.012430	-0.002478
1782912409.882953	0.319206	0.750590	1.294971	0.006211	0.004721	0.598533	0.008094	-0.010587	-0.008000
1782912409.903027	0.319397	0.750450	1.294652	0.005581	0.005596	0.603452	0.007846	-0.011019	-0.007480
1782912409.922668	0.319654	0.750351	1.294314	0.005499	0.006956	0.606418	0.003889	-0.011354	-0.003147
1782912409.942824	0.319807	0.749959	1.294157	0.006024	0.006844	0.609701	0.005548	-0.010790	-0.023970
1782912409.964106	0.319865	0.749864	1.293840	0.008482	0.006450	0.610930	0.003142	-0.013466	-0.010891
1782912409.982774	0.319998	0.749654	1.293435	0.005805	0.005904	0.613852	0.003142	-0.013466	-0.010891
1782912410.004532	0.320228	0.749288	1.292988	0.006110	0.005399	0.618008	0.004719	-0.012258	-0.018019
1782912410.022916	0.320390	0.749142	1.292968	0.005240	0.007862	0.620386	0.004719	-0.012258	-0.018019
1782912410.043039	0.320502	0.748881	1.292825	0.006198	0.006684	0.622885	0.006471	-0.017467	0.001664
1782912410.063736	0.320532	0.748705	1.292611	0.006245	0.006605	0.625637	0.006471	-0.017467	0.001664
1782912410.082674	0.320783	0.748378	1.292741	0.005135	0.006420	0.628705	0.005746	-0.014456	-0.003131
1782912410.103205	0.320882	0.748237	1.292650	0.004202	0.006406	0.632788	0.006142	-0.015349	0.010304
1782912410.123052	0.321050	0.747875	1.292901	0.006113	0.005143	0.635774	0.006142	-0.015349	0.010304
1782912410.142760	0.321196	0.747688	1.292982	0.004752	0.006605	0.638265	0.003325	-0.013086	-0.002782
1782912410.163781	0.321422	0.747566	1.293321	0.006831	0.006947	0.639280	-0.002252	-0.013186	0.008600
1782912410.182754	0.321566	0.747292	1.293324	0.006736	0.005870	0.643192	0.004058	-0.014896	0.013232
1782912410.202901	0.321648	0.746883	1.293468	0.004740	0.005186	0.646226	0.000381	-0.011976	-0.004824
1782912410.223330	0.321767	0.746638	1.293456	0.004376	0.003939	0.648236	0.001967	-0.015872	0.009009
1782912410.242772	0.321920	0.746419	1.293597	0.000408	0.003779	0.650855	-0.000549	-0.014214	0.008237
1782912410.264326	0.322105	0.746162	1.293851	0.003143	0.004773	0.653134	-0.000549	-0.014214	0.008237
1782912410.294275	0.322263	0.745833	1.293867	0.004958	0.006719	0.656975	-0.003464	-0.012759	0.003683
1782912410.308526	0.322493	0.745542	1.293924	0.001711	0.007562	0.661541	0.001457	-0.012728	0.008375
1782912410.322795	0.322518	0.745377	1.294015	0.002058	0.007690	0.662231	0.001457	-0.012728	0.008375
1782912410.343180	0.322765	0.745149	1.293898	0.004425	0.008248	0.665610	0.004185	-0.010730	-0.009644
1782912410.362668	0.322781	0.745108	1.293753	0.006886	0.008568	0.665937	-0.002923	-0.009547	-0.013626
1782912410.384273	0.323038	0.744876	1.293707	0.003046	0.007087	0.667686	0.002028	-0.012017	-0.012887
1782912410.403649	0.323090	0.744525	1.293070	0.004177	0.007508	0.670931	0.002028	-0.012017	-0.012887
1782912410.423392	0.323115	0.744410	1.292977	0.003978	0.008155	0.673333	-0.002733	-0.005123	-0.018461
1782912410.444876	0.323307	0.744190	1.292703	0.004179	0.006317	0.673849	-0.002920	-0.008250	-0.004223
1782912410.463975	0.323382	0.744192	1.292698	0.003177	0.006700	0.675132	-0.002920	-0.008250	-0.004223
1782912410.483239	0.323491	0.743966	1.292686	0.002754	0.006736	0.678304	-0.001501	-0.006259	0.007750
1782912410.505725	0.323485	0.743773	1.292921	0.002478	0.007214	0.681329	-0.000139	-0.005002	0.011281
1782912410.523282	0.323537	0.743820	1.293064	0.001036	0.006495	0.685379	-0.001399	-0.001726	0.003669
1782912410.542680	0.323468	0.743551	1.293369	0.002131	0.005633	0.688152	-0.006125	-0.001388	0.010371
1782912410.562558	0.323493	0.743605	1.293519	0.003725	0.005437	0.688477	-0.002254	-0.004225	0.010813
1782912410.582985	0.323587	0.743360	1.293670	0.003673	0.005398	0.691423	-0.002254	-0.004225	0.010813
1782912410.603244	0.323446	0.743228	1.293683	0.001620	0.005196	0.693097	-0.004482	0.001677	-0.008061
1782912410.623992	0.323449	0.743145	1.293507	0.003086	0.004220	0.695032	-0.011557	0.002073	-0.000899
1782912410.643308	0.323255	0.742957	1.293334	0.007519	0.005068	0.695615	-0.005332	-0.000816	0.001151
1782912410.663435	0.323373	0.742913	1.293373	0.003644	0.004490	0.696252	-0.012325	0.004688	-0.015056
1782912410.682839	0.323055	0.742604	1.293082	0.006742	0.004046	0.698018	-0.012325	0.004688	-0.015056
1782912410.703334	0.323008	0.742454	1.293010	0.005524	0.003576	0.699873	-0.007973	0.000659	-0.002220
1782912410.724200	0.322790	0.742176	1.292887	0.005613	0.004215	0.703377	-0.013224	0.005289	0.001829
1782912410.742696	0.322623	0.742071	1.293119	0.006022	0.005107	0.703666	-0.013224	0.005289	0.001829
1782912410.766363	0.322461	0.742040	1.293291	0.004189	0.005624	0.704769	-0.015916	0.007010	0.009152
1782912410.783637	0.322222	0.741832	1.293535	0.004594	0.005537	0.706077	-0.015260	0.006121	0.014232
1782912410.802953	0.322014	0.741613	1.293637	0.001904	0.008004	0.709439	-0.015260	0.006121	0.014232
1782912410.823503	0.321883	0.741367	1.293927	0.005491	0.008143	0.711331	-0.019628	0.005390	0.016538
1782912410.844417	0.321511	0.741367	1.293998	0.006491	0.008645	0.713139	-0.009559	0.004105	-0.005415
1782912410.864184	0.321495	0.741278	1.294178	0.004892	0.011481	0.713696	-0.009559	0.004105	-0.005415
1782912410.883834	0.321258	0.741143	1.293913	0.002558	0.011101	0.715717	-0.011287	0.007268	-0.022776
1782912410.902948	0.321203	0.740819	1.293439	0.002733	0.009508	0.718317	-0.010036	0.006134	-0.007643
1782912410.924211	0.321099	0.740633	1.293066	0.004409	0.011240	0.718741	-0.015809	0.007971	-0.024909
1782912410.942903	0.320755	0.740523	1.292405	0.002946	0.013335	0.719037	-0.015809	0.007971	-0.024909
1782912410.962484	0.320675	0.740541	1.292203	0.002955	0.012136	0.719014	-0.009336	0.003928	-0.015203
1782912410.982544	0.320328	0.740460	1.291825	0.002950	0.012238	0.722125	-0.006912	0.005372	-0.014097
1782912411.002602	0.320218	0.740391	1.291632	0.002458	0.012421	0.723146	-0.009682	0.007942	-0.023394
1782912411.023483	0.319906	0.740355	1.291301	0.003853	0.011030	0.724328	-0.006256	0.005051	-0.009772
1782912411.042794	0.319816	0.740307	1.291403	0.003253	0.010385	0.725491	-0.009260	0.011395	0.008257
1782912411.063524	0.319766	0.740275	1.291519	0.002583	0.011870	0.726493	-0.007987	0.009312	0.012319
1782912411.083123	0.319715	0.740275	1.291656	0.002930	0.012036	0.728308	-0.007987	0.009312	0.012319
1782912411.102905	0.319481	0.740131	1.291860	0.008903	0.011663	0.730059	-0.003970	0.012266	0.013081
1782912411.122663	0.319419	0.740218	1.292644	0.003624	0.013007	0.732914	-0.004381	0.010209	0.025916
1782912411.142926	0.319288	0.740303	1.293049	0.003713	0.013003	0.733706	-0.004381	0.010209	0.025916
1782912411.163204	0.319328	0.740301	1.293272	0.001943	0.013819	0.734678	0.000202	0.006905	0.018756
1782912411.184291	0.319280	0.740456	1.293530	0.004220	0.012983	0.735723	0.004586	0.008668	-0.000103
1782912411.203452	0.319333	0.740539	1.293796	0.002068	0.011531	0.737923	-0.001012	0.008908	0.016064
1782912411.223466	0.319435	0.740730	1.293944	0.001269	0.013102	0.738108	0.001495	0.007913	-0.001760
1782912411.243019	0.319245	0.740848	1.293730	0.000256	0.010942	0.739955	0.004821	0.008624	-0.024714
1782912411.262738	0.319301	0.740985	1.293605	0.002550	0.011607	0.741421	0.004821	0.008624	-0.024714
1782912411.286309	0.319447	0.741178	1.293357	0.001705	0.010891	0.744761	0.006952	0.010492	-0.017971
1782912411.304433	0.319638	0.741330	1.293095	0.001927	0.010902	0.746404	0.007902	0.008036	-0.015276
1782912411.322477	0.319634	0.741597	1.293017	0.002408	0.011289	0.747219	0.010544	0.006358	-0.008768
1782912411.343194	0.319606	0.741775	1.292939	-0.000434	0.012154	0.749633	0.012311	0.007603	-0.000335
1782912411.363782	0.319744	0.742004	1.293164	0.001080	0.011422	0.750575	0.013359	0.009802	-0.004002
1782912411.383371	0.319919	0.742253	1.293109	0.000753	0.010455	0.752619	0.013359	0.009802	-0.004002
1782912411.404153	0.319969	0.742621	1.293224	0.001823	0.009608	0.754206	0.016732	0.010412	-0.010877
1782912411.422814	0.320105	0.742858	1.293545	0.002636	0.008062	0.756084	0.016983	0.007585	0.008653
1782912411.443244	0.320375	0.743192	1.293643	0.004176	0.006941	0.756196	0.010088	0.011181	0.003148
1782912411.463217	0.320489	0.743218	1.293829	0.003998	0.005583	0.756819	0.010088	0.011181	0.003148
1782912411.482863	0.320676	0.743383	1.293953	0.001981	0.005650	0.758149	0.014029	0.010792	0.007808
1782912411.504020	0.320929	0.743724	1.294325	0.001852	0.006739	0.761668	0.016916	0.005448	0.013406
1782912411.523854	0.321022	0.744001	1.294515	0.002079	0.006750	0.763276	0.013089	0.011092	0.009378
1782912411.545155	0.321067	0.744355	1.295127	0.003493	0.005051	0.764477	0.014984	0.008579	0.011486
1782912411.563432	0.321090	0.744561	1.295474	0.003818	0.004196	0.765525	0.010236	0.007539	0.013101
1782912411.583814	0.321157	0.744495	1.295791	0.006929	0.003385	0.767909	0.013010	0.007071	0.012648
1782912411.603205	0.321207	0.744740	1.295903	0.008761	0.003421	0.769457	0.014601	0.007722	-0.002166
1782912411.623441	0.321406	0.745030	1.296016	0.006830	0.006297	0.772607	0.009806	0.004710	0.000244
1782912411.642388	0.321513	0.745259	1.295728	0.004511	0.005938	0.774030	0.014186	0.003697	-0.013556
1782912411.662731	0.321633	0.745370	1.295537	0.005870	0.004860	0.774831	0.014186	0.003697	-0.013556
1782912411.683126	0.321795	0.745319	1.295238	0.007346	0.004732	0.774946	0.009621	0.006673	-0.030830
1782912411.705108	0.321818	0.745496	1.294699	0.006211	0.004592	0.774743	0.009583	-0.000171	-0.018846
1782912411.724274	0.321899	0.745411	1.293908	0.005921	0.003636	0.777687	0.009583	-0.000171	-0.018846
1782912411.743147	0.321985	0.745455	1.293375	0.008830	0.002373	0.778769	0.007325	0.003623	-0.031549
1782912411.763302	0.322012	0.745590	1.293260	0.001984	0.004053	0.779922	0.004312	0.004792	-0.022144
1782912411.782654	0.322007	0.745684	1.293208	0.004304	0.002956	0.779312	0.006970	-0.001787	-0.011888
1782912411.802823	0.322090	0.745644	1.292980	0.003601	0.002914	0.781807	0.004363	-0.001266	0.000854
1782912411.823028	0.322180	0.745509	1.293109	0.005678	0.001788	0.782730	0.000639	0.000815	0.008416
1782912411.843624	0.322176	0.745365	1.293323	0.005342	0.002425	0.785636	0.002259	0.001460	0.010608
1782912411.863421	0.322196	0.745333	1.293387	0.005929	0.002669	0.785806	0.002259	0.001460	0.010608
1782912411.883039	0.322183	0.745149	1.293855	0.005966	0.002701	0.787978	0.002948	-0.003102	0.019005
1782912411.902771	0.322153	0.745054	1.294420	0.010344	0.001582	0.787948	0.001567	-0.002101	0.014922
1782912411.923203	0.322197	0.744885	1.294974	0.009940	0.001138	0.791297	0.003043	-0.002211	0.013130
1782912411.942708	0.322325	0.744652	1.295479	0.009313	0.002712	0.793295	0.001335	-0.007389	0.009726
1782912411.962753	0.322224	0.744583	1.295647	0.008101	0.002870	0.793843	0.001335	-0.007389	0.009726
1782912411.984278	0.322300	0.744322	1.296084	0.008964	0.003496	0.794186	0.002571	-0.006415	-0.001190
1782912412.003046	0.322380	0.743996	1.296113	0.008076	0.004556	0.796533	-0.001412	-0.012332	-0.006979
1782912412.024520	0.322455	0.743656	1.296092	0.008068	0.004669	0.799972	-0.001412	-0.012332	-0.006979
1782912412.043073	0.322450	0.743352	1.295783	0.010101	0.005506	0.799463	0.000951	-0.010905	-0.019360
1782912412.062906	0.322328	0.743137	1.295407	0.006759	0.006105	0.800414	-0.005119	-0.010717	-0.022491
1782912412.083029	0.322556	0.742919	1.294840	0.007046	0.005920	0.802188	-0.005119	-0.010717	-0.022491
1782912412.103841	0.322618	0.742550	1.294252	0.002141	0.007960	0.802348	-0.000965	-0.010005	-0.032618
1782912412.123467	0.322582	0.742224	1.293650	0.006760	0.007583	0.803730	-0.006996	-0.009754	-0.041788
1782912412.143422	0.322635	0.741776	1.292608	0.003841	0.006464	0.804424	-0.006942	-0.010065	-0.031277
1782912412.162795	0.322658	0.741555	1.292170	0.004561	0.004281	0.804931	-0.000723	-0.009734	-0.036264
1782912412.182799	0.322679	0.741298	1.291596	0.001359	0.005585	0.805288	-0.006596	-0.005465	-0.042547
1782912412.203744	0.322632	0.740911	1.291103	0.001071	0.006246	0.803315	-0.005609	-0.008562	-0.020790
1782912412.222905	0.322621	0.740555	1.290632	0.000693	0.006243	0.804194	-0.004009	-0.005141	-0.026413
1782912412.244055	0.322656	0.740124	1.290317	0.001834	0.002856	0.805420	-0.003899	-0.004390	0.006158
1782912412.263283	0.322657	0.740032	1.290344	0.000851	0.002753	0.805195	-0.010379	0.000838	0.006239
1782912412.282809	0.322614	0.739736	1.290492	0.001660	0.001591	0.805227	-0.010379	0.000838	0.006239
1782912412.303184	0.322387	0.739383	1.291142	-0.001059	0.002816	0.806381	-0.007520	-0.003778	0.032302
1782912412.323822	0.322187	0.739159	1.291695	-0.004772	0.003465	0.805957	-0.011043	0.000346	0.019523
1782912412.342778	0.322044	0.738782	1.292669	-0.000227	0.001692	0.806800	-0.009942	-0.000936	0.040255
1782912412.363032	0.321880	0.738553	1.292954	-0.000713	0.001255	0.805660	-0.015560	0.004129	0.035411
1782912412.384625	0.321750	0.738067	1.293927	0.002588	0.000480	0.807530	-0.015560	0.004129	0.035411
1782912412.403601	0.321553	0.737778	1.294721	0.003371	0.000217	0.807797	-0.011952	0.001537	0.045230
1782912412.422957	0.321313	0.737462	1.295664	0.004687	0.002216	0.807246	-0.013959	-0.000782	0.035469
1782912412.443480	0.320963	0.737158	1.296417	0.006191	0.001416	0.807562	-0.018805	0.003777	0.025818
1782912412.464143	0.320899	0.736978	1.296673	0.006290	0.002716	0.808648	-0.018179	-0.000467	0.024019
1782912412.482980	0.320643	0.736591	1.297027	0.004067	0.003469	0.811854	-0.018413	0.002272	0.008685
1782912412.502882	0.320391	0.736293	1.297238	0.003047	0.004682	0.812950	-0.018413	0.002272	0.008685
1782912412.523037	0.320009	0.735985	1.297211	0.002620	0.005285	0.813850	-0.015147	-0.002223	0.002082
1782912412.542607	0.319783	0.735612	1.296933	0.004113	0.005343	0.817051	-0.016519	-0.005921	-0.012956
1782912412.563735	0.319546	0.735387	1.296767	0.002382	0.006760	0.817671	-0.012757	-0.004542	-0.025313
1782912412.583723	0.319245	0.735022	1.296187	0.009548	0.006785	0.819225	-0.012757	-0.004542	-0.025313
1782912412.603229	0.318865	0.734539	1.295533	0.005307	0.010105	0.820575	-0.012115	-0.004960	-0.024184
1782912412.625403	0.318589	0.734062	1.294806	0.006227	0.009501	0.822804	-0.010473	-0.004166	-0.030458
1782912412.643723	0.318374	0.733835	1.294019	0.004206	0.008584	0.825147	-0.012054	-0.004941	-0.032876
1782912412.664536	0.318238	0.733661	1.293672	0.004718	0.008860	0.824696	-0.012054	-0.004941	-0.032876
1782912412.683007	0.317942	0.733389	1.292854	0.002902	0.012382	0.826495	-0.013276	-0.005967	-0.020461
1782912412.702659	0.317667	0.733194	1.292193	0.004739	0.010486	0.828213	-0.006362	-0.002827	-0.023937
1782912412.722657	0.317480	0.732928	1.291862	0.000647	0.011500	0.830534	-0.009599	-0.001314	-0.003898
1782912412.743667	0.317255	0.732681	1.291419	0.000109	0.009250	0.831800	-0.009599	-0.001314	-0.003898
1782912412.763389	0.317134	0.732609	1.291400	-0.002057	0.010771	0.832064	-0.008116	-0.002151	-0.012007
1782912412.783859	0.316958	0.732435	1.291361	-0.001923	0.011678	0.833556	-0.005471	-0.001846	0.003603
1782912412.803431	0.316753	0.732296	1.291303	-0.001960	0.010581	0.834572	-0.000097	0.002402	-0.006115
1782912412.823586	0.316515	0.732186	1.291490	-0.000660	0.008879	0.834594	-0.005276	0.000794	0.005343
1782912412.843165	0.316277	0.732225	1.291746	-0.002116	0.011220	0.835925	0.000185	0.005837	0.003596
1782912412.862739	0.316091	0.732180	1.292146	-0.003027	0.010185	0.835440	0.000185	0.005837	0.003596
1782912412.882876	0.315949	0.732248	1.292396	-0.001459	0.009518	0.835118	-0.002661	0.009602	0.015177
1782912412.902907	0.315851	0.732220	1.292801	-0.004239	0.008803	0.834732	0.004634	0.005531	0.016526
1782912412.922488	0.315703	0.732213	1.293091	-0.003341	0.007733	0.834708	-0.000750	0.008771	0.009091
1782912412.942990	0.315503	0.732174	1.293764	0.003038	0.005870	0.833331	0.006402	0.008167	0.011791
1782912412.963096	0.315357	0.732244	1.294037	0.002438	0.004838	0.832713	0.006402	0.008167	0.011791
1782912412.983165	0.315148	0.732258	1.294415	0.001966	0.004139	0.832541	0.006522	0.006626	0.009364
1782912413.003295	0.314942	0.732317	1.294468	0.001992	0.003505	0.832915	0.000038	0.014086	0.004315
1782912413.022656	0.314735	0.732526	1.294777	0.004600	0.003418	0.831973	0.003548	0.007930	0.006976
1782912413.042886	0.314602	0.732643	1.295037	0.005279	0.003196	0.831216	0.002119	0.008286	0.016252
1782912413.064135	0.314255	0.732596	1.295148	0.006489	0.000367	0.831242	0.000998	0.007104	0.002511
1782912413.083490	0.314148	0.732616	1.295325	0.005394	-0.000454	0.831536	0.000998	0.007104	0.002511
1782912413.102908	0.313869	0.732788	1.295640	0.003995	-0.000951	0.830146	-0.003780	0.011361	0.006057
1782912413.126844	0.313743	0.732935	1.295732	0.004833	-0.000417	0.829551	-0.002620	0.008871	-0.004851
1782912413.142892	0.313421	0.732955	1.295875	0.003568	-0.001138	0.829453	-0.002620	0.008871	-0.004851
1782912413.162904	0.313233	0.732918	1.295970	0.003517	-0.002253	0.830139	-0.007401	0.010487	0.002578
1782912413.183314	0.312965	0.732934	1.296087	0.005042	-0.002404	0.830723	-0.008544	0.009378	0.017546
1782912413.203089	0.312545	0.732996	1.296610	0.001080	-0.002354	0.829121	-0.006906	0.007733	0.016827
1782912413.223142	0.312241	0.732885	1.296861	0.004007	-0.002657	0.829217	-0.013979	0.014367	0.006540
1782912413.243200	0.311762	0.732819	1.297179	0.005576	-0.003228	0.829056	-0.007093	0.007813	0.002260
1782912413.262743	0.311452	0.732614	1.297174	0.006930	-0.004175	0.829510	-0.019562	0.012438	0.007966
1782912413.283837	0.311221	0.732513	1.297327	0.009672	-0.004711	0.829317	-0.019562	0.012438	0.007966
1782912413.304381	0.310710	0.732352	1.297390	0.010674	-0.003116	0.828715	-0.014184	0.006890	0.014150
1782912413.328684	0.310104	0.732272	1.297602	0.006729	-0.002109	0.828017	-0.020014	0.008557	0.003284
1782912413.344298	0.309639	0.732117	1.297522	0.008565	-0.002642	0.829774	-0.034016	-0.016442	-0.006902
1782912413.362291	0.309592	0.731319	1.298265	0.022654	-0.009201	0.831387	-0.034016	-0.016442	-0.006902
1782912413.383707	0.309189	0.729356	1.300878	0.066268	-0.031980	0.833774	-0.039588	-0.018593	0.026716
1782912413.403361	0.309026	0.727504	1.303350	0.089218	-0.050039	0.834930	-0.047641	-0.026249	0.035706
1782912413.422861	0.309239	0.724682	1.305627	0.123827	-0.068155	0.832020	-0.065171	-0.055686	0.044644
1782912413.443774	0.309455	0.721533	1.307135	0.140987	-0.082021	0.831276	-0.085961	-0.085035	0.019974
1782912413.461734	0.309650	0.719643	1.307768	0.154995	-0.087921	0.828847	-0.085961	-0.085035	0.019974
1782912413.482063	0.310155	0.715677	1.308178	0.170007	-0.099199	0.827289	-0.111267	-0.136231	-0.011368
1782912413.501821	0.311043	0.710984	1.306536	0.187634	-0.107856	0.825415	-0.135145	-0.176487	-0.071123
1782912413.521756	0.311897	0.705799	1.303650	0.201662	-0.116205	0.825693	-0.165998	-0.217659	-0.120034
1782912413.542901	0.312992	0.700047	1.298729	0.203177	-0.119828	0.822570	-0.195440	-0.253190	-0.176975
1782912413.561907	0.313589	0.696778	1.295446	0.206786	-0.119711	0.819421	-0.233135	-0.340521	-0.307951
1782912413.582811	0.314965	0.690140	1.287448	0.208179	-0.120362	0.817901	-0.263004	-0.380574	-0.374296
1782912413.603207	0.316485	0.682931	1.277232	0.206052	-0.120482	0.817316	-0.263004	-0.380574	-0.374296
1782912413.623001	0.318033	0.675281	1.264835	0.205109	-0.120438	0.816455	-0.291311	-0.422058	-0.451468
1782912413.643112	0.319757	0.666909	1.250057	0.198751	-0.117351	0.815998	-0.308323	-0.467819	-0.523628
1782912413.662238	0.320549	0.662882	1.241932	0.191936	-0.116131	0.815809	-0.347548	-0.497170	-0.614935
1782912413.682454	0.322747	0.653759	1.224280	0.186785	-0.112678	0.815248	-0.351311	-0.535662	-0.688584
1782912413.703285	0.324538	0.644210	1.204002	0.174555	-0.110458	0.813226	-0.392876	-0.595847	-0.862082
1782912413.722440	0.326799	0.634203	1.181477	0.167697	-0.105055	0.812105	-0.392876	-0.595847	-0.862082
1782912413.742667	0.329249	0.623905	1.156835	0.154371	-0.100322	0.809446	-0.408915	-0.627819	-0.951008
1782912413.762188	0.330428	0.618662	1.143810	0.147357	-0.096431	0.810649	-0.427546	-0.648528	-1.037679
1782912413.781850	0.331694	0.613147	1.129927	0.144714	-0.094559	0.807959	-0.432081	-0.668018	-1.106125
1782912413.803246	0.335683	0.595959	1.087697	0.126216	-0.086324	0.805695	-0.450755	-0.679401	-1.126825
1782912413.821845	0.338463	0.583607	1.058839	0.114647	-0.081028	0.802722	-0.456303	-0.695747	-1.134709
1782912413.842460	0.341286	0.570796	1.031074	0.104223	-0.076493	0.798540	-0.464124	-0.700404	-1.106555
1782912413.863997	0.342840	0.563976	1.017886	0.094941	-0.072527	0.796649	-0.466020	-0.706805	-1.028336
1782912413.883057	0.345959	0.550108	0.993621	0.087529	-0.068522	0.794288	-0.471916	-0.696711	-0.902206
1782912413.904192	0.349459	0.535289	0.973071	0.080093	-0.066284	0.787578	-0.478476	-0.703391	-0.772068
1782912413.923832	0.352813	0.519667	0.956591	0.061176	-0.058879	0.785688	-0.473423	-0.693114	-0.586089
1782912413.944353	0.356588	0.503160	0.944668	0.057131	-0.055208	0.780831	-0.474023	-0.702490	-0.424733
1782912413.961877	0.358504	0.494901	0.940399	0.054602	-0.054067	0.779293	-0.472336	-0.693591	-0.250983
1782912413.982062	0.361920	0.478079	0.934866	0.040003	-0.048461	0.776214	-0.472461	-0.691807	-0.103203
1782912414.001992	0.366024	0.460355	0.934413	0.050655	-0.053837	0.771478	-0.478215	-0.714507	0.021985
1782912414.022038	0.369570	0.442712	0.936261	0.024009	-0.047750	0.768974	-0.475377	-0.682246	0.186138
1782912414.042694	0.373576	0.424354	0.941864	0.035494	-0.051276	0.768090	-0.487999	-0.720473	0.259287
1782912414.062365	0.375274	0.415375	0.945172	0.027030	-0.051033	0.767852	-0.477324	-0.695658	0.368520
1782912414.082195	0.378700	0.397018	0.953425	0.018277	-0.052477	0.765949	-0.483411	-0.715163	0.444534
1782912414.102128	0.382446	0.378398	0.963946	0.009456	-0.051552	0.764101	-0.483229	-0.712287	0.515498
1782912414.122247	0.385693	0.360168	0.975798	-0.002115	-0.051203	0.760765	-0.493830	-0.708228	0.561698
1782912414.143408	0.389325	0.341592	0.988506	-0.011240	-0.050275	0.758852	-0.489417	-0.729983	0.586345
1782912414.162446	0.390882	0.332366	0.995174	-0.019242	-0.050902	0.758256	-0.480878	-0.713326	0.624372
1782912414.182422	0.394325	0.314122	1.009120	-0.022348	-0.053916	0.755075	-0.481921	-0.732826	0.626482
1782912414.202158	0.397589	0.296157	1.023128	-0.036877	-0.054270	0.752493	-0.477549	-0.712134	0.639185
1782912414.222056	0.400873	0.278192	1.037578	-0.038232	-0.057310	0.746746	-0.479971	-0.728860	0.619782
1782912414.242380	0.403769	0.260403	1.051768	-0.049976	-0.057499	0.744620	-0.477481	-0.712000	0.623610
1782912414.262421	0.405090	0.251555	1.058812	-0.057325	-0.058867	0.742070	-0.475897	-0.703973	0.557425
1782912414.282625	0.407757	0.234050	1.072212	-0.062242	-0.060450	0.738439	-0.475897	-0.703973	0.557425
1782912414.302529	0.409919	0.216857	1.084095	-0.072929	-0.065091	0.733815	-0.477417	-0.694547	0.507552
1782912414.322146	0.411693	0.199855	1.094952	-0.074607	-0.065473	0.728036	-0.483521	-0.688166	0.447024
1782912414.342773	0.413354	0.182996	1.103867	-0.082837	-0.066124	0.721387	-0.489872	-0.677095	0.369228
1782912414.362020	0.413926	0.174637	1.107637	-0.085191	-0.068509	0.717571	-0.504007	-0.664870	0.289060
1782912414.382000	0.414976	0.158132	1.113803	-0.091494	-0.070713	0.710862	-0.515495	-0.648502	0.200337
1782912414.402816	0.415677	0.141615	1.117276	-0.100569	-0.069903	0.704456	-0.523033	-0.632605	0.106182
1782912414.422224	0.415765	0.125401	1.118311	-0.102695	-0.071411	0.696536	-0.543996	-0.594405	-0.086930
1782912414.442095	0.415533	0.109432	1.117032	-0.103881	-0.069579	0.686382	-0.543996	-0.594405	-0.086930
1782912414.462381	0.415234	0.101599	1.115717	-0.102837	-0.068117	0.684187	-0.545625	-0.586313	-0.163190
1782912414.482151	0.414603	0.086000	1.110681	-0.108896	-0.065949	0.673249	-0.560498	-0.563668	-0.259030
1782912414.503001	0.413581	0.070539	1.103649	-0.113283	-0.063394	0.664952	-0.563952	-0.541221	-0.352245
1782912414.522551	0.411766	0.055407	1.094005	-0.112020	-0.061938	0.655398	-0.580719	-0.497643	-0.534781
1782912414.542513	0.409713	0.040556	1.082168	-0.115915	-0.056148	0.646224	-0.580719	-0.497643	-0.534781
1782912414.565351	0.408385	0.033217	1.075535	-0.112908	-0.055630	0.640193	-0.590198	-0.458335	-0.708562
1782912414.583192	0.405889	0.018617	1.060338	-0.116592	-0.050627	0.629467	-0.591988	-0.433934	-0.769873
1782912414.602145	0.402596	0.004379	1.043486	-0.125081	-0.047824	0.620622	-0.591988	-0.433934	-0.769873
1782912414.622709	0.399050	-0.009678	1.025461	-0.122201	-0.044395	0.609086	-0.597821	-0.405260	-0.816679
1782912414.642987	0.394431	-0.022931	1.007463	-0.123331	-0.038781	0.596397	-0.599555	-0.377786	-0.814418
1782912414.663957	0.391967	-0.029514	0.998552	-0.122603	-0.038818	0.590515	-0.603873	-0.370185	-0.804333
1782912414.682451	0.386336	-0.042180	0.981746	-0.121594	-0.035811	0.578352	-0.611476	-0.328129	-0.754261
1782912414.703549	0.380094	-0.054142	0.967002	-0.120925	-0.030941	0.565308	-0.620467	-0.279657	-0.623676
1782912414.722475	0.372819	-0.065364	0.954870	-0.123209	-0.028275	0.551658	-0.613080	-0.267944	-0.564558
1782912414.783141	0.351251	-0.089700	0.939173	-0.111384	-0.025251	0.520334	-0.619162	-0.175924	-0.103803
1782912414.810474	0.336077	-0.101212	0.938680	-0.117809	-0.018968	0.500478	-0.607407	-0.117666	0.101855
1782912414.830710	0.325406	-0.108644	0.943069	-0.103181	-0.021898	0.489143	-0.612089	-0.098789	0.254469
1782912414.849819	0.314314	-0.114502	0.948962	-0.113179	-0.012754	0.476582	-0.597074	-0.061857	0.325498
1782912414.870884	0.308624	-0.117391	0.953239	-0.110757	-0.011435	0.470993	-0.612363	-0.064102	0.405612
1782912414.890854	0.296941	-0.122800	0.962867	-0.096211	-0.012098	0.458981	-0.612363	-0.064102	0.405612
1782912414.909880	0.285159	-0.126786	0.973393	-0.106889	-0.003704	0.447499	-0.599795	-0.011276	0.546590
1782912414.931840	0.273064	-0.130620	0.986060	-0.096412	-0.003012	0.436610	-0.598101	-0.007485	0.548837
1782912414.950423	0.261027	-0.133596	0.999100	-0.100138	0.002884	0.426892	-0.585379	0.039614	0.636388
1782912414.970828	0.254781	-0.134998	1.006986	-0.097386	0.004672	0.420896	-0.582660	0.035608	0.676566
1782912414.991425	0.242520	-0.137351	1.022027	-0.090055	0.006312	0.409283	-0.567659	0.078538	0.712989
1782912415.010954	0.230359	-0.138839	1.038033	-0.088583	0.011646	0.400469	-0.566066	0.075979	0.728955
1782912415.031507	0.218336	-0.140063	1.055149	-0.080344	0.014246	0.390629	-0.547678	0.129496	0.782857
1782912415.050817	0.206227	-0.140089	1.072728	-0.081027	0.017059	0.379879	-0.543558	0.122609	0.810441
1782912415.070441	0.200065	-0.140117	1.082089	-0.075176	0.018404	0.374550	-0.542133	0.132670	0.821388
1782912415.090202	0.188092	-0.139542	1.100747	-0.078529	0.020250	0.366787	-0.524970	0.180366	0.872383
1782912415.111264	0.176434	-0.138472	1.120518	-0.064273	0.017320	0.355399	-0.509062	0.188808	0.898842
1782912415.132180	0.164735	-0.136579	1.140510	-0.067009	0.022027	0.344312	-0.491942	0.223662	0.917319
1782912415.152632	0.153256	-0.134563	1.161402	-0.049392	0.017230	0.333900	-0.489941	0.229481	0.940326
1782912415.170296	0.147659	-0.133364	1.172287	-0.049720	0.017756	0.328803	-0.467829	0.277090	0.968300
1782912415.190198	0.136407	-0.130574	1.193775	-0.042450	0.018342	0.320359	-0.467829	0.277090	0.968300
1782912415.211391	0.125529	-0.127260	1.216219	-0.030826	0.013969	0.307773	-0.441886	0.309177	1.013123
1782912415.230071	0.114613	-0.123702	1.238541	-0.025477	0.013489	0.299169	-0.446379	0.310265	0.990490
1782912415.251740	0.109223	-0.121868	1.250053	-0.014511	0.009270	0.293736	-0.432611	0.337772	1.020916
1782912415.271110	0.098720	-0.118169	1.272250	-0.010998	0.008272	0.283023	-0.426069	0.340533	1.009330
1782912415.290478	0.088351	-0.114345	1.294694	0.005147	0.004426	0.272900	-0.414882	0.354310	0.980846
1782912415.310948	0.078008	-0.109861	1.316323	0.007534	0.006000	0.262626	-0.415030	0.363042	0.955283
1782912415.330052	0.067752	-0.105732	1.337049	0.018069	0.003572	0.253619	-0.409393	0.359655	0.926241
1782912415.350097	0.057550	-0.101531	1.356537	0.023104	0.002191	0.246171	-0.400954	0.366694	0.843387
1782912415.373108	0.052617	-0.099449	1.365172	0.027937	0.002243	0.240013	-0.402022	0.364998	0.766878
1782912415.390111	0.042865	-0.095108	1.381819	0.034147	0.002175	0.231901	-0.400430	0.361458	0.684284
1782912415.410079	0.032956	-0.090985	1.395960	0.038403	0.004461	0.225410	-0.396293	0.356255	0.595461
1782912415.430385	0.028050	-0.088918	1.402354	0.041498	0.005521	0.220728	-0.402956	0.352951	0.495253
1782912415.450225	0.013557	-0.082556	1.417103	0.047238	0.008763	0.210697	-0.397282	0.342777	0.402218
1782912415.470346	0.008727	-0.080549	1.421072	0.051858	0.011843	0.206136	-0.398703	0.333153	0.300195
1782912415.490239	-0.000792	-0.076514	1.426477	0.047630	0.014361	0.200639	-0.392736	0.318918	0.209110
1782912415.510180	-0.010292	-0.072327	1.429246	0.055657	0.015684	0.194378	-0.392257	0.314316	0.160828
1782912415.530442	-0.019549	-0.068401	1.430069	0.053188	0.021927	0.191174	-0.388840	0.298440	0.003897
1782912415.550146	-0.028981	-0.064433	1.427816	0.055884	0.024134	0.186096	-0.386872	0.289373	-0.091980
1782912415.571266	-0.033303	-0.062349	1.425843	0.053883	0.025814	0.183206	-0.376263	0.272999	-0.193048
1782912415.591307	-0.042673	-0.058679	1.419879	0.056673	0.027687	0.177602	-0.378477	0.263459	-0.296343
1782912415.610397	-0.051540	-0.054973	1.411745	0.057993	0.032595	0.175308	-0.366203	0.248470	-0.393045
1782912415.632127	-0.060605	-0.051204	1.400598	0.055571	0.036369	0.170475	-0.361619	0.237802	-0.499631
1782912415.650078	-0.069311	-0.047737	1.387192	0.056665	0.039026	0.167814	-0.347198	0.227039	-0.606329
1782912415.670343	-0.073714	-0.045930	1.379215	0.055645	0.039152	0.163785	-0.341885	0.216605	-0.712354
1782912415.690722	-0.082264	-0.042365	1.362056	0.053140	0.042383	0.161407	-0.324712	0.199440	-0.800275
1782912415.710100	-0.090865	-0.039200	1.341885	0.049850	0.045249	0.159238	-0.320735	0.192668	-0.908791
1782912415.730105	-0.099192	-0.035662	1.319724	0.044944	0.050023	0.155961	-0.302184	0.182193	-1.012502
1782912415.750094	-0.107198	-0.032542	1.294757	0.045707	0.050890	0.153504	-0.288091	0.173474	-1.116937
1782912415.770335	-0.111195	-0.030875	1.281515	0.044752	0.053157	0.152036	-0.269874	0.160082	-1.209443
1782912415.792458	-0.119220	-0.027691	1.253003	0.041472	0.056067	0.150891	-0.258440	0.152893	-1.306178
1782912415.810151	-0.127142	-0.024658	1.222222	0.039684	0.056574	0.146689	-0.254079	0.148666	-1.397541
1782912415.830603	-0.134654	-0.021578	1.189554	0.035963	0.058610	0.144409	-0.234872	0.139586	-1.446008
1782912415.851377	-0.138564	-0.020238	1.173353	0.033128	0.062846	0.142301	-0.225908	0.137071	-1.466143
1782912415.870261	-0.145878	-0.017482	1.139627	0.031002	0.063210	0.139831	-0.207045	0.127256	-1.427510
1782912415.890133	-0.152717	-0.014911	1.107317	0.033869	0.064135	0.136967	-0.202092	0.126603	-1.371464
1782912415.911068	-0.159512	-0.012620	1.076953	0.032107	0.063428	0.132872	-0.192095	0.127131	-1.268805
1782912415.931386	-0.165429	-0.010548	1.049515	0.034565	0.060046	0.129736	-0.180822	0.121835	-1.118648
1782912415.950350	-0.168158	-0.009650	1.037481	0.028862	0.060339	0.130336	-0.172562	0.121943	-0.938776
1782912415.970954	-0.173652	-0.008448	1.016501	0.030279	0.059537	0.127997	-0.156371	0.117439	-0.748784
1782912415.989920	-0.178182	-0.006746	0.999918	0.024479	0.061675	0.124373	-0.147160	0.112870	-0.581390
1782912416.011076	-0.180371	-0.006417	0.993459	0.027546	0.060868	0.122587	-0.136081	0.114015	-0.418119
1782912416.030362	-0.184214	-0.005325	0.983912	0.029654	0.062113	0.123622	-0.124168	0.111430	-0.261349
1782912416.050946	-0.187279	-0.004919	0.978423	0.034403	0.058333	0.119631	-0.116554	0.096969	-0.130501
1782912416.070786	-0.189997	-0.004527	0.975711	0.029554	0.059825	0.120549	-0.096279	0.108195	-0.006838
1782912416.090249	-0.192178	-0.004475	0.976100	0.028556	0.056869	0.121065	-0.086712	0.077553	0.061000
1782912416.110189	-0.193822	-0.004748	0.978995	0.032233	0.056951	0.120552	-0.062877	0.108077	0.170213
1782912416.130475	-0.194991	-0.004760	0.983837	0.028528	0.056647	0.120907	-0.056098	0.077015	0.233059
1782912416.150963	-0.195937	-0.005321	0.990665	0.029231	0.055580	0.124458	-0.045942	0.082572	0.303777
1782912416.171794	-0.196276	-0.005362	0.994255	0.023953	0.055728	0.123623	-0.031310	0.081174	0.335946
1782912416.190420	-0.196542	-0.006204	1.003314	0.022751	0.052410	0.125659	-0.026979	0.049858	0.375963
1782912416.210079	-0.196465	-0.006986	1.013150	0.023773	0.049558	0.127142	-0.007347	0.067655	0.433512
1782912416.230346	-0.196345	-0.008006	1.024285	0.020543	0.047936	0.129153	-0.005195	0.038781	0.460816
1782912416.250275	-0.196079	-0.008587	1.030397	0.022255	0.045617	0.130615	0.009251	0.046964	0.488521
1782912416.270386	-0.195547	-0.009606	1.042286	0.014691	0.044537	0.133353	0.018619	0.025883	0.475653
1782912416.290358	-0.194777	-0.011178	1.054097	0.015335	0.038020	0.135723	0.028371	0.014513	0.460318
1782912416.310699	-0.193492	-0.012705	1.065215	0.012863	0.036274	0.139065	0.039260	0.003220	0.418673
1782912416.330449	-0.192370	-0.014475	1.075115	0.012123	0.031668	0.144666	0.039260	0.003220	0.418673
1782912416.350185	-0.191717	-0.015315	1.079554	0.009814	0.029880	0.143792	0.067751	-0.018615	0.309628
1782912416.370190	-0.190359	-0.016993	1.087131	0.011464	0.024785	0.150115	0.074320	-0.028029	0.230043
1782912416.392250	-0.188832	-0.018925	1.093045	0.003593	0.023210	0.153487	0.077735	-0.035379	0.155578
1782912416.411935	-0.187462	-0.020860	1.097307	-0.003089	0.022322	0.159242	0.077735	-0.035379	0.155578
1782912416.430952	-0.185874	-0.022724	1.099660	-0.002931	0.017244	0.163368	0.087387	-0.046464	0.081331
1782912416.450518	-0.184287	-0.024520	1.099622	-0.008632	0.011862	0.166810	0.099752	-0.056152	-0.088728
1782912416.470132	-0.183157	-0.025597	1.098818	-0.003857	0.012274	0.168182	0.101363	-0.057262	-0.169165
1782912416.490651	-0.181546	-0.027435	1.095628	-0.008320	0.010556	0.172061	0.112122	-0.064630	-0.256987
1782912416.510282	-0.180539	-0.028288	1.093363	-0.011207	0.007054	0.173117	0.106602	-0.069830	-0.347163
1782912416.530259	-0.179003	-0.030289	1.086608	-0.013318	0.002991	0.177260	0.107747	-0.069285	-0.438557
1782912416.550078	-0.176253	-0.032915	1.072734	-0.013880	0.000010	0.181942	0.111479	-0.069993	-0.524720
1782912416.569940	-0.175215	-0.033741	1.067027	-0.017065	-0.000480	0.182263	0.110050	-0.065363	-0.613231
1782912416.589867	-0.173394	-0.035540	1.053990	-0.018679	-0.002321	0.183554	0.117344	-0.068534	-0.671369
1782912416.609938	-0.171659	-0.037013	1.039362	-0.022892	-0.002008	0.184620	0.114917	-0.068560	-0.726673
1782912416.630459	-0.169682	-0.038536	1.023960	-0.025010	-0.003712	0.184556	0.114917	-0.068560	-0.726673
1782912416.651058	-0.168028	-0.040101	1.008394	-0.026088	-0.004260	0.185849	0.117021	-0.059929	-0.731986
1782912416.670523	-0.167270	-0.040874	1.000529	-0.026016	-0.006639	0.185144	0.112387	-0.046845	-0.706714
1782912416.690099	-0.165459	-0.042040	0.986217	-0.029602	-0.008426	0.184974	0.108826	-0.041989	-0.613541
1782912416.710411	-0.163922	-0.043058	0.973947	-0.027962	-0.010808	0.182670	0.108826	-0.041989	-0.613541
1782912416.730065	-0.162275	-0.044016	0.963663	-0.026672	-0.011664	0.181453	0.107411	-0.032823	-0.551121
1782912416.751808	-0.161008	-0.044621	0.956056	-0.029775	-0.012607	0.180025	0.107869	-0.015355	-0.340958
1782912416.771528	-0.160421	-0.045021	0.953044	-0.030567	-0.012990	0.180408	0.111426	-0.010963	-0.230646
1782912416.790727	-0.158992	-0.045463	0.949404	-0.023694	-0.015368	0.177305	0.111426	-0.010963	-0.230646
1782912416.810816	-0.157914	-0.045464	0.948357	-0.030840	-0.013054	0.175165	0.108124	-0.002304	-0.121362
1782912416.830216	-0.156816	-0.045679	0.949460	-0.023978	-0.017435	0.174545	0.100645	0.013003	0.033411
1782912416.850487	-0.155792	-0.045595	0.951772	-0.029171	-0.015690	0.173056	0.109311	0.015585	0.089868
1782912416.872508	-0.155492	-0.045691	0.953393	-0.023300	-0.017020	0.172884	0.109311	0.015585	0.089868
1782912416.891563	-0.154708	-0.045468	0.957749	-0.028541	-0.018367	0.172081	0.100941	0.021393	0.179440
1782912416.910433	-0.153936	-0.045270	0.962752	-0.019936	-0.020377	0.172736	0.102335	0.011667	0.197968
1782912416.930902	-0.153212	-0.044962	0.968170	-0.017618	-0.020005	0.172037	0.102335	0.011667	0.197968
1782912416.950586	-0.152879	-0.044755	0.970886	-0.016712	-0.021977	0.171426	0.098698	0.014317	0.194742
1782912416.971073	-0.152452	-0.044506	0.976173	-0.016036	-0.021864	0.173087	0.103692	0.019735	0.183351
1782912416.989904	-0.151697	-0.044199	0.980645	-0.015278	-0.022151	0.172114	0.097954	0.017648	0.099745
1782912417.009898	-0.151307	-0.043760	0.983908	-0.013477	-0.020340	0.173136	0.098573	0.015929	0.081686
1782912417.030684	-0.151156	-0.043661	0.984692	-0.014748	-0.021377	0.172811	0.090867	0.018684	0.010546
1782912417.050332	-0.150756	-0.043264	0.985479	-0.016738	-0.019982	0.172162	0.091879	0.013371	-0.055394
1782912417.069869	-0.150368	-0.042786	0.984570	-0.012252	-0.021163	0.174047	0.087584	0.013795	-0.177323
1782912417.092810	-0.149806	-0.042157	0.981500	-0.012671	-0.020107	0.172854	0.087584	0.013795	-0.177323
1782912417.110617	-0.149510	-0.041921	0.979252	-0.009838	-0.019241	0.173069	0.086112	0.009701	-0.284171
1782912417.133437	-0.149378	-0.041869	0.976460	-0.010297	-0.020427	0.173832	0.087034	0.005665	-0.377814
1782912417.150028	-0.149378	-0.041869	0.976460	-0.010297	-0.020427	0.173832	0.080089	0.003454	-0.412828
1782912417.170163	-0.148777	-0.040234	0.957176	-0.011243	-0.013331	0.174239	0.076087	0.007005	-0.442709
1782912417.191714	-0.148636	-0.039761	0.948199	-0.012315	-0.012750	0.173293	0.074325	0.007352	-0.447383
1782912417.210143	-0.148465	-0.039088	0.939093	-0.011490	-0.011685	0.171066	0.074325	0.007352	-0.447383
1782912417.230171	-0.148669	-0.038840	0.934969	-0.009654	-0.012046	0.171666	0.064133	0.012165	-0.363444
1782912417.250644	-0.148665	-0.038428	0.927216	-0.017849	-0.009888	0.170161	0.065544	0.012654	-0.334521
1782912417.270417	-0.149030	-0.037734	0.921304	-0.014482	-0.006706	0.169364	0.064819	0.010225	-0.242927
1782912417.291463	-0.149030	-0.037734	0.921304	-0.014482	-0.006706	0.169364	0.064819	0.010225	-0.242927
1782912417.312047	-0.149604	-0.036735	0.915723	-0.013020	-0.008045	0.168084	0.058969	0.018824	-0.037733
1782912417.331935	-0.149848	-0.036363	0.915571	-0.013676	-0.007062	0.166925	0.058969	0.018824	-0.037733
1782912417.351194	-0.150203	-0.035662	0.916352	-0.014597	-0.005217	0.168509	0.056321	0.021493	0.101940
1782912417.370115	-0.150639	-0.035225	0.919357	-0.014495	-0.004385	0.167695	0.053727	0.024748	0.119270
1782912417.390427	-0.150911	-0.034319	0.922867	-0.013715	-0.001708	0.167841	0.053727	0.024748	0.119270
1782912417.410499	-0.151427	-0.033888	0.926505	-0.011576	-0.002704	0.168237	0.049165	0.026215	0.159212
1782912417.429846	-0.151793	-0.033278	0.929985	-0.009805	-0.000449	0.167774	0.052392	0.023787	0.126044
1782912417.450286	-0.151983	-0.032795	0.931600	-0.010992	-0.002088	0.166610	0.047460	0.026174	0.084778
1782912417.470295	-0.152526	-0.032230	0.933748	-0.009274	0.000659	0.168083	0.056055	0.023932	0.025541
1782912417.490418	-0.152835	-0.031548	0.934773	-0.005603	-0.000218	0.166861	0.046800	0.024526	0.006517
1782912417.510116	-0.153029	-0.031010	0.934431	-0.005495	0.000979	0.168127	0.046800	0.024526	0.006517
1782912417.530190	-0.153347	-0.030262	0.932630	-0.003320	0.001409	0.166812	0.050018	0.020654	-0.077089
1782912417.549954	-0.153625	-0.029402	0.929693	-0.004975	0.003993	0.167041	0.059948	0.014357	-0.176854
1782912417.570846	-0.153759	-0.029038	0.927624	-0.004706	0.003812	0.167843	0.056093	0.016057	-0.212775
1782912417.590222	-0.153908	-0.028330	0.923263	-0.007814	0.005613	0.166773	0.056093	0.016057	-0.212775
1782912417.610164	-0.154140	-0.027475	0.918173	-0.005555	0.005499	0.167620	0.053078	0.016122	-0.231458
1782912417.630769	-0.154235	-0.026825	0.913318	-0.010946	0.006965	0.167937	0.054260	0.016008	-0.230642
1782912417.651193	-0.154321	-0.025875	0.908730	-0.008115	0.006383	0.168637	0.063960	0.014991	-0.182893
1782912417.671456	-0.154432	-0.025516	0.906964	-0.008272	0.004814	0.168556	0.060850	0.017042	-0.167202
1782912417.690378	-0.154360	-0.024941	0.904071	-0.005684	0.006059	0.166298	0.060850	0.017042	-0.167202
1782912417.710747	-0.154040	-0.024171	0.901914	-0.006917	0.006055	0.166690	0.060787	0.016611	-0.055382
1782912417.730277	-0.154069	-0.023659	0.901271	-0.006697	0.005110	0.166838	0.063668	0.021303	-0.012668
1782912417.750285	-0.153910	-0.022852	0.901367	-0.008618	0.006019	0.165910	0.061408	0.018815	0.054544
1782912417.770180	-0.153487	-0.022358	0.902410	-0.009918	0.005843	0.167361	0.065593	0.020255	0.069024
1782912417.791300	-0.153240	-0.021669	0.904382	-0.007591	0.006064	0.165682	0.065593	0.020255	0.069024
1782912417.810129	-0.153004	-0.020910	0.906792	-0.002691	0.004479	0.165623	0.066216	0.018121	0.114356
1782912417.830814	-0.152691	-0.020167	0.909093	-0.002957	0.002983	0.168713	0.066216	0.018121	0.114356
1782912417.850829	-0.152134	-0.019478	0.911419	-0.002764	0.003509	0.166143	0.065769	0.020500	0.095632
1782912417.870427	-0.151966	-0.018862	0.912449	-0.001536	0.002677	0.165686	0.068823	0.018968	0.070790
1782912417.890772	-0.151580	-0.018309	0.913894	-0.001283	0.001723	0.167137	0.068823	0.018968	0.070790
1782912417.910775	-0.151308	-0.018158	0.914561	-0.003026	0.004362	0.166191	0.062553	0.020710	0.003873
1782912417.931254	-0.150357	-0.016857	0.914545	-0.000118	0.003208	0.165861	0.058567	0.020094	-0.023859
1782912417.950866	-0.150088	-0.016550	0.914151	0.000122	0.003243	0.164456	0.059772	0.020158	-0.062323
1782912417.970222	-0.149646	-0.015915	0.913025	-0.003854	0.002325	0.163510	0.061518	0.019602	-0.093106
1782912417.992113	-0.149084	-0.015309	0.911033	-0.003603	0.003509	0.162923	0.060664	0.019228	-0.106202
1782912418.010691	-0.148503	-0.014611	0.908619	-0.001195	0.002485	0.161468	0.060664	0.019228	-0.106202
1782912418.031213	-0.147986	-0.014056	0.906174	0.002266	0.001335	0.161686	0.057002	0.016056	-0.105736
1782912418.050419	-0.147704	-0.013637	0.905143	-0.001299	0.000820	0.159356	0.059177	0.012835	-0.082430
1782912418.070776	-0.146879	-0.012930	0.902894	-0.002433	0.001273	0.158593	0.059643	0.011455	-0.064197
1782912418.090443	-0.146338	-0.012320	0.901201	0.002953	0.000361	0.158240	0.056920	0.015646	-0.050073
1782912418.111058	-0.145698	-0.011751	0.900352	0.001736	0.002817	0.156087	0.056920	0.015646	-0.050073
1782912418.130608	-0.145168	-0.011216	0.899930	-0.000889	0.002050	0.155335	0.062010	0.010736	0.009146
1782912418.151774	-0.144215	-0.010640	0.900161	0.000017	0.003066	0.154830	0.058235	0.013323	0.032788
1782912418.170195	-0.143930	-0.010227	0.900454	0.000171	0.003277	0.154006	0.059226	0.012753	0.049451
1782912418.190314	-0.143202	-0.009899	0.901477	0.002724	0.002557	0.154416	0.057005	0.010555	0.062285
1782912418.211546	-0.142444	-0.009568	0.902647	0.001644	0.003439	0.154022	0.057005	0.010555	0.062285
1782912418.230967	-0.141686	-0.009152	0.903922	-0.000992	0.004809	0.152600	0.059275	0.007552	0.060979
1782912418.250884	-0.141176	-0.009080	0.904475	-0.000938	0.005291	0.152501	0.062924	0.004829	0.051234
1782912418.270525	-0.140154	-0.008615	0.905329	0.003350	0.001878	0.150823	0.064966	0.002256	0.040520
1782912418.290153	-0.139154	-0.008276	0.905583	-0.003054	0.002046	0.151148	0.065962	0.000548	0.022342
1782912418.311411	-0.138376	-0.008092	0.905489	-0.000597	0.002738	0.150398	0.068064	-0.001900	0.003914
1782912418.331831	-0.137189	-0.007672	0.905229	-0.003860	0.000237	0.147198	0.068606	-0.002273	-0.013437
1782912418.351244	-0.136020	-0.007609	0.904638	-0.004677	-0.000536	0.147080	0.068687	-0.001837	-0.027425
1782912418.373823	-0.135630	-0.007429	0.903862	-0.001739	-0.002515	0.146960	0.068239	-0.002231	-0.041316
1782912418.391860	-0.134539	-0.007219	0.903057	-0.005716	-0.000199	0.147214	0.069965	-0.005106	-0.047646
1782912418.410889	-0.133567	-0.006797	0.901499	-0.005612	0.001047	0.146327	0.069404	-0.005676	-0.053555
1782912418.431284	-0.132412	-0.006576	0.900127	-0.002241	-0.002000	0.147146	0.068864	-0.004939	-0.054107
1782912418.450600	-0.131341	-0.006400	0.898765	-0.009505	-0.001639	0.144900	0.066601	-0.003069	-0.054052
1782912418.469792	-0.130983	-0.006238	0.898320	-0.005386	-0.001531	0.144487	0.061895	-0.000219	-0.044561
1782912418.489863	-0.129813	-0.006010	0.897412	-0.007901	-0.004577	0.144563	0.059086	-0.003437	-0.016847
1782912418.510490	-0.128614	-0.005861	0.896800	-0.003832	-0.003906	0.141635	0.059086	-0.003437	-0.016847
1782912418.530266	-0.127699	-0.005514	0.896732	-0.003841	-0.003955	0.141183	0.065626	-0.004039	0.012142
1782912418.551180	-0.126484	-0.005503	0.897086	-0.001823	-0.005040	0.139742	0.063105	-0.001170	0.033478
1782912418.571979	-0.125843	-0.005240	0.897614	-0.006714	-0.004176	0.141240	0.059872	-0.003517	0.054730
1782912418.591673	-0.124917	-0.004913	0.898511	-0.003821	-0.004418	0.139197	0.053932	-0.002196	0.067865
1782912418.610958	-0.123812	-0.005029	0.899773	-0.006860	-0.002765	0.139692	0.055254	-0.002870	0.078228
1782912418.632878	-0.122752	-0.004841	0.900589	-0.006878	-0.003208	0.138459	0.059808	-0.004674	0.072074
1782912418.650268	-0.122109	-0.004785	0.901053	-0.007114	-0.002135	0.137951	0.061397	-0.005228	0.059207
1782912418.670807	-0.120996	-0.004525	0.901767	-0.008337	-0.004173	0.137563	0.060990	-0.005963	0.040815
1782912418.691250	-0.119884	-0.004509	0.902083	-0.004471	-0.004317	0.136877	0.060990	-0.005963	0.040815
1782912418.711087	-0.119006	-0.004253	0.902278	-0.007664	-0.004455	0.134814	0.060240	-0.004580	0.002306
1782912418.730332	-0.117852	-0.004078	0.901981	-0.004628	-0.004286	0.135189	0.059548	-0.004800	-0.016663
1782912418.750353	-0.117190	-0.003906	0.901682	-0.004225	-0.003598	0.134542	0.056947	-0.005548	-0.030880
1782912418.770195	-0.116296	-0.003733	0.900719	-0.007921	-0.004316	0.134973	0.055728	-0.006254	-0.038710
1782912418.794248	-0.115185	-0.003554	0.899427	-0.003601	-0.005179	0.135560	0.055728	-0.006254	-0.038710
1782912418.811913	-0.114194	-0.003538	0.898118	-0.001067	-0.003523	0.134636	0.056313	-0.007957	-0.043408
1782912418.831127	-0.113185	-0.003280	0.896970	-0.004532	-0.004550	0.132755	0.056313	-0.007957	-0.043408
1782912418.850920	-0.112122	-0.003261	0.895508	0.001046	-0.004828	0.133594	0.052977	-0.008057	-0.034767
1782912418.870498	-0.111671	-0.003295	0.895098	-0.002002	-0.005968	0.132866	0.048581	-0.007995	-0.036976
1782912418.890981	-0.110695	-0.003137	0.894234	-0.000661	-0.006845	0.131486	0.043731	-0.004730	-0.019712
1782912418.910276	-0.109814	-0.003151	0.893630	0.001242	-0.007947	0.131240	0.046918	-0.008014	0.006089
1782912418.930310	-0.108725	-0.002979	0.893659	-0.002797	-0.005660	0.129111	0.048958	-0.012148	0.023533
1782912418.952498	-0.107924	-0.002815	0.893966	-0.003375	-0.006044	0.128087	0.044134	-0.007228	0.040098
1782912418.972078	-0.107453	-0.002877	0.894399	-0.002783	-0.005871	0.128926	0.043750	-0.005253	0.057003
1782912418.990055	-0.106571	-0.002903	0.895105	0.000974	-0.006237	0.128402	0.043227	-0.010945	0.064509
1782912419.011327	-0.105519	-0.002780	0.896495	0.002601	-0.005957	0.129526	0.047727	-0.010615	0.065113
1782912419.030898	-0.104529	-0.002848	0.897761	-0.007189	-0.005468	0.127476	0.039866	-0.010541	0.075894
1782912419.052645	-0.103691	-0.002871	0.898795	-0.002151	-0.007002	0.128058	0.041846	-0.011864	0.068130
1782912419.070897	-0.103268	-0.002782	0.899260	-0.007253	-0.005564	0.127271	0.042874	-0.014514	0.057178
1782912419.090341	-0.102400	-0.002945	0.900170	-0.002860	-0.007536	0.126288	0.042874	-0.014514	0.057178
1782912419.110196	-0.101492	-0.002961	0.900610	-0.006344	-0.007234	0.126076	0.043626	-0.014741	0.039282
1782912419.130344	-0.100632	-0.003188	0.900564	-0.002640	-0.008060	0.126120	0.041045	-0.016282	0.015682
1782912419.151153	-0.099949	-0.003200	0.900303	-0.002925	-0.007866	0.123442	0.035349	-0.015198	-0.021302
1782912419.172507	-0.099593	-0.003136	0.899806	-0.005646	-0.008239	0.124321	0.030468	-0.013947	-0.036297
1782912419.190719	-0.098716	-0.003093	0.898701	-0.000486	-0.007008	0.124151	0.028755	-0.015993	-0.044028
1782912419.210287	-0.098017	-0.003254	0.897371	-0.001675	-0.006052	0.123885	0.028501	-0.017886	-0.047858
1782912419.231198	-0.097310	-0.003260	0.895924	-0.004309	-0.005319	0.124133	0.028501	-0.017886	-0.047858
1782912419.251420	-0.097064	-0.003247	0.894933	-0.000346	-0.005666	0.123675	0.029689	-0.018289	-0.044739
1782912419.271026	-0.096233	-0.003497	0.893854	-0.007541	-0.003538	0.123164	0.026160	-0.016181	-0.043673
1782912419.291297	-0.095730	-0.003488	0.892672	-0.007237	-0.005267	0.121681	0.022152	-0.013765	-0.028834
1782912419.311623	-0.095223	-0.003506	0.891974	-0.002502	-0.005645	0.120654	0.025119	-0.018432	-0.000165
1782912419.331061	-0.094702	-0.003787	0.891710	-0.004356	-0.004853	0.120802	0.022168	-0.017751	0.025463
1782912419.350143	-0.094206	-0.004011	0.892139	-0.007616	-0.004693	0.120344	0.023112	-0.016503	0.033155
1782912419.370885	-0.093608	-0.004215	0.892885	-0.004143	-0.006972	0.118469	0.019722	-0.013908	0.061478
1782912419.391861	-0.093548	-0.004289	0.893344	-0.002778	-0.006387	0.119761	0.014801	-0.015383	0.077626
1782912419.411579	-0.092882	-0.004404	0.895363	-0.008179	-0.006762	0.118358	0.022472	-0.013854	0.077291
1782912419.430526	-0.092191	-0.004501	0.896781	-0.006032	-0.004973	0.119157	0.022472	-0.013854	0.077291
1782912419.451567	-0.091869	-0.004426	0.898515	-0.005344	-0.005113	0.117841	0.021846	-0.017503	0.073499
1782912419.470774	-0.091458	-0.004684	0.899217	-0.007480	-0.005009	0.118583	0.021846	-0.017503	0.073499
1782912419.495703	-0.091092	-0.004807	0.900257	-0.005407	-0.004292	0.117397	0.018220	-0.014748	0.048159
1782912419.514279	-0.090599	-0.005196	0.901285	-0.010230	-0.004335	0.118343	0.016732	-0.015040	0.035367
1782912419.533837	-0.090118	-0.005142	0.901827	-0.010074	-0.003858	0.115881	0.019498	-0.018627	0.021649
1782912419.550483	-0.089904	-0.005112	0.901977	-0.007755	-0.003734	0.116026	0.018973	-0.019770	0.004979
1782912419.570083	-0.089503	-0.005290	0.901660	-0.006338	-0.002500	0.115934	0.018203	-0.019538	-0.014910
1782912419.590177	-0.089204	-0.005417	0.900723	-0.008085	-0.004466	0.118076	0.018203	-0.019538	-0.014910
1782912419.610032	-0.088629	-0.005607	0.899759	-0.006094	-0.003536	0.117015	0.015292	-0.019500	-0.044421
1782912419.630137	-0.088419	-0.005757	0.898597	-0.008364	-0.003763	0.116068	0.014962	-0.018650	-0.053738
1782912419.649837	-0.088013	-0.005654	0.897204	-0.009427	-0.003957	0.115015	0.009733	-0.014178	-0.054299
1782912419.669983	-0.087775	-0.005810	0.896505	-0.008827	-0.002357	0.114128	0.008204	-0.014640	-0.047104
1782912419.690469	-0.087509	-0.006175	0.895730	-0.012039	-0.004081	0.115706	0.010003	-0.015851	-0.024987
1782912419.709978	-0.087282	-0.006094	0.894885	-0.009606	-0.005469	0.114059	0.005679	-0.016305	-0.006844
1782912419.730291	-0.087014	-0.006286	0.894610	-0.010564	-0.004467	0.114575	0.005358	-0.015481	0.017251
1782912419.750905	-0.086849	-0.006460	0.894774	-0.006694	-0.005466	0.115276	0.008813	-0.011649	0.027785
1782912419.771644	-0.086671	-0.006434	0.895216	-0.008580	-0.005186	0.115268	0.003393	-0.009062	0.039927
1782912419.818075	-0.086117	-0.006628	0.897347	-0.010072	-0.002712	0.114141	0.007703	-0.015036	0.068759
1782912419.843057	-0.085690	-0.006806	0.899003	-0.007809	-0.003342	0.115839	0.007663	-0.012077	0.067263
1782912419.862447	-0.085459	-0.006869	0.899677	-0.006850	-0.004990	0.114841	0.007663	-0.012077	0.067263
1782912419.882925	-0.085328	-0.006916	0.900918	-0.007975	-0.001309	0.113546	0.009899	-0.010941	0.060658
1782912419.903099	-0.085155	-0.006838	0.901970	-0.008129	-0.003388	0.116797	0.008937	-0.010986	0.044180
1782912419.925153	-0.084899	-0.007048	0.902743	-0.004437	-0.005484	0.114839	0.007117	-0.010162	0.024973
1782912419.943124	-0.084951	-0.007099	0.903065	-0.008180	-0.006342	0.114490	0.002112	-0.008019	-0.001047
1782912419.962883	-0.084844	-0.007170	0.903019	-0.008312	-0.006421	0.114177	0.002112	-0.008019	-0.001047
1782912419.983271	-0.084570	-0.007125	0.902904	-0.007031	-0.005548	0.113909	0.002200	-0.008732	-0.010638
1782912420.002916	-0.084208	-0.007040	0.902044	-0.007239	-0.004137	0.114970	-0.001077	-0.007796	-0.032457
1782912420.022127	-0.084158	-0.007073	0.901463	-0.008940	-0.001930	0.114452	-0.001077	-0.007796	-0.032457
1782912420.042602	-0.084035	-0.007087	0.900018	-0.008746	-0.004665	0.114775	-0.004274	-0.006780	-0.044519
1782912420.063121	-0.083939	-0.007025	0.899412	-0.008052	-0.002404	0.114909	-0.006403	-0.006545	-0.047751
1782912420.082475	-0.083790	-0.006971	0.898543	-0.007956	-0.002561	0.114199	-0.005757	-0.007966	-0.027085
1782912420.102338	-0.083812	-0.007008	0.897297	-0.011717	-0.001612	0.113977	-0.005757	-0.007966	-0.027085
1782912420.122144	-0.083606	-0.006774	0.896654	-0.009218	-0.000751	0.112462	-0.008681	-0.006594	-0.019461
1782912420.142545	-0.083547	-0.006787	0.896063	-0.007441	-0.000401	0.115025	-0.001777	-0.005877	0.003327
1782912420.162571	-0.083569	-0.006615	0.895925	-0.007556	-0.000647	0.114507	-0.001777	-0.005877	0.003327
1782912420.182301	-0.083475	-0.006662	0.895978	-0.007433	-0.000504	0.114006	-0.003984	-0.002014	0.001199
1782912420.203609	-0.083494	-0.006588	0.896381	-0.005512	-0.000329	0.113008	-0.008589	-0.002024	0.014491
1782912420.222650	-0.083449	-0.006746	0.897007	-0.012182	-0.002130	0.111979	-0.003162	-0.003130	0.032321
1782912420.242577	-0.083461	-0.006626	0.897863	-0.008646	-0.000758	0.113112	-0.001318	-0.004824	0.042016
1782912420.262849	-0.083416	-0.006480	0.898294	-0.007636	-0.001042	0.111540	-0.003869	-0.002343	0.058490
1782912420.282782	-0.083362	-0.006404	0.899173	-0.005412	0.000136	0.113287	-0.007959	-0.000720	0.058234
1782912420.302586	-0.083304	-0.006326	0.900349	-0.007196	-0.002231	0.112105	-0.000586	-0.000015	0.054411
1782912420.322520	-0.083208	-0.006344	0.901470	-0.008608	-0.000949	0.112542	-0.005146	0.001529	0.050213
1782912420.342822	-0.083211	-0.006178	0.902137	-0.008341	-0.001447	0.111681	-0.008057	0.002779	0.045799
1782912420.362925	-0.083160	-0.006029	0.902502	-0.004163	-0.002487	0.111981	-0.010294	0.003710	0.033617
1782912420.383509	-0.083160	-0.005952	0.902854	-0.005866	-0.003115	0.111711	-0.010680	0.001304	0.020521
