时间(s)	位置x(m)	位置y(m)	位置z(m)	欧拉角roll(rad)	欧拉角pitch(rad)	欧拉角yaw(rad)	速度x(m/s)	速度y(m/s)	速度z(m/s)
1782912357.383798	0.468830	0.404234	1.137356	-0.017514	0.024293	0.031882	0.009236	-0.011590	0.021428
1782912357.402393	0.468987	0.404201	1.137579	-0.016288	0.025446	0.032211	0.009236	-0.011590	0.021428
1782912357.420810	0.469024	0.404019	1.137838	-0.015483	0.026402	0.032621	0.014047	-0.021947	0.014761
1782912357.440987	0.468948	0.404130	1.138447	-0.018524	0.030107	0.038249	0.006143	-0.017672	0.043753
1782912357.461171	0.468624	0.404027	1.140994	-0.020466	0.029540	0.045511	-0.002067	-0.013040	0.117558
1782912357.480528	0.468524	0.404212	1.142988	-0.022487	0.030161	0.048916	-0.000181	-0.009631	0.162042
1782912357.501026	0.468447	0.404352	1.149393	-0.019908	0.029954	0.054896	-0.011189	-0.008744	0.337014
1782912357.521436	0.468144	0.404359	1.158216	-0.022610	0.029055	0.062033	-0.011096	-0.000488	0.404704
1782912357.540855	0.468000	0.404615	1.170625	-0.015832	0.026963	0.069187	-0.010602	-0.001830	0.625100
1782912357.560853	0.467897	0.404855	1.184464	-0.025739	0.029656	0.076130	-0.010602	-0.001830	0.625100
1782912357.580758	0.467525	0.404919	1.192365	-0.021270	0.030477	0.080022	-0.015232	0.012036	0.711408
1782912357.602888	0.467304	0.405165	1.209381	-0.020238	0.028017	0.088697	-0.026834	0.016829	0.841473
1782912357.621860	0.466767	0.405688	1.227957	-0.019696	0.025758	0.095897	-0.026834	0.016829	0.841473
1782912357.640832	0.466352	0.406212	1.247454	-0.012024	0.024637	0.104333	-0.039009	0.017297	0.897689
1782912357.660489	0.465642	0.406663	1.268064	-0.018852	0.021701	0.115084	-0.034030	0.030036	0.922558
1782912357.680646	0.465102	0.406857	1.278659	-0.015213	0.022109	0.120144	-0.041195	0.004906	0.931030
1782912357.702085	0.464434	0.407495	1.299853	-0.018515	0.020752	0.129207	-0.037013	0.033098	0.996003
1782912357.721839	0.463283	0.407612	1.321809	-0.011273	0.016654	0.138428	-0.048729	0.022310	0.988872
1782912357.741365	0.462259	0.408460	1.343855	-0.014660	0.016674	0.148020	-0.057357	0.038646	1.022698
1782912357.761009	0.460759	0.408407	1.366174	-0.006807	0.017152	0.157128	-0.060445	0.028431	1.012410
1782912357.780713	0.459955	0.408592	1.377300	-0.006388	0.019933	0.160719	-0.067537	0.032549	1.031877
1782912357.801069	0.458282	0.408902	1.399576	-0.008368	0.020351	0.170185	-0.078946	0.037423	1.032495
1782912357.821700	0.456379	0.408984	1.421683	-0.004507	0.020025	0.180220	-0.090953	0.023335	1.010966
1782912357.842944	0.454370	0.409309	1.442907	-0.001637	0.020466	0.188534	-0.099085	0.039449	1.012307
1782912357.861303	0.452016	0.409162	1.463607	-0.002498	0.022417	0.199094	-0.117866	0.032878	0.953328
1782912357.880372	0.450552	0.409122	1.473318	-0.002815	0.024659	0.203389	-0.119495	0.034937	0.929619
1782912357.901130	0.447780	0.408984	1.491493	0.000795	0.025462	0.212923	-0.128683	0.030968	0.877240
1782912357.921788	0.445003	0.408755	1.507907	0.002873	0.028781	0.222692	-0.141485	0.028458	0.749309
1782912357.941126	0.442055	0.408283	1.521845	0.001814	0.034578	0.232082	-0.144504	0.024784	0.722007
1782912357.962871	0.438957	0.407875	1.533690	-0.002552	0.039062	0.240801	-0.158172	0.018140	0.533635
1782912357.981076	0.437173	0.407877	1.538724	-0.001257	0.043476	0.247604	-0.158172	0.018140	0.533635
1782912358.000307	0.433943	0.407383	1.546771	-0.000816	0.045839	0.255174	-0.164928	0.017748	0.436156
1782912358.020395	0.430714	0.406887	1.552463	-0.002314	0.049557	0.264886	-0.164721	0.009758	0.288674
1782912358.040037	0.427287	0.406475	1.555628	-0.002891	0.053806	0.273532	-0.156987	0.004816	0.242986
1782912358.061219	0.423763	0.405739	1.556286	-0.003543	0.060101	0.283036	-0.147484	0.001108	0.097216
1782912358.081064	0.422065	0.405487	1.555693	-0.001867	0.064323	0.287854	-0.148748	0.003574	-0.011492
1782912358.101781	0.418694	0.404808	1.552443	-0.008181	0.070392	0.297072	-0.134820	-0.007931	-0.107661
1782912358.120896	0.415050	0.404313	1.546624	-0.006562	0.073075	0.305389	-0.137452	-0.004874	-0.212340
1782912358.140466	0.411492	0.403679	1.538415	-0.006563	0.075303	0.314594	-0.114373	-0.011710	-0.299221
1782912358.160822	0.408272	0.403033	1.527744	-0.009217	0.080436	0.322771	-0.115005	-0.006004	-0.409100
1782912358.181042	0.406733	0.402916	1.521481	-0.010355	0.083639	0.325949	-0.091701	-0.011336	-0.498929
1782912358.201455	0.403409	0.402279	1.507315	-0.009588	0.086893	0.333884	-0.092908	-0.005510	-0.606126
1782912358.220960	0.400251	0.401787	1.490561	-0.011385	0.089979	0.341423	-0.068169	-0.014568	-0.696827
1782912358.240863	0.397206	0.401338	1.471695	-0.015454	0.091923	0.349600	-0.061240	-0.006779	-0.802073
1782912358.260633	0.394080	0.401231	1.450518	-0.014247	0.092124	0.356913	-0.054788	-0.004792	-0.843691
1782912358.280687	0.392871	0.400931	1.439998	-0.014259	0.092911	0.359544	-0.026325	0.005406	-0.912478
1782912358.300439	0.389853	0.400753	1.418016	-0.015455	0.092915	0.364804	-0.026325	0.005406	-0.912478
1782912358.321319	0.387289	0.400800	1.396388	-0.017677	0.090570	0.370693	-0.012337	0.005071	-0.888798
1782912358.341211	0.385022	0.400732	1.376672	-0.014713	0.087618	0.375233	-0.006684	0.015784	-0.824529
1782912358.360636	0.382962	0.401227	1.359261	-0.018015	0.083391	0.379527	-0.009334	0.028385	-0.721246
1782912358.381226	0.382089	0.401287	1.351644	-0.013867	0.080582	0.381824	-0.002618	0.031263	-0.613653
1782912358.400980	0.380431	0.402479	1.338629	-0.019643	0.079291	0.384018	0.003773	0.053607	-0.471319
1782912358.421421	0.379223	0.403113	1.329775	-0.007672	0.072585	0.388206	-0.010415	0.046104	-0.373627
1782912358.442225	0.377887	0.405066	1.323129	-0.022087	0.069302	0.390394	-0.001432	0.093963	-0.208532
1782912358.460951	0.377414	0.405888	1.321412	-0.018271	0.065399	0.392143	-0.005091	0.079984	-0.103587
1782912358.480860	0.376417	0.407238	1.319788	-0.003506	0.056230	0.394963	0.001600	0.108893	-0.002138
1782912358.501162	0.375525	0.409851	1.320251	-0.012730	0.052318	0.397276	0.005838	0.125911	0.085875
1782912358.520887	0.374883	0.411678	1.323453	0.002073	0.044000	0.399390	-0.000970	0.102355	0.145055
1782912358.540974	0.374232	0.414783	1.327694	-0.011085	0.041016	0.402013	0.022953	0.143383	0.219257
1782912358.560873	0.374096	0.417036	1.333964	0.003415	0.035596	0.404514	0.021789	0.120104	0.252148
1782912358.582093	0.373938	0.418833	1.337319	0.002416	0.032607	0.405186	0.034916	0.148961	0.325853
1782912358.601725	0.373881	0.421700	1.344988	-0.000026	0.028730	0.406465	0.038225	0.142275	0.351907
1782912358.620919	0.373882	0.424416	1.353666	0.011055	0.024718	0.407147	0.038385	0.142496	0.389545
1782912358.642369	0.374088	0.427812	1.362832	0.002350	0.024559	0.405684	0.047445	0.156485	0.434379
1782912358.660454	0.374101	0.428916	1.368285	0.009605	0.024228	0.405221	0.049021	0.141965	0.447336
1782912358.680670	0.374921	0.432149	1.379030	0.002472	0.024768	0.406339	0.063366	0.168830	0.491877
1782912358.702186	0.375481	0.435296	1.391057	0.008725	0.022093	0.408392	0.069109	0.138512	0.525317
1782912358.721768	0.376628	0.438716	1.403539	0.006655	0.020671	0.409839	0.094509	0.156208	0.573565
1782912358.740902	0.377948	0.441549	1.417110	0.014617	0.017021	0.411027	0.092862	0.138654	0.564785
1782912358.760845	0.379341	0.444781	1.431020	0.010855	0.016381	0.414182	0.104587	0.140126	0.614028
1782912358.780337	0.380038	0.446415	1.438503	0.010519	0.014335	0.416213	0.105457	0.142339	0.621731
1782912358.800637	0.381601	0.448743	1.453415	0.023379	0.009059	0.417252	0.097906	0.127960	0.642546
1782912358.820354	0.382697	0.451546	1.468525	0.020233	0.004994	0.419994	0.090915	0.139769	0.650413
1782912358.840751	0.383974	0.453524	1.483788	0.035846	-0.000135	0.420854	0.081744	0.124334	0.633600
1782912358.863152	0.384563	0.455743	1.498765	0.032968	-0.003350	0.424336	0.066946	0.139665	0.643817
1782912358.881415	0.384816	0.456503	1.506088	0.036368	-0.003277	0.425760	0.050810	0.125328	0.619982
1782912358.901929	0.385058	0.458310	1.520476	0.036990	-0.004373	0.428929	0.037945	0.133772	0.609729
1782912358.922147	0.385037	0.459528	1.534247	0.042296	-0.003801	0.430568	0.022303	0.115151	0.580861
1782912358.940486	0.384855	0.460677	1.546748	0.039471	-0.000024	0.432818	0.007998	0.112605	0.554454
1782912358.960529	0.384198	0.461816	1.557981	0.042279	0.001620	0.435651	-0.006314	0.102790	0.494437
1782912358.980780	0.383799	0.461842	1.562900	0.043955	0.007265	0.434970	-0.016563	0.094422	0.431165
1782912359.001242	0.382826	0.462670	1.571246	0.039732	0.010565	0.438540	-0.026708	0.087274	0.352264
1782912359.021992	0.381728	0.463276	1.577279	0.041268	0.016876	0.440462	-0.042102	0.079296	0.271016
1782912359.042802	0.380676	0.463284	1.581276	0.041452	0.023212	0.440597	-0.048485	0.055065	0.090548
1782912359.062531	0.379650	0.463487	1.583287	0.038275	0.030101	0.443818	-0.048485	0.055065	0.090548
1782912359.081536	0.378811	0.463557	1.582859	0.039912	0.033469	0.443577	-0.057610	0.049203	-0.005267
1782912359.100623	0.377364	0.463544	1.580932	0.034868	0.039709	0.446014	-0.048519	0.038844	-0.088642
1782912359.121183	0.376040	0.463247	1.577143	0.032376	0.048771	0.447682	-0.058223	0.031807	-0.181320
1782912359.140423	0.374278	0.463108	1.570420	0.034783	0.054646	0.450598	-0.045472	0.022554	-0.275475
1782912359.191567	0.371591	0.462758	1.550455	0.030492	0.068705	0.457416	-0.017776	-0.002623	-0.557503
1782912359.214821	0.370246	0.462633	1.536902	0.026195	0.075337	0.460828	-0.000179	-0.008800	-0.660468
1782912359.235145	0.369120	0.462482	1.520949	0.020994	0.081372	0.463950	0.017126	-0.015589	-0.747943
1782912359.254745	0.367697	0.462255	1.502865	0.018947	0.088275	0.467271	0.031943	-0.021038	-0.830219
1782912359.275042	0.367198	0.462191	1.493079	0.017746	0.086533	0.468060	0.038163	-0.020496	-0.916101
1782912359.294924	0.366074	0.461995	1.472389	0.018446	0.091375	0.471692	0.059355	-0.024226	-0.955820
1782912359.314879	0.365259	0.461970	1.450446	0.010848	0.091751	0.472435	0.068647	-0.023593	-0.965036
1782912359.334857	0.364784	0.461744	1.429078	0.009633	0.092777	0.474030	0.081271	-0.023258	-0.950304
1782912359.355770	0.364249	0.461862	1.408334	0.009287	0.089804	0.472732	0.082200	-0.018488	-0.915192
1782912359.376109	0.364294	0.461949	1.398960	0.009183	0.086077	0.473666	0.091045	-0.012325	-0.840481
1782912359.395560	0.364432	0.462131	1.381360	0.006288	0.086133	0.474438	0.094399	-0.004245	-0.719276
1782912359.415059	0.365032	0.462379	1.366640	0.006196	0.081668	0.473975	0.099270	-0.002251	-0.591378
1782912359.435348	0.365744	0.463240	1.355468	0.003281	0.080158	0.474380	0.107325	0.009179	-0.401056
1782912359.455285	0.367051	0.463661	1.347869	0.008081	0.073323	0.474114	0.101259	0.006098	-0.334462
1782912359.474983	0.367821	0.464101	1.345754	0.002887	0.070811	0.473572	0.110804	0.036852	-0.190330
1782912359.495193	0.369259	0.465259	1.342351	-0.000906	0.065962	0.470284	0.102144	0.023218	-0.111881
1782912359.515333	0.371097	0.466364	1.342354	0.009778	0.053447	0.467388	0.111284	0.059730	0.043419
1782912359.536651	0.372468	0.467886	1.343699	-0.002139	0.049270	0.467554	0.104166	0.054600	0.076511
1782912359.555272	0.374326	0.468767	1.347591	0.013894	0.036784	0.466987	0.097432	0.047181	0.151915
1782912359.575074	0.375848	0.470668	1.352406	0.000868	0.031477	0.464231	0.105751	0.069700	0.189015
1782912359.596260	0.376773	0.471305	1.355311	0.003863	0.023092	0.465584	0.105751	0.069700	0.189015
1782912359.637152	0.380189	0.473875	1.369639	0.009426	0.011385	0.463992	0.106987	0.046458	0.306642
1782912359.661716	0.383311	0.475693	1.383111	0.013985	0.003592	0.462958	0.110303	0.062964	0.378990
1782912359.679546	0.384314	0.476347	1.387862	0.013986	0.003058	0.461147	0.110303	0.062964	0.378990
1782912359.696733	0.385178	0.476603	1.393141	0.022454	-0.002713	0.462711	0.094745	0.026975	0.403164
1782912359.716074	0.387298	0.477634	1.403978	0.025262	-0.004995	0.462118	0.107390	0.048597	0.449696
1782912359.735675	0.389157	0.478429	1.415274	0.019858	-0.004990	0.462095	0.090106	0.025592	0.466009
1782912359.755734	0.391167	0.479055	1.427684	0.021245	-0.008591	0.462280	0.089084	0.023006	0.496847
1782912359.779072	0.392070	0.479624	1.433955	0.014063	-0.007672	0.462983	0.104896	0.031040	0.532212
1782912359.797800	0.394083	0.479835	1.447084	0.017968	-0.012747	0.466188	0.097531	-0.004590	0.549050
1782912359.816344	0.396344	0.480436	1.460811	0.013864	-0.012030	0.469449	0.118538	0.012902	0.604667
1782912359.836179	0.398900	0.480315	1.475474	0.010755	-0.012817	0.473038	0.108033	-0.016753	0.627778
1782912359.855935	0.401113	0.480347	1.490620	0.004366	-0.014559	0.476923	0.100068	-0.013192	0.626524
1782912359.876259	0.401973	0.480332	1.498078	0.002784	-0.016529	0.479774	0.078059	-0.023402	0.610994
1782912359.896049	0.403812	0.479852	1.512781	0.007957	-0.019846	0.482487	0.076462	-0.009743	0.608830
1782912359.916365	0.405512	0.479626	1.527041	-0.000407	-0.021493	0.484312	0.051162	-0.014388	0.566012
1782912359.936590	0.406362	0.479078	1.540041	0.007118	-0.021928	0.485630	0.041834	-0.000605	0.548594
1782912359.956033	0.406984	0.478585	1.552278	-0.002956	-0.017602	0.486529	0.027714	0.003455	0.505287
1782912359.977104	0.407108	0.478028	1.562744	0.002550	-0.016196	0.486998	0.004219	0.007856	0.414415
1782912359.996584	0.407361	0.477689	1.567363	0.005016	-0.016044	0.489595	-0.011700	0.011194	0.346372
1782912360.016198	0.407071	0.477185	1.575021	0.004960	-0.010224	0.487484	-0.031141	0.015291	0.255859
1782912360.036555	0.406609	0.476647	1.580590	0.006443	-0.004302	0.485288	-0.036390	0.015568	0.172471
1782912360.055918	0.405999	0.476039	1.583815	0.001567	0.005454	0.482817	-0.050418	0.014900	0.079196
1782912360.075901	0.405348	0.475712	1.584413	0.010915	0.006870	0.483117	-0.049452	0.010782	-0.007464
1782912360.096471	0.404474	0.474934	1.584306	0.008492	0.017019	0.481349	-0.060923	0.010731	-0.106350
1782912360.116732	0.403189	0.474319	1.581638	0.006764	0.025938	0.480948	-0.058637	0.005085	-0.201567
1782912360.136565	0.401739	0.473642	1.576559	0.008357	0.032937	0.480175	-0.054061	-0.000987	-0.287485
1782912360.156301	0.400557	0.472843	1.569296	0.005632	0.041660	0.479085	-0.059522	-0.000579	-0.390201
1782912360.176555	0.399531	0.472527	1.564568	0.006297	0.041806	0.478635	-0.049514	-0.003642	-0.477063
1782912360.196088	0.397994	0.471821	1.553829	0.007699	0.051496	0.477994	-0.041973	-0.011613	-0.563708
1782912360.215725	0.396253	0.471143	1.540370	0.007102	0.057881	0.478642	-0.036786	-0.010657	-0.671646
1782912360.235550	0.394724	0.470403	1.524951	0.006401	0.066154	0.478765	-0.020535	-0.017524	-0.761658
1782912360.256705	0.392979	0.469865	1.507039	0.003220	0.068578	0.478563	-0.014950	-0.020696	-0.845433
1782912360.275614	0.392331	0.469734	1.497200	0.004218	0.070985	0.478064	0.004077	-0.023315	-0.921674
1782912360.296409	0.390681	0.469099	1.476554	0.005740	0.074097	0.477242	0.006538	-0.021079	-0.950628
1782912360.316981	0.389219	0.468667	1.455138	0.005263	0.077306	0.478481	0.022664	-0.020987	-0.971455
1782912360.336806	0.387657	0.468393	1.433146	0.001938	0.080390	0.477299	0.025812	-0.014264	-0.964868
1782912360.356679	0.386466	0.468273	1.412511	-0.002453	0.081599	0.475129	0.041507	-0.014540	-0.896138
1782912360.376128	0.386139	0.468062	1.402496	-0.003256	0.081352	0.474275	0.044806	-0.012828	-0.824667
1782912360.396248	0.385346	0.468281	1.384269	-0.003218	0.080004	0.473980	0.052548	-0.003708	-0.728986
1782912360.419536	0.384692	0.468408	1.369346	-0.001928	0.078631	0.472471	0.048886	-0.001956	-0.598647
1782912360.437515	0.384439	0.468799	1.357190	0.003226	0.075843	0.472476	0.058929	0.017450	-0.450926
1782912360.456576	0.384746	0.469502	1.348669	-0.000161	0.072442	0.469244	0.061584	0.006546	-0.328661
1782912360.476403	0.384886	0.469567	1.345840	0.007446	0.069980	0.468997	0.062936	0.031754	-0.187507
1782912360.495816	0.385634	0.470875	1.341710	-0.003602	0.072089	0.465565	0.068040	0.032012	-0.085302
1782912360.517148	0.386696	0.471575	1.341502	0.011499	0.065823	0.464647	0.062322	0.021075	0.025794
1782912360.536467	0.387852	0.473151	1.343601	0.001107	0.065061	0.462805	0.084856	0.049960	0.140530
1782912360.556129	0.389321	0.474417	1.348061	0.000735	0.059106	0.462297	0.074134	0.022794	0.177548
1782912360.575834	0.390016	0.474765	1.350873	0.011125	0.051507	0.461945	0.075907	0.063734	0.247380
1782912360.595689	0.390970	0.476611	1.356993	-0.002564	0.042233	0.459235	0.077433	0.048970	0.259535
1782912360.615891	0.392538	0.477527	1.364778	0.017406	0.028775	0.459032	0.079676	0.043611	0.307324
1782912360.636112	0.393876	0.479159	1.372842	0.010036	0.023635	0.458632	0.088179	0.055094	0.353197
1782912360.655639	0.395656	0.480581	1.382596	0.012490	0.016999	0.459650	0.084075	0.035690	0.373601
1782912360.676090	0.396476	0.481372	1.387617	0.016014	0.013968	0.456881	0.099283	0.062380	0.437296
1782912360.696498	0.398314	0.482974	1.398013	0.010717	0.010729	0.456490	0.096780	0.032360	0.455201
1782912360.719935	0.400448	0.483980	1.409953	0.016285	0.006660	0.454991	0.109915	0.048817	0.507148
1782912360.736271	0.402383	0.485801	1.422000	0.008741	0.004942	0.455153	0.115575	0.039226	0.542570
1782912360.756335	0.404575	0.487063	1.436063	0.015401	0.000967	0.453720	0.112406	0.030823	0.584441
1782912360.776087	0.405808	0.487758	1.442732	0.012994	-0.000592	0.453793	0.114090	0.042391	0.620756
1782912360.796018	0.408049	0.489073	1.457691	0.010214	-0.005153	0.452831	0.108518	0.016738	0.631248
1782912360.816170	0.410363	0.489796	1.472868	0.015843	-0.007361	0.453967	0.119312	0.028181	0.676504
1782912360.837564	0.412688	0.490622	1.489052	0.008897	-0.010300	0.458345	0.110741	-0.014696	0.693081
1782912360.856535	0.413944	0.490868	1.497487	0.011484	-0.010175	0.458983	0.123424	-0.010140	0.731083
1782912360.876176	0.416512	0.491293	1.514136	0.005071	-0.010577	0.465561	0.121480	-0.036062	0.724432
1782912360.896230	0.416512	0.491293	1.514136	0.005071	-0.010577	0.465561	0.112390	-0.034206	0.710592
1782912360.916306	0.421198	0.491158	1.547942	0.010223	-0.026310	0.478580	0.102148	-0.030547	0.651656
1782912360.936467	0.423506	0.490939	1.563042	0.009715	-0.035526	0.481611	0.099972	-0.027217	0.614335
1782912360.956515	0.425008	0.490889	1.576869	0.010121	-0.037351	0.482840	0.080042	-0.009764	0.548800
1782912360.976209	0.425773	0.490897	1.582932	0.005926	-0.035678	0.485261	0.057563	-0.006720	0.476717
1782912360.996115	0.426988	0.490601	1.593956	0.009819	-0.036002	0.484927	0.035349	0.001692	0.420383
1782912361.016383	0.427552	0.490558	1.602981	0.008715	-0.030298	0.484022	0.014670	-0.000021	0.342820
1782912361.036585	0.428075	0.489933	1.610033	0.010870	-0.025209	0.481172	-0.003877	-0.001363	0.267973
1782912361.057875	0.427777	0.489630	1.614680	0.016385	-0.019632	0.482742	-0.027043	-0.000952	0.172770
1782912361.076832	0.427513	0.489422	1.616252	0.010672	-0.013221	0.482236	-0.035871	-0.012332	0.090947
1782912361.096375	0.426873	0.488743	1.617369	0.010172	-0.005475	0.483102	-0.059167	-0.007707	-0.009712
1782912361.115784	0.426029	0.487949	1.616170	0.011571	0.004306	0.481918	-0.063587	-0.016605	-0.104798
1782912361.136722	0.424731	0.487273	1.612352	0.008312	0.012237	0.483002	-0.066671	-0.023069	-0.186774
1782912361.156729	0.423459	0.486357	1.606237	0.010632	0.021899	0.484670	-0.079477	-0.020991	-0.298323
1782912361.177328	0.422726	0.485839	1.602008	0.011032	0.023516	0.482078	-0.074680	-0.029078	-0.390756
1782912361.200243	0.421284	0.484904	1.592583	0.012029	0.032893	0.485698	-0.073278	-0.034140	-0.480640
1782912361.225101	0.418723	0.483335	1.573411	0.008638	0.045576	0.487178	-0.062991	-0.039213	-0.681440
1782912361.241455	0.417064	0.482394	1.557424	0.011175	0.051605	0.487090	-0.049452	-0.044112	-0.784327
1782912361.255962	0.416019	0.481824	1.548655	0.009493	0.056599	0.488297	-0.049452	-0.044112	-0.784327
1782912361.278065	0.415354	0.481371	1.539153	0.005382	0.059882	0.487868	-0.039101	-0.048630	-0.875676
1782912361.296141	0.413631	0.480382	1.518680	0.005958	0.066576	0.488523	-0.030548	-0.050096	-0.949375
1782912361.317146	0.411602	0.479638	1.496502	0.006317	0.070122	0.490427	-0.015249	-0.050221	-1.008489
1782912361.336062	0.410109	0.478555	1.473096	0.005915	0.072757	0.488133	0.001073	-0.051314	-1.039035
1782912361.359809	0.409212	0.478241	1.461278	0.002737	0.076151	0.488454	0.004097	-0.043640	-1.044535
1782912361.381011	0.406743	0.477152	1.426515	0.005501	0.078480	0.486005	0.014970	-0.041513	-0.987156
1782912361.395710	0.406247	0.476890	1.415408	0.004037	0.078623	0.484499	0.017771	-0.034588	-0.916992
1782912361.416281	0.405246	0.476540	1.395416	0.004946	0.075300	0.482950	0.024924	-0.028662	-0.815595
1782912361.436004	0.404333	0.476140	1.378138	0.004768	0.075135	0.480465	0.031745	-0.014380	-0.692824
1782912361.456636	0.403829	0.476506	1.364288	0.002462	0.074053	0.477048	0.029880	-0.009340	-0.566821
1782912361.476599	0.403633	0.476565	1.358579	0.006357	0.072774	0.474325	0.040644	0.011403	-0.404229
1782912361.496301	0.403679	0.477228	1.350006	-0.000792	0.072571	0.472111	0.038765	0.005422	-0.278134
1782912361.516133	0.403988	0.477829	1.345353	0.007472	0.068632	0.468740	0.047299	0.031383	-0.125923
1782912361.536396	0.404447	0.478990	1.342875	-0.004858	0.068551	0.463143	0.048154	0.028207	-0.013960
1782912361.555871	0.405365	0.479588	1.344292	0.009529	0.060373	0.461357	0.044586	0.020441	0.071672
1782912361.576133	0.405770	0.480463	1.345515	0.002824	0.063899	0.458002	0.052379	0.060533	0.173997
1782912361.595933	0.406739	0.481874	1.349950	-0.002687	0.058707	0.457374	0.050717	0.044049	0.185840
1782912361.618676	0.407707	0.483038	1.356193	0.007961	0.050365	0.452528	0.050912	0.052785	0.268182
1782912361.636270	0.408778	0.484891	1.363374	0.000852	0.041624	0.450188	0.062334	0.063317	0.324710
1782912361.656183	0.409391	0.485096	1.367961	0.005166	0.034111	0.448723	0.051460	0.036242	0.312884
1782912361.676402	0.410352	0.486646	1.376895	0.009687	0.019563	0.445799	0.064799	0.073569	0.380389
1782912361.696062	0.411312	0.488280	1.386406	0.005261	0.009390	0.445983	0.066329	0.042875	0.389608
1782912361.715981	0.412666	0.489508	1.396861	0.012920	0.001603	0.445122	0.080241	0.057003	0.477828
1782912361.737968	0.413900	0.491214	1.407660	0.005972	-0.000967	0.446524	0.084597	0.048705	0.478262
1782912361.756635	0.414669	0.491631	1.413634	0.007883	-0.003440	0.444435	0.074080	0.030004	0.482234
1782912361.776048	0.416200	0.493142	1.425879	0.009485	-0.006304	0.446901	0.088329	0.049863	0.536420
1782912361.796156	0.417813	0.494348	1.438728	0.007352	-0.011415	0.447292	0.085869	0.030226	0.544659
1782912361.816645	0.419333	0.495711	1.452165	0.013314	-0.014405	0.445295	0.093124	0.049565	0.606256
1782912361.836888	0.420999	0.497020	1.466215	0.010683	-0.013498	0.447465	0.092821	0.037278	0.599297
1782912361.856518	0.422687	0.498071	1.480636	0.014735	-0.015631	0.447946	0.095878	0.037225	0.616905
1782912361.876120	0.423461	0.498561	1.487867	0.009299	-0.015466	0.450116	0.092332	0.018332	0.596249
1782912361.895991	0.425207	0.499455	1.502298	0.015525	-0.020578	0.452452	0.101224	0.003814	0.601443
1782912361.916031	0.427149	0.500070	1.515854	0.011762	-0.019314	0.456829	0.095683	0.001860	0.584271
1782912361.939956	0.429164	0.500270	1.528637	0.018375	-0.019812	0.464096	0.091709	-0.023313	0.529913
1782912361.958025	0.430843	0.500554	1.540347	0.013072	-0.019589	0.469207	0.084886	-0.023853	0.496651
1782912361.976376	0.431928	0.500830	1.545438	0.014828	-0.019668	0.473222	0.080818	-0.031883	0.387152
1782912361.996151	0.433571	0.500568	1.554605	0.014478	-0.024249	0.477244	0.069447	-0.027201	0.293300
1782912362.016486	0.435190	0.500678	1.561234	0.016035	-0.025080	0.482039	0.057024	-0.027904	0.205245
1782912362.036004	0.436335	0.500638	1.565925	0.009239	-0.024481	0.482729	0.041186	-0.019910	0.121819
1782912362.057053	0.437138	0.500719	1.568009	0.012229	-0.024793	0.484071	0.030741	-0.019557	0.043774
1782912362.079024	0.437629	0.500742	1.568238	0.013676	-0.020656	0.483815	0.014183	-0.018785	-0.034874
1782912362.109936	0.438225	0.500591	1.565492	0.012726	-0.014591	0.484137	-0.004512	-0.012802	-0.129557
1782912362.139473	0.438231	0.500495	1.554437	0.009086	0.002646	0.484587	-0.019969	-0.020857	-0.300205
1782912362.157152	0.438336	0.500390	1.550014	0.005158	0.006979	0.484528	-0.021223	-0.019637	-0.347384
1782912362.179061	0.437717	0.500299	1.539510	0.012231	0.013104	0.485919	-0.025345	-0.026373	-0.437493
1782912362.198036	0.437445	0.500157	1.533680	0.002951	0.019433	0.487379	-0.030819	-0.028195	-0.588222
1782912362.217531	0.436774	0.499697	1.519365	0.012096	0.021548	0.489537	-0.029720	-0.036132	-0.636824
1782912362.237178	0.435961	0.499263	1.502939	0.009768	0.030173	0.490376	-0.032766	-0.042365	-0.769872
1782912362.258099	0.434974	0.498747	1.484556	0.003614	0.037386	0.492257	-0.019147	-0.050238	-0.859532
1782912362.277801	0.434354	0.498638	1.474626	0.007872	0.040573	0.494316	-0.019424	-0.049009	-0.915271
1782912362.298494	0.433611	0.497981	1.453388	0.007175	0.047528	0.496607	-0.011813	-0.049111	-0.957365
1782912362.322073	0.432107	0.497137	1.420738	0.009531	0.050220	0.496957	-0.005364	-0.054502	-0.949999
1782912362.339524	0.431028	0.496359	1.399956	0.004415	0.053682	0.500040	-0.004464	-0.052171	-0.918626
1782912362.357630	0.430585	0.496088	1.390038	0.005700	0.054490	0.499299	-0.002663	-0.049343	-0.845229
1782912362.377590	0.430214	0.495611	1.380648	0.005881	0.055588	0.499871	-0.002947	-0.041833	-0.725795
1782912362.397480	0.429389	0.495058	1.364255	0.004689	0.054704	0.500263	-0.006379	-0.041003	-0.608684
1782912362.417627	0.428730	0.494577	1.350893	0.004421	0.056992	0.498442	-0.003400	-0.018403	-0.464482
1782912362.437858	0.428273	0.494067	1.341268	0.007453	0.055257	0.499201	-0.005317	-0.029238	-0.330710
1782912362.459777	0.427803	0.494098	1.333210	0.003083	0.059474	0.496214	0.001972	-0.000122	-0.181579
1782912362.478993	0.427803	0.494098	1.333210	0.003083	0.059474	0.496214	0.005151	-0.012160	-0.091224
1782912362.498434	0.428135	0.493528	1.332322	0.014949	0.052794	0.498074	0.000670	-0.004748	0.059941
1782912362.517425	0.428103	0.493991	1.333637	0.004673	0.056546	0.495511	0.021931	0.014452	0.155565
1782912362.537624	0.428623	0.494219	1.337744	0.010250	0.053515	0.496958	0.010198	-0.011411	0.222683
1782912362.557913	0.429297	0.494640	1.343948	0.006308	0.051162	0.497800	0.025257	0.032490	0.303089
1782912362.577147	0.429589	0.494908	1.347431	0.002297	0.048327	0.497227	0.024642	0.009725	0.330478
1782912362.598850	0.430566	0.494975	1.356162	0.016213	0.037697	0.496109	0.039085	0.018386	0.384542
1782912362.619041	0.431404	0.496076	1.365514	0.005786	0.034107	0.495167	0.047147	0.038972	0.419891
1782912362.636340	0.432464	0.496098	1.375738	0.016882	0.026842	0.495188	0.043782	0.000787	0.450983
1782912362.656763	0.433866	0.497037	1.387266	0.013956	0.015963	0.497690	0.056505	0.036423	0.502148
1782912362.676884	0.434224	0.497453	1.393330	0.006200	0.009357	0.497490	0.045607	0.012312	0.525499
1782912362.700053	0.435042	0.497057	1.407874	0.022403	-0.024427	0.499936	0.045796	-0.006083	0.556334
1782912362.717173	0.435543	0.496593	1.423225	0.035152	-0.056313	0.502954	0.058397	0.011750	0.615908
1782912362.736928	0.436157	0.495318	1.439739	0.057852	-0.089154	0.504478	0.051184	-0.021975	0.626413
1782912362.756623	0.436300	0.493035	1.456951	0.080319	-0.120899	0.506285	0.044118	0.002603	0.692841
1782912362.776338	0.436337	0.491974	1.465746	0.082717	-0.132551	0.506843	0.039538	-0.014757	0.714973
1782912362.796171	0.436122	0.488754	1.483773	0.105473	-0.158021	0.505511	0.028402	-0.019828	0.760371
1782912362.816509	0.435642	0.485155	1.501906	0.113473	-0.177979	0.507786	0.006503	-0.025011	0.777285
1782912362.836127	0.434511	0.479984	1.520553	0.128536	-0.197546	0.506481	-0.023825	-0.062630	0.802008
1782912362.856232	0.433100	0.474100	1.538817	0.133682	-0.211525	0.506957	-0.047250	-0.070085	0.834862
1782912362.876788	0.431982	0.470539	1.548095	0.139910	-0.220941	0.509229	-0.086317	-0.117001	0.848472
1782912362.896728	0.429343	0.462619	1.566315	0.150699	-0.234212	0.511863	-0.136148	-0.132311	0.846786
1782912362.916891	0.426186	0.453588	1.583310	0.148412	-0.243665	0.519534	-0.187090	-0.189519	0.820733
1782912362.936416	0.422312	0.442673	1.599841	0.151119	-0.254749	0.530982	-0.244777	-0.203331	0.840602
1782912362.956469	0.420026	0.437036	1.607466	0.147176	-0.254770	0.535915	-0.313616	-0.237349	0.828979
1782912362.976742	0.414934	0.424504	1.622427	0.148169	-0.259010	0.546933	-0.374929	-0.267057	0.825891
1782912362.996568	0.408844	0.411028	1.636053	0.136432	-0.255251	0.558563	-0.453617	-0.275039	0.797163
1782912363.016900	0.402299	0.396066	1.648452	0.131901	-0.253309	0.569499	-0.520540	-0.304971	0.750330
1782912363.036633	0.394814	0.380409	1.659168	0.123865	-0.243367	0.577392	-0.587281	-0.303721	0.745656
1782912363.056869	0.386434	0.363947	1.668746	0.117974	-0.233075	0.583973	-0.652956	-0.324959	0.696399
1782912363.077959	0.382235	0.355439	1.672881	0.116481	-0.221291	0.585136	-0.710924	-0.329501	0.655707
1782912363.096411	0.373087	0.338098	1.679917	0.106958	-0.204986	0.589705	-0.771777	-0.342693	0.579850
1782912363.117928	0.363470	0.320107	1.685288	0.098771	-0.183299	0.592229	-0.828272	-0.358518	0.513820
1782912363.136422	0.353433	0.301864	1.688651	0.092038	-0.159914	0.591694	-0.884036	-0.366518	0.412000
1782912363.156292	0.342963	0.283016	1.689883	0.085792	-0.137365	0.590908	-0.915216	-0.389730	0.317296
1782912363.180150	0.337524	0.273471	1.689633	0.081716	-0.126031	0.590519	-0.948878	-0.409613	0.227620
1782912363.199748	0.326647	0.254383	1.687600	0.073897	-0.103020	0.586850	-0.990159	-0.416083	0.105315
1782912363.216618	0.315513	0.234920	1.683369	0.062547	-0.076781	0.583708	-0.996826	-0.439375	0.002240
1782912363.236914	0.304255	0.215511	1.676773	0.051678	-0.054713	0.580659	-1.014528	-0.448753	-0.110463
1782912363.256304	0.292652	0.195948	1.667603	0.041426	-0.033362	0.576661	-1.017842	-0.462536	-0.228194
1782912363.276517	0.286896	0.186171	1.662337	0.038862	-0.021340	0.573579	-1.026374	-0.470589	-0.345567
1782912363.297715	0.275087	0.166532	1.649720	0.024138	-0.001472	0.567522	-1.012573	-0.481796	-0.471305
1782912363.318173	0.263355	0.146814	1.635239	0.012393	0.018200	0.562066	-1.006978	-0.481494	-0.592865
1782912363.336797	0.251440	0.127556	1.617794	-0.002111	0.035249	0.556264	-0.991162	-0.480728	-0.711365
1782912363.356389	0.239717	0.108044	1.598055	-0.014180	0.051651	0.548237	-0.965759	-0.479124	-0.835547
1782912363.376837	0.233922	0.098497	1.587280	-0.019813	0.060326	0.544151	-0.938347	-0.476777	-0.949365
1782912363.397123	0.222102	0.079753	1.564114	-0.030502	0.072080	0.536459	-0.915688	-0.465148	-1.072028
1782912363.416283	0.210695	0.060997	1.538505	-0.039225	0.083804	0.530505	-0.876326	-0.457976	-1.182671
1782912363.436381	0.198942	0.042609	1.510856	-0.052574	0.095202	0.521622	-0.844872	-0.441415	-1.295688
1782912363.456528	0.187486	0.024429	1.480283	-0.059446	0.101596	0.513635	-0.806680	-0.428801	-1.410875
1782912363.476095	0.181723	0.015596	1.464400	-0.061572	0.105629	0.509774	-0.771760	-0.411410	-1.517373
1782912363.496239	0.170657	-0.001851	1.430692	-0.075455	0.111631	0.500762	-0.740615	-0.394228	-1.629162
1782912363.516645	0.159398	-0.018861	1.394668	-0.081050	0.115981	0.492845	-0.705043	-0.377843	-1.729750
1782912363.536456	0.148336	-0.035477	1.356479	-0.090027	0.118937	0.484880	-0.671290	-0.353674	-1.837045
1782912363.556940	0.142953	-0.043576	1.336090	-0.092901	0.121396	0.479707	-0.638552	-0.332125	-1.922823
1782912363.578468	0.132231	-0.059534	1.294650	-0.096703	0.121274	0.471457	-0.610209	-0.304510	-1.983637
1782912363.598037	0.121764	-0.074684	1.252553	-0.105979	0.123614	0.461026	-0.570077	-0.282017	-1.979688
1782912363.616640	0.111462	-0.088966	1.210729	-0.104445	0.121191	0.453373	-0.545409	-0.254458	-1.940712
1782912363.636368	0.101668	-0.102120	1.170241	-0.111506	0.117704	0.441684	-0.524672	-0.213688	-1.850734
1782912363.657499	0.092069	-0.113872	1.132588	-0.116781	0.113546	0.429923	-0.489978	-0.185677	-1.732676
1782912363.676256	0.087637	-0.119076	1.114885	-0.121590	0.112590	0.424107	-0.464232	-0.150964	-1.593843
1782912363.696360	0.083408	-0.123998	1.098196	-0.117110	0.110241	0.420438	-0.439121	-0.108413	-1.436372
1782912363.717730	0.071282	-0.136142	1.054054	-0.124141	0.106445	0.401748	-0.408987	-0.079078	-1.254266
1782912363.737447	0.063987	-0.142437	1.030425	-0.119289	0.101771	0.390072	-0.388686	-0.045118	-1.068284
1782912363.756712	0.057169	-0.146543	1.011118	-0.128643	0.097333	0.376651	-0.356293	-0.010422	-0.866029
1782912363.777081	0.053882	-0.147956	1.003519	-0.123971	0.092608	0.370997	-0.336086	0.010660	-0.680733
1782912363.796329	0.047868	-0.150039	0.991546	-0.117370	0.089042	0.359136	-0.303953	0.063655	-0.477650
1782912363.816549	0.042472	-0.150199	0.984195	-0.120219	0.084859	0.347525	-0.299065	0.069835	-0.330420
1782912363.836624	0.037319	-0.149666	0.981710	-0.101238	0.074238	0.337923	-0.275004	0.112617	-0.146434
1782912363.856621	0.032473	-0.146813	0.981891	-0.109959	0.073503	0.328799	-0.249340	0.132465	-0.014109
1782912363.878874	0.028168	-0.143982	0.985944	-0.090425	0.064049	0.320171	-0.244387	0.135037	0.092608
1782912363.896549	0.026156	-0.141741	0.988403	-0.094891	0.062693	0.315786	-0.221866	0.185801	0.172346
1782912363.916547	0.021971	-0.136879	0.996030	-0.099922	0.058467	0.307021	-0.205680	0.182465	0.240329
1782912363.936723	0.018289	-0.131966	1.005763	-0.084709	0.052391	0.303283	-0.172201	0.216543	0.369433
1782912363.956428	0.015037	-0.125729	1.016432	-0.083264	0.047578	0.297321	-0.170957	0.218681	0.394579
1782912363.976409	0.013517	-0.122895	1.022934	-0.072491	0.044794	0.294105	-0.149044	0.231885	0.471778
1782912363.996933	0.010703	-0.116243	1.035890	-0.068626	0.042622	0.290395	-0.131790	0.239636	0.505758
1782912364.016504	0.007758	-0.109643	1.050515	-0.055005	0.034988	0.287728	-0.123944	0.246789	0.523049
1782912364.036457	0.005149	-0.102588	1.065331	-0.051934	0.034006	0.285156	-0.112191	0.261172	0.549615
1782912364.056626	0.002693	-0.095625	1.080726	-0.041089	0.027793	0.282613	-0.098318	0.262117	0.529606
1782912364.076500	0.001574	-0.091955	1.088084	-0.037309	0.026457	0.285762	-0.087086	0.279406	0.492859
1782912364.098431	-0.000752	-0.084718	1.101941	-0.025466	0.022025	0.282524	-0.076351	0.278235	0.432364
1782912364.116357	-0.003012	-0.077314	1.114993	-0.017447	0.016293	0.283258	-0.078213	0.284213	0.412761
1782912364.136369	-0.005308	-0.069989	1.126098	-0.008165	0.012608	0.282399	-0.057464	0.282895	0.301853
1782912364.157000	-0.007450	-0.062900	1.135161	0.001377	0.007719	0.283006	-0.061599	0.293871	0.217398
1782912364.176778	-0.009586	-0.055655	1.142301	0.004974	0.004067	0.281784	-0.049788	0.291784	0.129207
1782912364.230428	-0.015232	-0.037794	1.149665	0.026731	-0.003610	0.280648	-0.033362	0.274008	-0.140985
1782912364.254465	-0.017318	-0.030744	1.148657	0.031619	-0.004030	0.282067	-0.041424	0.271790	-0.250263
1782912364.274426	-0.018563	-0.027486	1.146931	0.036792	-0.008199	0.280861	-0.027375	0.261329	-0.315590
1782912364.294568	-0.020614	-0.020619	1.142320	0.038949	-0.007431	0.281988	-0.040465	0.259874	-0.414484
1782912364.314824	-0.022878	-0.013763	1.135443	0.045540	-0.010898	0.283365	-0.026196	0.243118	-0.492628
1782912364.334705	-0.025163	-0.006989	1.126059	0.048189	-0.015009	0.280985	-0.035392	0.239694	-0.589693
1782912364.355361	-0.027314	-0.000299	1.114832	0.051251	-0.013114	0.280809	-0.030610	0.224147	-0.676705
1782912364.374759	-0.029483	0.005892	1.100800	0.055557	-0.015028	0.282092	-0.033287	0.216357	-0.759394
1782912364.394483	-0.030561	0.009189	1.093205	0.048528	-0.013240	0.281215	-0.028023	0.204482	-0.842585
1782912364.416974	-0.032600	0.015464	1.076130	0.058637	-0.014244	0.279208	-0.025353	0.194995	-0.876527
1782912364.434680	-0.034865	0.021395	1.058121	0.057234	-0.013044	0.278951	-0.027384	0.186777	-0.912482
1782912364.454983	-0.036991	0.026817	1.039770	0.058605	-0.013176	0.278181	-0.026089	0.176976	-0.899746
1782912364.475193	-0.039256	0.032486	1.021719	0.060275	-0.013755	0.276725	-0.031378	0.169190	-0.845813
1782912364.495358	-0.040289	0.034862	1.013457	0.060194	-0.014133	0.275492	-0.026992	0.164883	-0.786205
1782912364.514680	-0.042289	0.039365	0.998130	0.056869	-0.015236	0.272924	-0.023879	0.158884	-0.660548
1782912364.534807	-0.044421	0.043490	0.985396	0.059048	-0.014596	0.270485	-0.024019	0.146793	-0.545777
1782912364.554316	-0.046146	0.047381	0.975731	0.057587	-0.013688	0.270114	-0.023774	0.149600	-0.408440
1782912364.574341	-0.047178	0.048927	0.972071	0.060153	-0.013661	0.267385	-0.030591	0.134995	-0.298394
1782912364.594130	-0.049058	0.051639	0.967072	0.061550	-0.014915	0.266202	-0.019885	0.150718	-0.171302
1782912364.614148	-0.050642	0.054101	0.964517	0.058049	-0.013389	0.263111	-0.021653	0.117533	-0.085084
1782912364.634291	-0.052250	0.056096	0.964909	0.064358	-0.013455	0.261116	-0.013381	0.134466	0.024746
1782912364.654793	-0.053864	0.057797	0.966723	0.056687	-0.011073	0.259519	-0.011202	0.113633	0.104373
1782912364.675200	-0.054572	0.058141	0.968927	0.060705	-0.012295	0.259644	-0.015684	0.112345	0.182841
1782912364.694460	-0.055889	0.059339	0.974229	0.052569	-0.009635	0.257611	-0.008944	0.106751	0.239231
1782912364.714777	-0.057260	0.059548	0.980914	0.056773	-0.010058	0.256687	-0.011494	0.085955	0.291090
1782912364.734771	-0.057897	0.059587	0.984632	0.061625	-0.011778	0.255159	-0.006044	0.094844	0.352311
1782912364.754384	-0.059662	0.059547	0.997777	0.055145	-0.011972	0.254779	-0.010218	0.070444	0.374879
1782912364.774459	-0.060156	0.059126	1.002885	0.056039	-0.012793	0.253263	-0.010016	0.075293	0.425129
1782912364.796553	-0.061347	0.058590	1.012650	0.049523	-0.012913	0.252251	-0.005934	0.054635	0.409065
1782912364.814430	-0.062425	0.057570	1.022742	0.052808	-0.014534	0.250858	-0.010155	0.051333	0.394395
1782912364.834565	-0.063483	0.056357	1.031749	0.046533	-0.015000	0.250030	-0.010286	0.040150	0.352626
1782912364.855393	-0.064566	0.055054	1.039825	0.050958	-0.014296	0.247633	-0.008679	0.025899	0.299470
1782912364.874428	-0.065226	0.054354	1.043125	0.046787	-0.013128	0.247727	-0.004732	0.013714	0.237402
1782912364.894449	-0.066370	0.052775	1.048442	0.044515	-0.012390	0.244873	-0.016832	0.004245	0.164307
1782912364.914948	-0.067332	0.051078	1.052075	0.044211	-0.012467	0.244537	-0.019523	-0.005193	0.077766
1782912364.935099	-0.068663	0.049423	1.053289	0.043933	-0.011098	0.243882	-0.014390	-0.020651	0.002151
1782912364.954938	-0.069874	0.047588	1.052401	0.037832	-0.009720	0.241068	-0.025232	-0.026263	-0.089922
1782912364.974513	-0.070338	0.046443	1.050944	0.032549	-0.010166	0.240736	-0.018433	-0.040952	-0.174437
1782912364.994534	-0.071638	0.044520	1.046675	0.035060	-0.009456	0.239646	-0.029829	-0.045775	-0.269129
1782912365.014867	-0.072975	0.042387	1.040175	0.029494	-0.006901	0.238046	-0.022961	-0.060870	-0.353919
1782912365.035268	-0.074610	0.040195	1.031152	0.027780	-0.004938	0.240095	-0.028872	-0.065455	-0.434480
1782912365.055077	-0.075215	0.039052	1.025989	0.024619	-0.004554	0.240837	-0.029644	-0.073147	-0.519624
1782912365.074516	-0.076617	0.036879	1.013972	0.017485	-0.001957	0.241072	-0.021500	-0.079801	-0.569057
1782912365.094447	-0.077887	0.034654	1.000542	0.015317	-0.002505	0.240455	-0.030289	-0.081884	-0.611892
1782912365.114757	-0.079587	0.032104	0.986323	0.014706	-0.001855	0.239711	-0.028207	-0.086879	-0.611005
1782912365.135154	-0.080925	0.029589	0.972344	0.007815	0.000130	0.238867	-0.030236	-0.088158	-0.591708
1782912365.154821	-0.081507	0.028232	0.965514	0.003831	0.000599	0.239947	-0.031237	-0.088175	-0.551306
1782912365.174288	-0.083269	0.025817	0.952911	0.003879	-0.000308	0.237656	-0.028700	-0.085339	-0.475662
1782912365.194335	-0.084826	0.022847	0.941862	-0.002460	0.000787	0.237031	-0.034534	-0.085990	-0.391923
1782912365.214427	-0.086120	0.020203	0.933174	-0.002063	0.001140	0.236622	-0.027365	-0.085049	-0.286480
1782912365.234808	-0.087681	0.017210	0.926886	-0.010699	0.000621	0.236287	-0.031126	-0.077466	-0.188761
1782912365.255247	-0.089081	0.014494	0.923246	-0.015114	0.001355	0.235862	-0.024193	-0.075502	-0.096127
1782912365.274457	-0.089735	0.013037	0.922310	-0.017534	0.003101	0.234510	-0.021397	-0.073257	-0.008309
1782912365.294198	-0.091088	0.010188	0.921425	-0.016504	0.003919	0.233620	-0.027533	-0.069689	0.047908
1782912365.314470	-0.092367	0.007411	0.922229	-0.021030	0.004853	0.233557	-0.018117	-0.067022	0.089890
1782912365.334918	-0.093642	0.004977	0.923855	-0.015888	0.003424	0.234272	-0.022181	-0.066176	0.110055
1782912365.354781	-0.094861	0.002518	0.925802	-0.016601	0.004554	0.231825	-0.016555	-0.063363	0.117248
1782912365.374887	-0.095451	0.000992	0.926895	-0.016025	0.005461	0.233382	-0.011500	-0.063846	0.095031
1782912365.394959	-0.096517	-0.001296	0.928180	-0.016474	0.006692	0.231575	-0.008391	-0.063851	0.062749
1782912365.414643	-0.097685	-0.003555	0.928425	-0.022831	0.006559	0.230066	-0.009278	-0.062882	0.021047
1782912365.434855	-0.098938	-0.005707	0.928016	-0.020248	0.007978	0.230445	-0.013114	-0.059886	-0.034709
1782912365.455297	-0.099338	-0.006653	0.927125	-0.022858	0.006279	0.228439	-0.007308	-0.063208	-0.077763
1782912365.475163	-0.100645	-0.008723	0.924761	-0.022196	0.009853	0.228735	-0.006648	-0.061401	-0.122925
1782912365.494995	-0.101819	-0.010806	0.921312	-0.019925	0.007874	0.227733	-0.012536	-0.054849	-0.167326
1782912365.514899	-0.102851	-0.012848	0.917165	-0.024469	0.008173	0.227815	-0.008738	-0.056277	-0.185999
1782912365.535118	-0.103682	-0.014615	0.912444	-0.024955	0.006973	0.225828	-0.006122	-0.053934	-0.192382
1782912365.555310	-0.104882	-0.016311	0.907690	-0.023819	0.007063	0.223864	-0.004407	-0.051473	-0.185833
1782912365.575662	-0.105320	-0.017241	0.905210	-0.022251	0.009436	0.223651	0.001485	-0.053042	-0.166128
1782912365.594449	-0.106126	-0.018641	0.900880	-0.021670	0.007656	0.223510	0.005993	-0.049511	-0.139212
1782912365.614876	-0.106994	-0.020154	0.897672	-0.026269	0.009966	0.220564	0.016303	-0.046403	-0.105393
1782912365.636345	-0.107504	-0.021331	0.895069	-0.025370	0.010395	0.219299	0.009789	-0.037134	-0.065926
1782912365.654681	-0.108293	-0.022517	0.893437	-0.023856	0.007668	0.217326	0.020542	-0.038541	-0.010843
1782912365.674276	-0.108717	-0.023087	0.893210	-0.024251	0.007432	0.217615	0.022247	-0.030631	0.018299
1782912365.694876	-0.109154	-0.024126	0.893585	-0.025324	0.009311	0.215647	0.023568	-0.026535	0.065663
1782912365.715228	-0.109586	-0.024790	0.894667	-0.027460	0.008239	0.213819	0.025624	-0.021584	0.094817
1782912365.735122	-0.109896	-0.025512	0.896167	-0.027978	0.006577	0.211203	0.035258	-0.019429	0.107847
1782912365.754816	-0.110221	-0.025911	0.897919	-0.026635	0.006763	0.211950	0.036400	-0.012152	0.097079
1782912365.774303	-0.110460	-0.026026	0.898999	-0.023316	0.003937	0.209007	0.035451	-0.005009	0.092789
1782912365.794336	-0.110832	-0.026364	0.900789	-0.027376	0.006475	0.207716	0.036266	-0.000330	0.086835
1782912365.815264	-0.111093	-0.026748	0.902216	-0.022231	0.002250	0.205023	0.037530	0.004094	0.067327
1782912365.835953	-0.111437	-0.026574	0.903130	-0.024716	0.004398	0.202864	0.038385	0.006249	0.047967
1782912365.854031	-0.111654	-0.026401	0.903361	-0.020489	0.003119	0.199577	0.044053	0.003648	0.034397
1782912365.874249	-0.111671	-0.026349	0.903204	-0.022146	0.004089	0.199510	0.042075	0.008987	0.009850
1782912365.894382	-0.112095	-0.026119	0.902707	-0.017855	0.003476	0.197432	0.048260	0.008754	-0.033817
1782912365.914953	-0.112307	-0.025680	0.901104	-0.016658	0.001425	0.197944	0.045159	0.012832	-0.055519
1782912365.934368	-0.112503	-0.025221	0.899275	-0.019310	0.002712	0.195178	0.042705	0.013643	-0.065707
1782912365.955806	-0.112715	-0.024828	0.896725	-0.016023	0.002763	0.192713	0.042797	0.015973	-0.080346
1782912365.974405	-0.112908	-0.024503	0.895336	-0.019235	0.002638	0.193540	0.045042	0.016354	-0.083429
1782912365.994553	-0.113057	-0.023835	0.892882	-0.014881	0.004520	0.190261	0.041124	0.019348	-0.088116
1782912366.014937	-0.113260	-0.023289	0.890290	-0.014251	0.004127	0.189591	0.042835	0.022534	-0.080549
1782912366.034593	-0.113588	-0.022534	0.888225	-0.010546	0.002469	0.187072	0.039861	0.025436	-0.054432
1782912366.054544	-0.113774	-0.021888	0.886272	-0.013467	0.002147	0.185344	0.045237	0.023797	-0.022165
1782912366.075066	-0.113926	-0.021335	0.885834	-0.012848	0.002714	0.184757	0.041549	0.025553	-0.003859
1782912366.094620	-0.114188	-0.020670	0.885098	-0.012672	0.000777	0.182017	0.037555	0.031561	0.040399
1782912366.114737	-0.114445	-0.019875	0.885412	-0.012582	-0.000749	0.179945	0.042969	0.027055	0.070046
1782912366.135240	-0.114777	-0.019149	0.886222	-0.008337	-0.000739	0.177612	0.043797	0.033502	0.086208
1782912366.155117	-0.114895	-0.018740	0.886855	-0.006983	-0.000083	0.178393	0.043678	0.033475	0.100485
1782912366.175316	-0.115033	-0.017646	0.888528	-0.009441	0.001061	0.174697	0.037710	0.035159	0.116887
1782912366.194523	-0.115217	-0.016833	0.890363	-0.005064	0.001224	0.175593	0.038019	0.036272	0.124426
1782912366.214640	-0.115293	-0.015773	0.892075	-0.005043	-0.002763	0.173139	0.045477	0.034734	0.115774
1782912366.234896	-0.115404	-0.014829	0.893694	-0.003714	-0.000452	0.172213	0.048165	0.034932	0.097678
1782912366.255843	-0.115508	-0.013785	0.894900	-0.002833	-0.002963	0.169637	0.049687	0.035309	0.073353
1782912366.274663	-0.115497	-0.013448	0.895387	-0.005612	-0.000683	0.169158	0.049944	0.036296	0.051440
1782912366.294536	-0.115837	-0.012327	0.895810	-0.006797	-0.004450	0.166598	0.049730	0.036752	0.029897
1782912366.314520	-0.115845	-0.011312	0.895776	-0.004757	-0.000547	0.166288	0.047647	0.037119	0.008976
1782912366.335528	-0.115852	-0.010280	0.895054	-0.002830	-0.003923	0.161689	0.046613	0.037766	-0.010922
1782912366.354412	-0.115908	-0.009018	0.893856	0.001651	-0.003565	0.162600	0.047255	0.035539	-0.025959
1782912366.374453	-0.115902	-0.008500	0.893244	-0.002735	-0.003093	0.162359	0.050038	0.033654	-0.037439
1782912366.395015	-0.115847	-0.007621	0.891586	-0.003486	-0.002726	0.160459	0.051351	0.033786	-0.046640
1782912366.414566	-0.115995	-0.006272	0.889757	-0.000262	-0.002687	0.159464	0.049662	0.034890	-0.048237
1782912366.434491	-0.115982	-0.005381	0.888066	-0.001913	-0.004225	0.156636	0.042839	0.037533	-0.044992
1782912366.455284	-0.115830	-0.004029	0.886577	-0.003837	-0.002593	0.157059	0.039893	0.037538	-0.018378
1782912366.474386	-0.115964	-0.003559	0.886212	-0.005268	-0.004382	0.154405	0.044527	0.031647	0.009880
1782912366.494471	-0.116021	-0.002723	0.885322	-0.001102	-0.005954	0.153518	0.041536	0.034090	0.016928
1782912366.514933	-0.116031	-0.001761	0.885147	0.001092	-0.008913	0.152050	0.040541	0.034578	0.041276
1782912366.534841	-0.115973	-0.000816	0.885657	-0.001549	-0.007084	0.150779	0.039377	0.032357	0.066222
1782912366.555120	-0.116059	0.000148	0.886435	-0.000470	-0.005247	0.148459	0.036498	0.033712	0.089025
1782912366.574625	-0.116136	0.000637	0.886993	-0.000634	-0.004873	0.147297	0.042135	0.032059	0.094594
1782912366.594922	-0.116130	0.001522	0.888263	0.001726	-0.008512	0.147881	0.035304	0.034478	0.095100
1782912366.615891	-0.116296	0.002232	0.889657	0.003398	-0.007843	0.147595	0.030752	0.032066	0.105645
1782912366.634967	-0.116368	0.003207	0.891347	0.008933	-0.008990	0.145299	0.032319	0.026998	0.108501
1782912366.654932	-0.116452	0.003887	0.892406	0.003477	-0.005568	0.145094	0.034889	0.024037	0.104303
1782912366.674257	-0.116318	0.004249	0.893316	0.003377	-0.005583	0.145331	0.034334	0.022421	0.085864
1782912366.694740	-0.116385	0.005036	0.893996	0.003280	-0.004626	0.143836	0.032335	0.022385	0.065490
1782912366.715373	-0.116558	0.005715	0.894565	0.006360	-0.004419	0.141848	0.031437	0.019064	0.042362
1782912366.734378	-0.116496	0.006203	0.894521	0.008181	-0.002693	0.140510	0.029377	0.017599	0.018317
1782912366.754300	-0.116695	0.006892	0.893745	0.010301	-0.002083	0.140648	0.026870	0.014350	-0.002748
1782912366.774433	-0.116517	0.007041	0.893362	0.009093	-0.001993	0.140670	0.026629	0.011077	-0.018199
1782912366.794278	-0.116719	0.007598	0.892068	0.007416	-0.002009	0.138817	0.027086	0.007337	-0.023579
1782912366.814760	-0.116778	0.008161	0.890588	0.002722	0.000375	0.139971	0.029036	0.003917	-0.023429
1782912366.834398	-0.116723	0.008669	0.889132	0.005362	-0.000246	0.138209	0.029012	0.001685	-0.021790
1782912366.854502	-0.116870	0.009051	0.887841	0.003843	-0.000123	0.137652	0.022838	0.003396	-0.016840
1782912366.874918	-0.116878	0.009287	0.887106	0.007005	-0.000959	0.137201	0.024920	0.002384	-0.002206
1782912366.894901	-0.116960	0.009565	0.886456	0.001327	-0.000532	0.137919	0.026200	-0.003137	0.017583
1782912366.915015	-0.117004	0.009736	0.886281	0.002199	-0.002025	0.137909	0.025536	-0.002987	0.043575
1782912366.934884	-0.116946	0.009838	0.886422	0.000807	-0.001457	0.136914	0.020411	-0.000202	0.046985
1782912366.954734	-0.116985	0.010130	0.886983	-0.001575	0.000889	0.134599	0.019388	0.000015	0.064942
1782912366.974817	-0.117032	0.010270	0.887381	0.003526	-0.000832	0.134827	0.022674	-0.004090	0.088946
1782912366.994532	-0.116965	0.010190	0.888496	-0.000373	0.000815	0.134868	0.027396	-0.008496	0.091449
1782912367.014947	-0.116872	0.010218	0.889737	-0.000390	0.000085	0.133661	0.025934	-0.007838	0.095561
1782912367.034979	-0.116807	0.010359	0.891097	-0.001697	0.002000	0.132358	0.032139	-0.006131	0.089324
1782912367.054799	-0.116576	0.010400	0.892403	0.003103	-0.001089	0.133097	0.035232	-0.009047	0.084233
1782912367.075652	-0.116543	0.010506	0.893095	-0.000187	0.001010	0.131780	0.029606	-0.008045	0.076717
1782912367.094485	-0.116374	0.010578	0.893893	-0.002555	-0.000644	0.130770	0.031320	-0.008645	0.057997
1782912367.114866	-0.116163	0.010580	0.894541	-0.000229	0.000578	0.130127	0.029600	-0.007457	0.046209
1782912367.135316	-0.115908	0.010677	0.894989	0.001742	-0.002420	0.128803	0.028800	-0.008776	0.032133
1782912367.154523	-0.115628	0.010697	0.894741	-0.002012	-0.002373	0.129215	0.030244	-0.010586	0.022176
1782912367.174458	-0.115508	0.010668	0.894599	-0.003696	-0.002461	0.128118	0.033031	-0.012942	0.009658
1782912367.194714	-0.115255	0.010726	0.894072	-0.002678	-0.002542	0.128504	0.032173	-0.013970	-0.003474
1782912367.214947	-0.114966	0.010809	0.893276	0.001735	-0.003426	0.127945	0.030062	-0.014448	-0.015563
1782912367.235497	-0.114751	0.010594	0.892400	0.003730	-0.005028	0.126573	0.026184	-0.013599	-0.021447
1782912367.254460	-0.114580	0.010609	0.891420	-0.002226	-0.003599	0.126033	0.023767	-0.015141	-0.016951
1782912367.274518	-0.114420	0.010660	0.891090	-0.000253	-0.003748	0.125301	0.024579	-0.017775	-0.006290
1782912367.294798	-0.114243	0.010631	0.890241	-0.000675	-0.007568	0.125023	0.029208	-0.021328	0.007904
1782912367.314481	-0.113949	0.010398	0.889707	0.002977	-0.006822	0.124809	0.028271	-0.021964	0.012416
1782912367.334593	-0.113513	0.010461	0.889609	0.000157	-0.006033	0.123145	0.030361	-0.019417	0.020596
1782912367.355558	-0.113422	0.010340	0.890041	0.000366	-0.005410	0.123940	0.030487	-0.020833	0.041047
1782912367.374413	-0.113107	0.010199	0.890549	0.002022	-0.006000	0.123491	0.023430	-0.020006	0.064230
1782912367.394445	-0.112891	0.010141	0.891648	-0.009771	-0.005275	0.120937	0.023035	-0.021182	0.083091
1782912367.414797	-0.112561	0.010050	0.892599	-0.005822	-0.004236	0.120272	0.027746	-0.021780	0.088715
1782912367.435178	-0.112367	0.009920	0.894152	-0.002248	-0.005838	0.120536	0.026108	-0.018784	0.081448
1782912367.454965	-0.112174	0.009795	0.895302	-0.006406	-0.004483	0.119497	0.021363	-0.017329	0.071697
1782912367.474488	-0.111874	0.009777	0.895991	-0.005126	-0.005582	0.118234	0.019785	-0.015869	0.066224
1782912367.496517	-0.111650	0.009547	0.896732	-0.006245	-0.006556	0.118913	0.024918	-0.021815	0.053091
1782912367.515196	-0.111342	0.009622	0.897528	-0.002821	-0.004228	0.117567	0.022603	-0.019933	0.049910
1782912367.534484	-0.110960	0.009524	0.898048	-0.005515	-0.003797	0.117018	0.022852	-0.020752	0.033773
1782912367.554906	-0.110676	0.009400	0.898057	-0.006315	-0.003137	0.115761	0.021066	-0.021530	0.014675
1782912367.575325	-0.110485	0.009359	0.897732	-0.003391	-0.003908	0.115617	0.019661	-0.020540	-0.003477
1782912367.595721	-0.110348	0.009304	0.897414	-0.002462	-0.002447	0.114686	0.025358	-0.025169	-0.022430
1782912367.615558	-0.110216	0.009249	0.896163	-0.002780	-0.004802	0.116509	0.017466	-0.020821	-0.031860
1782912367.634578	-0.109855	0.009177	0.895134	-0.005898	-0.002347	0.115671	0.024604	-0.022762	-0.040500
1782912367.654273	-0.109542	0.009081	0.893957	-0.006079	-0.007081	0.114143	0.015639	-0.022479	-0.029896
1782912367.675174	-0.109314	0.009147	0.892989	0.000853	-0.005782	0.113560	0.014506	-0.019442	-0.029137
1782912367.694798	-0.109073	0.009067	0.892541	-0.004556	-0.005529	0.112623	0.021516	-0.025483	-0.011101
