时间(s)	角速度roll(rad/s)	角速度pitch(rad/s)	角速度yaw(rad/s)	推力
1782912362.619041	0.000000	1.140308	-1.235752	-0.156586
1782912362.636340	0.000000	1.014685	-1.191333	-0.156592
1782912362.656763	0.000000	1.091858	-1.153523	-0.157383
1782912362.676884	0.000000	1.097308	-1.098919	-0.157320
1782912362.700053	0.000000	0.974193	-0.909115	-0.158093
1782912362.717173	0.000000	0.929973	-0.749741	-0.159048
1782912362.736928	0.000000	0.742837	-0.552695	-0.159530
1782912362.756623	0.000000	0.650396	-0.361065	-0.160102
1782912362.776338	0.000000	0.605930	-0.287435	-0.160278
1782912362.796171	0.000000	0.461119	-0.123984	-0.159857
1782912362.816509	0.000000	0.399118	0.026400	-0.160576
1782912362.836127	0.000000	0.240274	0.189840	-0.160164
1782912362.856232	0.000000	0.185658	0.310838	-0.160314
1782912362.876788	0.000000	0.065360	0.430909	-0.161032
1782912362.896728	0.000000	-0.038760	0.593937	-0.161865
1782912362.916891	0.000000	-0.139787	0.738258	-0.164291
1782912362.936416	0.000000	-0.202225	0.904511	-0.167911
1782912362.956469	0.000000	-0.248225	1.022649	-0.169471
1782912362.976742	0.000000	-0.330613	1.158682	-0.172955
1782912362.996568	0.000000	-0.307157	1.280004	-0.176633
1782912363.016900	0.000000	-0.363964	1.393368	-0.180091
1782912363.036633	0.000000	-0.351264	1.463082	-0.182587
1782912363.056869	0.000000	-0.389441	1.531065	-0.184668
1782912363.077959	0.000000	-0.407428	1.568579	-0.185036
1782912363.096411	0.000000	-0.413733	1.596205	-0.186481
1782912363.117928	0.000000	-0.433406	1.587157	-0.187279
1782912363.136422	0.000000	-0.449066	1.568195	-0.187110
1782912363.156292	0.000000	-0.493797	1.514638	-0.186862
1782912363.180150	0.000000	-0.524594	1.517612	-0.186739
1782912363.199748	0.000000	-0.533462	1.478901	-0.185578
1782912363.216618	0.000000	-0.550704	1.365659	-0.184585
1782912363.236914	0.000000	-0.547727	1.294486	-0.183620
1782912363.256304	0.000000	-0.555835	1.204561	-0.182356
1782912363.276517	0.000000	-0.576335	1.163119	-0.181382
1782912363.297715	0.000000	-0.554975	1.054010	-0.179466
1782912363.318173	0.000000	-0.531839	0.959300	-0.177741
1782912363.336797	0.000000	-0.491242	0.863142	-0.175906
1782912363.356389	0.000000	-0.463674	0.754498	-0.173368
1782912363.376837	0.000000	-0.449169	0.673213	-0.172076
1782912363.397123	0.000000	-0.411276	0.595698	-0.169643
1782912363.416283	0.000000	-0.391896	0.490034	-0.167761
1782912363.436381	0.000000	-0.330008	0.399970	-0.164951
1782912363.456528	0.036739	-0.310929	0.326616	-0.162426
1782912363.476095	0.103926	-0.290073	0.259319	-0.161205
1782912363.496239	0.198544	-0.222027	0.198882	-0.158355
1782912363.516645	0.291732	-0.201401	0.140995	-0.155851
1782912363.536456	0.390800	-0.147915	0.093578	-0.153332
1782912363.556940	0.455657	-0.114351	0.037949	-0.151697
1782912363.578468	0.529740	-0.083139	0.016130	-0.149088
1782912363.598037	0.529740	-0.027426	-0.039584	-0.145789
1782912363.616640	0.529740	-0.022872	-0.043235	-0.143369
1782912363.636368	0.529740	0.054696	-0.035537	-0.139673
1782912363.657499	0.529740	0.104333	-0.047355	-0.135953
1782912363.676256	0.529740	0.176950	-0.074239	-0.134115
1782912363.696360	0.529740	0.210283	-0.092621	-0.132954
1782912363.717730	0.529740	0.271187	-0.093364	-0.127044
1782912363.737447	0.529059	0.285242	-0.083793	-0.123352
1782912363.756712	0.471424	0.386111	-0.096461	-0.119108
1782912363.777081	0.404353	0.390989	-0.095409	-0.117320
1782912363.796329	0.335999	0.435746	-0.114402	-0.113569
1782912363.816549	0.284564	0.461713	-0.086586	-0.109897
1782912363.836624	0.210811	0.425231	-0.054188	-0.106861
1782912363.856621	0.154984	0.513713	-0.081266	-0.103975
1782912363.878874	0.104434	0.413278	-0.026052	-0.101247
1782912363.896549	0.067470	0.526919	-0.050784	-0.099860
1782912363.916547	0.028135	0.560904	-0.043969	-0.097089
1782912363.936723	0.000000	0.541354	-0.056122	-0.095907
1782912363.956428	0.000000	0.550591	-0.023543	-0.094021
1782912363.976409	0.000000	0.517378	-0.040271	-0.093004
1782912363.996933	0.000000	0.523007	-0.049938	-0.091831
1782912364.016504	0.000000	0.472111	-0.012850	-0.090988
1782912364.036457	0.000000	0.494027	-0.020711	-0.090174
1782912364.056626	0.000000	0.449532	-0.002674	-0.089370
1782912364.076500	0.000000	0.464620	-0.011001	-0.090366
1782912364.098431	0.000000	0.411597	0.001771	-0.089342
1782912364.116357	0.000000	0.392396	0.042447	-0.089574
1782912364.136369	0.000000	0.353876	0.034487	-0.089302
1782912364.157000	0.000000	0.333518	0.073831	-0.089494
1782912364.176778	0.000000	0.325856	0.079988	-0.089108
1782912364.230428	0.000000	0.213031	0.109290	-0.088749
1782912364.254465	0.018316	0.197387	0.129563	-0.089197
1782912364.274426	0.048192	0.158123	0.132991	-0.088816
1782912364.294568	0.096246	0.158837	0.154681	-0.089173
1782912364.314824	0.138787	0.109237	0.156037	-0.089608
1782912364.334705	0.192823	0.103721	0.199587	-0.088855
1782912364.355361	0.245241	0.075778	0.185789	-0.088800
1782912364.374759	0.299812	0.052384	0.205905	-0.089205
1782912364.394483	0.345490	0.080214	0.189525	-0.088928
1782912364.416974	0.383893	0.021250	0.195407	-0.088293
1782912364.434680	0.424460	0.029010	0.196983	-0.088212
1782912364.454983	0.445063	0.017266	0.200365	-0.087969
1782912364.475193	0.447943	0.007684	0.217393	-0.087508
1782912364.495358	0.434594	0.006393	0.214654	-0.087118
1782912364.514680	0.403498	0.025514	0.220290	-0.086306
1782912364.534807	0.373307	0.002528	0.221651	-0.085535
1782912364.554316	0.329299	0.024132	0.219946	-0.085417
1782912364.574341	0.288260	-0.010942	0.233283	-0.084554
1782912364.594130	0.241956	0.012971	0.227051	-0.084180
1782912364.614148	0.209361	-0.016062	0.224823	-0.083203
1782912364.634291	0.162683	-0.019674	0.215224	-0.082572
1782912364.654793	0.126677	-0.006454	0.201725	-0.082067
1782912364.675200	0.090607	-0.030628	0.217605	-0.082107
1782912364.694460	0.059427	0.009104	0.194380	-0.081464
1782912364.714777	0.028194	-0.048425	0.204031	-0.081172
1782912364.734771	0.000000	-0.061328	0.206291	-0.080688
1782912364.754384	0.000000	-0.064616	0.218188	-0.080568
1782912364.774459	0.000000	-0.062685	0.223623	-0.080089
1782912364.796553	0.000000	-0.060745	0.220275	-0.079769
1782912364.814430	0.000000	-0.087108	0.238816	-0.079328
1782912364.834565	0.000000	-0.072508	0.244044	-0.079067
1782912364.855393	0.000000	-0.123935	0.239835	-0.078309
1782912364.874428	0.000000	-0.121792	0.228195	-0.078338
1782912364.894449	0.000000	-0.127944	0.246410	-0.077436
1782912364.914948	0.017144	-0.145490	0.253412	-0.077329
1782912364.935099	0.047183	-0.172964	0.240190	-0.077122
1782912364.954938	0.087106	-0.151608	0.252854	-0.076232
1782912364.974513	0.124659	-0.148244	0.245270	-0.076127
1782912364.994534	0.170464	-0.174719	0.262837	-0.075783
1782912365.014867	0.215265	-0.172623	0.240045	-0.075277
1782912365.035268	0.261858	-0.175306	0.242243	-0.075925
1782912365.055077	0.304917	-0.172519	0.242682	-0.076159
1782912365.074516	0.342672	-0.147764	0.217701	-0.076234
1782912365.094447	0.379653	-0.143835	0.238069	-0.076038
1782912365.114757	0.399390	-0.154260	0.234765	-0.075803
1782912365.135154	0.411055	-0.122828	0.229808	-0.075536
1782912365.154821	0.403746	-0.103255	0.230088	-0.075878
1782912365.174288	0.389802	-0.104281	0.235020	-0.075153
1782912365.194335	0.370261	-0.075972	0.241843	-0.074956
1782912365.214427	0.338266	-0.082593	0.230976	-0.074827
1782912365.234808	0.306119	-0.027788	0.243585	-0.074720
1782912365.255247	0.272365	-0.005554	0.231174	-0.074586
1782912365.274457	0.236808	0.008618	0.218130	-0.074159
1782912365.294198	0.214451	0.002249	0.226571	-0.073877
1782912365.314470	0.195683	0.026126	0.208678	-0.073857
1782912365.334918	0.184915	-0.007141	0.226313	-0.074083
1782912365.354781	0.179141	-0.003975	0.213394	-0.073310
1782912365.374887	0.186925	-0.011454	0.201272	-0.073802
1782912365.394959	0.198665	-0.014027	0.191560	-0.073230
1782912365.414643	0.215832	0.018630	0.196384	-0.072753
1782912365.434855	0.239825	0.004052	0.197412	-0.072873
1782912365.455297	0.259167	0.011320	0.198437	-0.072239
1782912365.475163	0.281477	0.005898	0.179977	-0.072332
1782912365.494995	0.305001	-0.000917	0.203500	-0.072016
1782912365.514899	0.318707	0.017988	0.197882	-0.072041
1782912365.535118	0.328064	0.020644	0.202263	-0.071413
1782912365.555310	0.332037	0.014431	0.201627	-0.070792
1782912365.575662	0.327270	0.000868	0.179454	-0.070725
1782912365.594449	0.322090	0.000233	0.183978	-0.070680
1782912365.614876	0.312423	0.028076	0.155887	-0.069748
1782912365.636345	0.299530	0.035539	0.165274	-0.069348
1782912365.654681	0.278706	0.021975	0.164894	-0.068724
1782912365.674276	0.266787	0.035919	0.164384	-0.068816
1782912365.694876	0.246366	0.046411	0.152522	-0.068194
1782912365.715228	0.232592	0.065182	0.156204	-0.067616
1782912365.735122	0.225000	0.070041	0.150541	-0.066788
1782912365.754816	0.227043	0.073455	0.148336	-0.067024
1782912365.774303	0.227318	0.066055	0.166481	-0.066094
1782912365.794336	0.227287	0.096047	0.151558	-0.065685
1782912365.815264	0.233461	0.073213	0.174074	-0.064834
1782912365.835953	0.240299	0.091255	0.161238	-0.064151
1782912365.854031	0.245671	0.063357	0.159690	-0.063112
1782912365.874249	0.256202	0.081645	0.157465	-0.063091
1782912365.894382	0.275243	0.057395	0.151749	-0.062433
1782912365.914953	0.286625	0.058264	0.168962	-0.062595
1782912365.934368	0.293490	0.075687	0.166111	-0.061721
1782912365.955806	0.303243	0.061718	0.166148	-0.060941
1782912365.974405	0.306502	0.081318	0.163604	-0.061203
1782912365.994553	0.311941	0.062983	0.159674	-0.060166
1782912366.014937	0.312430	0.065854	0.159551	-0.059954
1782912366.034593	0.304382	0.051247	0.174585	-0.059157
1782912366.054544	0.293592	0.066599	0.168015	-0.058611
1782912366.075066	0.286524	0.067200	0.171182	-0.058425
1782912366.094620	0.268978	0.077542	0.189320	-0.057559
1782912366.114737	0.256083	0.071419	0.189686	-0.056904
1782912366.135240	0.248152	0.059498	0.189014	-0.056166
1782912366.155117	0.241260	0.052673	0.185745	-0.056413
1782912366.175316	0.232006	0.071846	0.189343	-0.055244
1782912366.194523	0.226245	0.050622	0.188322	-0.055528
1782912366.214640	0.227457	0.050352	0.198913	-0.054751
1782912366.234896	0.232766	0.045234	0.181621	-0.054459
1782912366.255843	0.241277	0.043180	0.193627	-0.053644
1782912366.274663	0.249791	0.061347	0.180227	-0.053492
1782912366.294536	0.258239	0.071332	0.202737	-0.052683
1782912366.314520	0.267074	0.062614	0.183998	-0.052585
1782912366.335528	0.276452	0.055032	0.204889	-0.051130
1782912366.354412	0.284460	0.028743	0.201928	-0.051419
1782912366.374453	0.290147	0.051729	0.194666	-0.051342
1782912366.395015	0.296357	0.058178	0.190305	-0.050741
1782912366.414566	0.299613	0.044690	0.193187	-0.050427
1782912366.434491	0.300643	0.060396	0.213086	-0.049533
1782912366.455284	0.291571	0.074356	0.208304	-0.049666
1782912366.474386	0.280219	0.073878	0.211169	-0.048827
1782912366.494471	0.278518	0.056083	0.225133	-0.048547
1782912366.514933	0.268541	0.046575	0.243600	-0.048082
1782912366.534841	0.257344	0.060044	0.234989	-0.047681
1782912366.555120	0.246666	0.058293	0.229465	-0.046947
1782912366.574625	0.243539	0.057608	0.218268	-0.046580
1782912366.594922	0.241530	0.050147	0.250132	-0.046764
1782912366.615891	0.235131	0.038277	0.254168	-0.046674
1782912366.634967	0.231542	0.000696	0.258279	-0.045947
1782912366.654932	0.231806	0.028362	0.234804	-0.045883
1782912366.674257	0.238263	0.027085	0.235503	-0.045958
1782912366.694740	0.245858	0.029342	0.233494	-0.045485
1782912366.715373	0.254767	0.007915	0.234177	-0.044856
1782912366.734378	0.264926	-0.003743	0.227610	-0.044433
1782912366.754300	0.274870	-0.019582	0.228701	-0.044477
1782912366.774433	0.281900	-0.017753	0.228188	-0.044484
1782912366.794278	0.285990	-0.013110	0.227984	-0.043898
1782912366.814760	0.288020	0.009207	0.211367	-0.044263
1782912366.834398	0.289391	-0.008318	0.214818	-0.043705
1782912366.854502	0.289138	0.003972	0.224572	-0.043530
1782912366.874918	0.284031	-0.015124	0.225923	-0.043387
1782912366.894901	0.276640	0.008705	0.221582	-0.043614
1782912366.915015	0.265972	0.004379	0.231252	-0.043611
1782912366.934884	0.264340	0.017084	0.236298	-0.043296
1782912366.954734	0.256005	0.031624	0.224736	-0.042564
1782912366.974817	0.245362	-0.003774	0.229232	-0.042636
1782912366.994532	0.242734	0.010971	0.211976	-0.042649
1782912367.014947	0.239252	0.012208	0.218315	-0.042267
1782912367.034979	0.239948	0.022750	0.197112	-0.041855
1782912367.054799	0.240239	-0.009212	0.209077	-0.042089
1782912367.075652	0.242417	0.011361	0.206300	-0.041673
1782912367.094485	0.249150	0.023989	0.212510	-0.041353
1782912367.114866	0.253184	0.012728	0.207918	-0.041150
1782912367.135316	0.258462	-0.000419	0.225694	-0.040731
1782912367.154523	0.262994	0.017989	0.222430	-0.040861
1782912367.174458	0.268452	0.023628	0.218090	-0.040514
1782912367.194714	0.274712	0.016284	0.219392	-0.040636
1782912367.214947	0.280915	-0.009387	0.227231	-0.040460
1782912367.235497	0.284625	-0.019810	0.242214	-0.040026
1782912367.254460	0.284123	0.011535	0.237673	-0.039855
1782912367.274518	0.280113	-0.003880	0.236832	-0.039624
1782912367.294798	0.275352	-0.007376	0.250549	-0.039536
1782912367.314481	0.274213	-0.029686	0.247190	-0.039468
1782912367.334593	0.270915	-0.009351	0.238303	-0.038942
1782912367.355558	0.261717	-0.013125	0.234356	-0.039193
1782912367.374413	0.251261	-0.021497	0.248578	-0.039051
1782912367.394445	0.241787	0.043446	0.244622	-0.038244
1782912367.414797	0.238080	0.019827	0.230250	-0.038033
1782912367.435178	0.238936	0.004143	0.241610	-0.038117
1782912367.454965	0.241404	0.029878	0.241261	-0.037788
1782912367.474488	0.242729	0.024958	0.249420	-0.037389
1782912367.496517	0.247195	0.021048	0.246035	-0.037604
1782912367.515196	0.247405	0.004848	0.235914	-0.037178
1782912367.534484	0.253447	0.018595	0.232206	-0.037004
1782912367.554906	0.261455	0.021588	0.230753	-0.036607
1782912367.575325	0.269538	0.006506	0.237006	-0.036561
1782912367.595721	0.277947	-0.006487	0.219057	-0.036267
1782912367.615558	0.283675	0.002327	0.245088	-0.036843
1782912367.634578	0.288760	0.016699	0.218625	-0.036578
1782912367.654273	0.285972	0.017976	0.259524	-0.036095
1782912367.675174	0.287021	-0.016282	0.253491	-0.035911
1782912367.694798	0.280081	0.004362	0.240019	-0.035615
