时间(s)	位置x(m)	位置y(m)	位置z(m)	欧拉角roll(rad)	欧拉角pitch(rad)	欧拉角yaw(rad)	速度x(m/s)	速度y(m/s)	速度z(m/s)
1782895885.887416	-0.527554	-0.051902	1.243897	-0.007889	0.000694	0.028205	-0.016021	-0.020384	-0.008649
1782895885.890919	-0.527554	-0.051902	1.243897	-0.007889	0.000694	0.028205	-0.016021	-0.020384	-0.008649
1782895885.895972	-0.527554	-0.051902	1.243897	-0.007889	0.000694	0.028205	-0.016021	-0.020384	-0.008649
1782895885.905932	-0.527746	-0.051823	1.243576	-0.009794	0.003179	0.028185	-0.020773	-0.015005	-0.016999
1782895885.909185	-0.527894	-0.051801	1.243478	-0.009550	0.001930	0.028308	-0.020773	-0.015005	-0.016999
1782895885.919333	-0.528218	-0.051923	1.243285	-0.006928	0.000901	0.028668	-0.014284	-0.020944	-0.008926
1782895885.929255	-0.528560	-0.051831	1.243161	-0.008631	0.002449	0.031867	-0.020431	-0.020392	0.003941
1782895885.939344	-0.528909	-0.051748	1.242984	-0.012078	0.001875	0.036078	-0.020431	-0.020392	0.003941
1782895885.950263	-0.529215	-0.051818	1.243108	-0.010559	0.002085	0.039380	-0.020431	-0.020392	0.003941
1782895885.959924	-0.529476	-0.051692	1.243474	-0.008247	0.000920	0.042737	-0.020209	-0.018193	0.054520
1782895885.969358	-0.529476	-0.051692	1.243474	-0.008247	0.000920	0.042737	-0.025213	-0.008905	0.077356
1782895885.979324	-0.529725	-0.051644	1.243891	-0.011062	0.003342	0.045527	-0.025213	-0.008905	0.077356
1782895885.989304	-0.529972	-0.051543	1.244696	-0.009847	0.003425	0.049628	-0.025213	-0.008905	0.077356
1782895885.999920	-0.530396	-0.051211	1.245907	-0.009172	0.001618	0.052537	-0.019049	-0.011453	0.125258
1782895886.010328	-0.530681	-0.050930	1.246928	-0.012326	0.003023	0.055819	-0.019049	-0.011453	0.125258
1782895886.019549	-0.530926	-0.050694	1.248790	-0.011065	0.004634	0.059869	-0.016064	-0.009376	0.171134
1782895886.029364	-0.531181	-0.050646	1.250510	-0.008869	0.005480	0.062179	-0.016064	-0.009376	0.171134
1782895886.039353	-0.531489	-0.050623	1.252508	-0.012181	0.005500	0.067197	-0.026216	-0.003418	0.195751
1782895886.050273	-0.531874	-0.050234	1.254858	-0.008428	0.004481	0.070516	-0.026216	-0.003418	0.195751
1782895886.060443	-0.532147	-0.050033	1.257226	-0.009627	0.004333	0.074272	-0.021576	-0.006641	0.219959
1782895886.069673	-0.532147	-0.050033	1.257226	-0.009627	0.004333	0.074272	-0.021576	-0.006641	0.219959
1782895886.080229	-0.532386	-0.049891	1.259656	-0.013023	0.006713	0.077488	-0.023300	-0.001058	0.229478
1782895886.089626	-0.532724	-0.049624	1.262282	-0.012890	0.006891	0.080549	-0.015251	-0.002520	0.229903
1782895886.099405	-0.532981	-0.049361	1.264724	-0.009584	0.004514	0.084269	-0.015251	-0.002520	0.229903
1782895886.109666	-0.533262	-0.049195	1.267097	-0.007989	0.004536	0.088275	-0.015251	-0.002520	0.229903
1782895886.121026	-0.533598	-0.048884	1.269569	-0.007285	0.005223	0.090021	-0.020603	0.001619	0.203583
1782895886.129229	-0.533802	-0.048482	1.271864	-0.006412	0.005899	0.093117	-0.020603	0.001619	0.203583
1782895886.139438	-0.534057	-0.048291	1.274147	-0.007490	0.006965	0.097145	-0.026459	0.004003	0.195198
1782895886.150879	-0.534416	-0.048161	1.276320	-0.009697	0.006450	0.100460	-0.026459	0.004003	0.195198
1782895886.159591	-0.534619	-0.047972	1.277895	-0.008133	0.005100	0.105279	-0.021528	-0.000079	0.175695
1782895886.169789	-0.534799	-0.047810	1.279564	-0.005939	0.004591	0.108662	-0.010903	-0.005239	0.136375
1782895886.179737	-0.534799	-0.047810	1.279564	-0.005939	0.004591	0.108662	-0.010903	-0.005239	0.136375
1782895886.189339	-0.534967	-0.047514	1.281143	-0.004446	0.006177	0.110312	-0.010903	-0.005239	0.136375
1782895886.200120	-0.535255	-0.047117	1.282374	-0.007519	0.007828	0.114721	-0.010465	-0.007473	0.099254
1782895886.209347	-0.535569	-0.046935	1.283471	-0.000267	0.004603	0.118577	-0.010465	-0.007473	0.099254
1782895886.219781	-0.535959	-0.046557	1.284308	-0.003683	0.006405	0.123028	-0.014710	-0.004726	0.070689
1782895886.230458	-0.536141	-0.046532	1.284929	-0.010011	0.009189	0.124850	-0.019428	0.001201	0.036429
1782895886.239891	-0.536319	-0.046116	1.285560	-0.007473	0.008010	0.128822	-0.019428	0.001201	0.036429
1782895886.250438	-0.536604	-0.045940	1.285950	-0.003892	0.006195	0.131777	-0.020903	0.003213	0.019658
1782895886.259158	-0.536701	-0.045652	1.286186	-0.004210	0.006090	0.136374	-0.020903	0.003213	0.019658
1782895886.269465	-0.536701	-0.045652	1.286186	-0.004210	0.006090	0.136374	-0.020903	0.003213	0.019658
1782895886.295334	-0.537059	-0.045259	1.286534	-0.003668	0.007923	0.143143	-0.018267	-0.002950	0.006714
1782895886.305721	-0.537059	-0.045259	1.286534	-0.003668	0.007923	0.143143	-0.018267	-0.002950	0.006714
1782895886.308992	-0.537578	-0.044609	1.286733	-0.006581	0.010303	0.150018	-0.018267	-0.002950	0.006714
1782895886.313193	-0.537578	-0.044609	1.286733	-0.006581	0.010303	0.150018	-0.018267	-0.002950	0.006714
1782895886.320950	-0.537819	-0.044381	1.286677	-0.002097	0.007914	0.153750	-0.016743	0.002270	0.010358
1782895886.329795	-0.537918	-0.044229	1.286775	-0.004521	0.008129	0.157140	-0.016743	0.002270	0.010358
1782895886.339992	-0.538012	-0.043980	1.286726	-0.002825	0.007385	0.160641	-0.009867	-0.004562	0.022531
1782895886.350659	-0.538156	-0.043738	1.286737	-0.001208	0.007848	0.163881	-0.010476	0.000664	0.016388
1782895886.359891	-0.538156	-0.043738	1.286737	-0.001208	0.007848	0.163881	-0.010476	0.000664	0.016388
1782895886.370003	-0.538432	-0.043094	1.286987	-0.003451	0.011583	0.172868	-0.005554	-0.001939	0.031098
1782895886.379181	-0.538432	-0.043094	1.286987	-0.003451	0.011583	0.172868	-0.005554	-0.001939	0.031098
1782895886.389095	-0.538508	-0.042902	1.287286	-0.000005	0.010275	0.174631	-0.005554	-0.001939	0.031098
1782895886.399515	-0.538560	-0.042624	1.287506	-0.004694	0.010608	0.177948	-0.002440	-0.004206	0.028303
1782895886.410460	-0.538517	-0.042448	1.287666	-0.002574	0.009655	0.182275	0.000273	-0.000432	0.037286
1782895886.419120	-0.538597	-0.042251	1.287988	-0.003394	0.010825	0.183588	0.000273	-0.000432	0.037286
1782895886.429739	-0.538658	-0.042050	1.288335	-0.004227	0.012442	0.187298	0.004198	-0.005457	0.040435
1782895886.438933	-0.538736	-0.041745	1.288896	-0.001542	0.010215	0.191606	0.004198	-0.005457	0.040435
1782895886.449656	-0.538866	-0.041388	1.289444	-0.001986	0.009458	0.195490	0.004198	-0.005457	0.040435
1782895886.459166	-0.538718	-0.041346	1.289713	-0.000377	0.009145	0.199242	0.006557	-0.000869	0.045232
1782895886.469821	-0.538843	-0.041327	1.290053	-0.000340	0.008494	0.202657	0.008222	-0.004965	0.045721
1782895886.479702	-0.538843	-0.041327	1.290053	-0.000340	0.008494	0.202657	0.008222	-0.004965	0.045721
1782895886.489906	-0.538935	-0.040997	1.290746	0.003093	0.008489	0.205815	0.005221	-0.004090	0.047669
1782895886.499728	-0.538668	-0.040649	1.291194	-0.000728	0.010101	0.209078	0.005221	-0.004090	0.047669
1782895886.509363	-0.538604	-0.040429	1.291625	0.000683	0.010407	0.212262	0.005221	-0.004090	0.047669
1782895886.519321	-0.538387	-0.040352	1.292035	0.000265	0.010301	0.216083	0.011072	-0.005328	0.045959
1782895886.529346	-0.538374	-0.039899	1.292444	0.001245	0.009446	0.219302	0.011072	-0.005328	0.045959
1782895886.539549	-0.538299	-0.039818	1.292984	-0.000894	0.011991	0.221910	0.004033	-0.004699	0.045827
1782895886.550896	-0.538178	-0.039542	1.293206	-0.003044	0.012387	0.226477	0.008916	-0.005720	0.049559
1782895886.559613	-0.538034	-0.039363	1.293562	-0.002223	0.013188	0.230463	0.008916	-0.005720	0.049559
1782895886.569350	-0.538034	-0.039363	1.293562	-0.002223	0.013188	0.230463	0.017016	-0.008228	0.032304
1782895886.579436	-0.537882	-0.039154	1.293866	-0.004804	0.011855	0.233017	0.017016	-0.008228	0.032304
1782895886.589394	-0.537693	-0.038920	1.294261	-0.002327	0.010513	0.236291	0.017016	-0.008228	0.032304
1782895886.599796	-0.537495	-0.038821	1.294554	-0.006621	0.011256	0.238513	0.012381	-0.007958	0.020329
1782895886.612169	-0.537414	-0.038501	1.294696	-0.001407	0.010285	0.242490	0.012381	-0.007958	0.020329
1782895886.619193	-0.537312	-0.038349	1.294668	-0.002935	0.010957	0.245304	0.019141	-0.010180	0.017390
1782895886.630376	-0.537213	-0.038204	1.294751	-0.000982	0.009932	0.249039	0.019141	-0.010180	0.017390
1782895886.639436	-0.536991	-0.037972	1.294946	0.000525	0.008397	0.254311	0.021700	-0.013228	0.001228
1782895886.650765	-0.536725	-0.037974	1.294969	-0.002362	0.007519	0.257790	0.013728	-0.007097	-0.004922
1782895886.660576	-0.536694	-0.037851	1.294888	-0.001585	0.006937	0.260380	0.013728	-0.007097	-0.004922
1782895886.670524	-0.536694	-0.037851	1.294888	-0.001585	0.006937	0.260380	0.017634	-0.011382	0.006624
1782895886.679282	-0.536539	-0.037821	1.294724	0.000952	0.007029	0.262323	0.017634	-0.011382	0.006624
1782895886.688908	-0.536250	-0.037506	1.294740	-0.003056	0.007745	0.265197	0.021605	-0.016167	-0.005158
1782895886.698934	-0.535948	-0.037342	1.294610	0.000830	0.007438	0.269260	0.021605	-0.016167	-0.005158
1782895886.709040	-0.535700	-0.037150	1.294515	-0.004551	0.009380	0.272752	0.021605	-0.016167	-0.005158
1782895886.720626	-0.535461	-0.036971	1.294377	-0.006770	0.008408	0.275292	0.018423	-0.009488	-0.007199
1782895886.730848	-0.535269	-0.036860	1.294122	-0.006490	0.006247	0.278414	0.018423	-0.009488	-0.007199
1782895886.740913	-0.535022	-0.036898	1.294115	-0.004871	0.005871	0.281933	0.025249	-0.016171	-0.001417
1782895886.749421	-0.534903	-0.036693	1.294035	-0.001219	0.004946	0.286190	0.022393	-0.012626	-0.004471
1782895886.759678	-0.534602	-0.036552	1.293960	-0.001253	0.005202	0.290855	0.022393	-0.012626	-0.004471
1782895886.770344	-0.534341	-0.036490	1.293860	-0.003665	0.006640	0.293480	0.026934	-0.013840	0.001287
1782895886.780663	-0.534341	-0.036490	1.293860	-0.003665	0.006640	0.293480	0.026934	-0.013840	0.001287
1782895886.789889	-0.534181	-0.036319	1.293903	-0.002171	0.006111	0.296173	0.023314	-0.016026	0.002620
1782895886.799690	-0.533856	-0.036159	1.293850	-0.001115	0.005903	0.297894	0.023314	-0.016026	0.002620
1782895886.812389	-0.533706	-0.035988	1.294008	-0.000235	0.004801	0.302539	0.025733	-0.015175	0.014773
1782895886.820000	-0.533276	-0.035974	1.294086	-0.001059	0.004575	0.306387	0.025733	-0.015175	0.014773
1782895886.830464	-0.533004	-0.035896	1.294196	0.001576	0.004063	0.310184	0.020811	-0.016471	0.012027
1782895886.839457	-0.533031	-0.035673	1.294407	0.003806	0.004101	0.312880	0.020811	-0.016471	0.012027
1782895886.850588	-0.532778	-0.035660	1.294553	0.003628	0.004013	0.316658	0.020811	-0.016471	0.012027
1782895886.859744	-0.532547	-0.035600	1.294722	0.004544	0.003364	0.320324	0.021223	-0.015840	0.028184
1782895886.869920	-0.532547	-0.035600	1.294722	0.004544	0.003364	0.320324	0.020253	-0.015642	0.019506
1782895886.881319	-0.532246	-0.035557	1.294963	0.004223	0.002986	0.322685	0.020253	-0.015642	0.019506
1782895886.890182	-0.531985	-0.035436	1.295153	0.000315	0.003065	0.326597	0.015829	-0.014801	0.030545
1782895886.899333	-0.531744	-0.035344	1.295412	-0.003186	0.003609	0.330605	0.015829	-0.014801	0.030545
1782895886.910424	-0.531538	-0.035301	1.295766	-0.003591	0.003095	0.333403	0.015829	-0.014801	0.030545
1782895886.919336	-0.531309	-0.035065	1.295907	-0.001194	0.002409	0.336001	0.024833	-0.021444	0.024811
1782895886.934492	-0.531111	-0.035139	1.296035	-0.001466	0.002665	0.338654	0.024833	-0.021444	0.024811
1782895886.940019	-0.530767	-0.035090	1.296248	0.000258	0.002983	0.341213	0.017107	-0.016353	0.006239
1782895886.949504	-0.530467	-0.034985	1.296420	0.004573	0.001728	0.344503	0.018063	-0.017009	0.018846
1782895886.959505	-0.530335	-0.035089	1.296465	-0.000286	0.001052	0.348130	0.018063	-0.017009	0.018846
1782895886.969703	-0.530161	-0.034980	1.296636	-0.001531	-0.000019	0.351017	0.020997	-0.020879	0.006954
1782895886.979887	-0.530161	-0.034980	1.296636	-0.001531	-0.000019	0.351017	0.020997	-0.020879	0.006954
1782895886.989559	-0.530012	-0.034970	1.296711	-0.002024	-0.000454	0.352966	0.014135	-0.015472	-0.001610
1782895886.999551	-0.529671	-0.035008	1.296820	0.000830	-0.000642	0.358767	0.014135	-0.015472	-0.001610
1782895887.012527	-0.529571	-0.034962	1.296839	0.001530	-0.002183	0.362795	0.015180	-0.022081	0.006636
1782895887.019658	-0.529468	-0.034852	1.296906	0.002425	-0.001324	0.364959	0.015180	-0.022081	0.006636
1782895887.033025	-0.529288	-0.034802	1.296898	0.005904	-0.000566	0.368306	0.015180	-0.022081	0.006636
1782895887.039744	-0.529053	-0.034905	1.297069	0.004227	0.000407	0.371568	0.012093	-0.023023	0.005243
1782895887.050331	-0.528918	-0.034823	1.297077	0.002581	-0.000092	0.373920	0.012093	-0.023023	0.005243
1782895887.059361	-0.528713	-0.034875	1.297152	0.002056	0.000578	0.376903	0.016266	-0.022473	0.009965
1782895887.069597	-0.528675	-0.034947	1.297172	0.001808	0.001183	0.379225	0.016486	-0.024577	0.007158
1782895887.079683	-0.528675	-0.034947	1.297172	0.001808	0.001183	0.379225	0.016486	-0.024577	0.007158
1782895887.092111	-0.528492	-0.035024	1.297088	0.004664	0.001615	0.383247	0.016486	-0.024577	0.007158
1782895887.099295	-0.528277	-0.035082	1.297204	0.001514	0.000926	0.385979	0.016940	-0.025605	0.011702
1782895887.111279	-0.527904	-0.035198	1.297307	0.000561	0.001469	0.391021	0.016940	-0.025605	0.011702
1782895887.119319	-0.527800	-0.035209	1.297410	0.001633	0.000431	0.394227	0.019502	-0.025389	0.001188
1782895887.129449	-0.527723	-0.035062	1.297503	-0.000494	0.000321	0.396061	0.019502	-0.025389	0.001188
1782895887.140072	-0.527516	-0.035129	1.297555	-0.000259	-0.000798	0.398518	0.010723	-0.024532	0.003494
1782895887.150901	-0.527457	-0.035104	1.297778	0.004633	-0.001574	0.401058	0.010723	-0.024532	0.003494
1782895887.159394	-0.527276	-0.035309	1.297819	0.002620	-0.001694	0.404893	0.014485	-0.026014	0.007516
1782895887.169574	-0.527226	-0.035259	1.297820	0.002209	-0.001533	0.407319	0.009827	-0.026124	-0.009013
1782895887.180317	-0.527226	-0.035259	1.297820	0.002209	-0.001533	0.407319	0.009827	-0.026124	-0.009013
1782895887.190928	-0.527078	-0.035379	1.297918	0.002445	-0.000842	0.409736	0.009827	-0.026124	-0.009013
1782895887.200364	-0.526956	-0.035427	1.297792	0.000139	-0.001026	0.413848	0.004448	-0.021905	0.005037
1782895887.212029	-0.526774	-0.035509	1.297749	0.001652	-0.001772	0.414974	0.004448	-0.021905	0.005037
1782895887.219630	-0.526512	-0.035615	1.297584	0.000370	-0.002754	0.419304	0.013454	-0.029008	0.001675
1782895887.231017	-0.526419	-0.035674	1.297611	-0.000825	-0.001911	0.421816	0.013454	-0.029008	0.001675
1782895887.239912	-0.526228	-0.035694	1.297554	0.001458	-0.001868	0.423903	0.006716	-0.023340	-0.010963
1782895887.252179	-0.526222	-0.035710	1.297469	-0.000614	-0.000352	0.427201	0.006716	-0.023340	-0.010963
1782895887.259387	-0.526093	-0.035668	1.297420	-0.001385	0.000615	0.429785	0.009426	-0.025749	0.008456
1782895887.269377	-0.526093	-0.035668	1.297420	-0.001385	0.000615	0.429785	0.009426	-0.025749	0.008456
1782895887.279417	-0.525862	-0.035617	1.297552	-0.002892	0.001330	0.431281	0.011700	-0.029146	-0.004432
1782895887.289313	-0.525745	-0.035702	1.297471	-0.001877	0.001224	0.433865	0.011700	-0.029146	-0.004432
1782895887.299597	-0.525637	-0.035809	1.297491	-0.002073	0.000870	0.436789	0.005746	-0.019838	-0.005871
1782895887.309682	-0.525488	-0.035975	1.297421	-0.001422	0.000391	0.440107	0.005746	-0.019838	-0.005871
1782895887.320271	-0.525379	-0.036103	1.297473	-0.000972	0.000695	0.442372	0.011331	-0.026992	0.001236
1782895887.329498	-0.525266	-0.036276	1.297565	-0.002104	0.001463	0.445763	0.011331	-0.026992	0.001236
1782895887.340803	-0.525206	-0.036336	1.297639	-0.000948	0.002308	0.448871	0.006240	-0.022604	-0.004052
1782895887.355365	-0.525083	-0.036455	1.297748	-0.000801	0.002845	0.450608	0.006240	-0.022604	-0.004052
1782895887.359652	-0.525007	-0.036482	1.297915	-0.002831	0.003548	0.453130	0.003162	-0.022351	0.015339
1782895887.382226	-0.524947	-0.036448	1.298082	-0.001753	0.003309	0.455487	0.005779	-0.027619	0.021953
1782895887.390772	-0.524735	-0.036550	1.298259	-0.004382	0.005032	0.458008	0.005779	-0.027619	0.021953
1782895887.395813	-0.524735	-0.036550	1.298259	-0.004382	0.005032	0.458008	0.005779	-0.027619	0.021953
1782895887.401094	-0.524593	-0.036588	1.298351	-0.005705	0.004655	0.460874	0.004193	-0.022898	0.017031
1782895887.409508	-0.524431	-0.036678	1.298521	-0.005326	0.005045	0.462873	0.008873	-0.026040	0.018683
1782895887.419908	-0.524473	-0.036911	1.298973	0.002612	0.001922	0.466950	0.008873	-0.026040	0.018683
1782895887.429747	-0.524494	-0.036908	1.299184	-0.001127	0.001095	0.470662	0.008873	-0.026040	0.018683
1782895887.443170	-0.524354	-0.037095	1.299389	0.000508	0.001565	0.473612	0.006693	-0.025960	0.016373
1782895887.452171	-0.524215	-0.037206	1.299623	-0.000052	0.002093	0.475776	0.011582	-0.024068	0.013084
1782895887.458961	-0.524215	-0.037206	1.299623	-0.000052	0.002093	0.475776	0.011582	-0.024068	0.013084
1782895887.469459	-0.524212	-0.037131	1.299767	0.000564	0.002386	0.477515	0.007647	-0.024660	-0.001074
1782895887.479122	-0.524009	-0.037207	1.299946	0.001906	0.002930	0.480378	0.007647	-0.024660	-0.001074
1782895887.489081	-0.523913	-0.037244	1.299995	0.000321	0.003505	0.482909	0.004328	-0.023325	-0.002705
1782895887.499054	-0.523776	-0.037315	1.300097	0.001131	0.003611	0.485082	0.004328	-0.023325	-0.002705
1782895887.509158	-0.523639	-0.037393	1.300187	-0.002325	0.003927	0.488015	0.004328	-0.023325	-0.002705
1782895887.520206	-0.523639	-0.037387	1.300271	-0.004721	0.004187	0.491320	0.007168	-0.021816	-0.010561
1782895887.529983	-0.523583	-0.037551	1.300146	-0.004787	0.002773	0.493995	0.007168	-0.021816	-0.010561
1782895887.539336	-0.523405	-0.037587	1.300069	-0.005325	0.001938	0.496640	0.000760	-0.020659	-0.017014
1782895887.550303	-0.523380	-0.037739	1.299929	-0.005793	0.001095	0.498209	0.002855	-0.022033	-0.010538
1782895887.559362	-0.523301	-0.037725	1.299819	-0.004731	0.000809	0.499326	0.002855	-0.022033	-0.010538
1782895887.569582	-0.523301	-0.037725	1.299819	-0.004731	0.000809	0.499326	0.009568	-0.023239	-0.027458
1782895887.580427	-0.523219	-0.037532	1.299581	-0.003285	0.002129	0.501315	0.009568	-0.023239	-0.027458
1782895887.589790	-0.523124	-0.037635	1.299492	-0.005734	0.002922	0.501672	0.009568	-0.023239	-0.027458
1782895887.603211	-0.523032	-0.037878	1.299104	-0.002223	0.001461	0.505387	0.001356	-0.016667	-0.035052
1782895887.611611	-0.522869	-0.037928	1.298845	-0.004879	0.001065	0.507853	0.005799	-0.020060	-0.024895
1782895887.619419	-0.522893	-0.037874	1.298548	-0.003691	0.001571	0.510543	0.005799	-0.020060	-0.024895
1782895887.630325	-0.522974	-0.037860	1.298174	-0.008004	0.001273	0.512554	0.005799	-0.020060	-0.024895
1782895887.639711	-0.522842	-0.037852	1.297904	-0.008679	0.001485	0.514752	0.004398	-0.021619	-0.039276
1782895887.658709	-0.522842	-0.037852	1.297904	-0.008679	0.001485	0.514752	-0.001366	-0.014884	-0.022349
1782895887.663868	-0.522812	-0.038000	1.297749	-0.009150	0.001615	0.517875	-0.001366	-0.014884	-0.022349
1782895887.674000	-0.522690	-0.037996	1.297518	-0.008033	0.001431	0.518616	0.000741	-0.020525	-0.014366
1782895887.680216	-0.522653	-0.038207	1.297391	-0.007391	0.000434	0.521824	0.000741	-0.020525	-0.014366
1782895887.689874	-0.522622	-0.038259	1.297259	-0.007411	0.000725	0.523117	0.000741	-0.020525	-0.014366
1782895887.708231	-0.522624	-0.038256	1.297307	-0.005922	0.000632	0.524465	-0.004405	-0.011854	-0.014563
1782895887.714314	-0.522550	-0.038338	1.297298	-0.006154	0.000307	0.525965	-0.004405	-0.011854	-0.014563
1782895887.726402	-0.522499	-0.038369	1.297330	-0.005986	0.000675	0.528196	0.000462	-0.019304	0.001507
1782895887.738453	-0.522472	-0.038389	1.297442	-0.005379	0.000488	0.529377	-0.001127	-0.016146	0.010845
1782895887.743993	-0.522408	-0.038311	1.297537	-0.001448	-0.000310	0.532377	-0.001127	-0.016146	0.010845
1782895887.751411	-0.522485	-0.038541	1.297602	-0.001300	-0.000685	0.536028	-0.001127	-0.016146	0.010845
1782895887.761181	-0.522481	-0.038581	1.297898	0.000583	-0.001233	0.539605	-0.004892	-0.014844	0.023008
1782895887.769633	-0.522481	-0.038581	1.297898	0.000583	-0.001233	0.539605	-0.004892	-0.014844	0.023008
1782895887.779643	-0.522496	-0.038560	1.297993	0.001472	-0.000125	0.541257	-0.004426	-0.017445	0.013089
1782895887.791124	-0.522580	-0.038637	1.298370	0.004119	-0.001680	0.546047	-0.000840	-0.017060	0.012345
1782895887.800509	-0.522580	-0.038637	1.298370	0.004119	-0.001680	0.546047	-0.000840	-0.017060	0.012345
1782895887.822987	-0.522550	-0.038664	1.298534	0.003388	-0.000781	0.548488	-0.000840	-0.017060	0.012345
1782895887.828390	-0.522469	-0.038701	1.298940	0.001002	0.002023	0.551813	-0.007577	-0.016028	0.010227
1782895887.835133	-0.522469	-0.038701	1.298940	0.001002	0.002023	0.551813	-0.007577	-0.016028	0.010227
1782895887.839299	-0.522449	-0.038740	1.299168	-0.000987	0.002582	0.554923	-0.003262	-0.016917	0.008425
1782895887.848890	-0.522416	-0.038641	1.299198	0.000554	0.002587	0.556372	-0.007718	-0.017501	0.014264
1782895887.859643	-0.522484	-0.038719	1.299298	-0.001541	0.002624	0.558420	-0.007718	-0.017501	0.014264
1782895887.869052	-0.522484	-0.038719	1.299298	-0.001541	0.002624	0.558420	-0.008224	-0.015483	0.013173
1782895887.879082	-0.522455	-0.038750	1.299428	-0.004818	0.003578	0.561422	-0.008224	-0.015483	0.013173
1782895887.889170	-0.522456	-0.038777	1.299529	-0.003645	0.004659	0.564609	-0.008224	-0.015483	0.013173
1782895887.898839	-0.522506	-0.038826	1.299692	-0.002603	0.004347	0.566273	-0.003203	-0.015204	0.004118
1782895887.909385	-0.522549	-0.038891	1.299815	-0.002952	0.005082	0.567858	-0.003203	-0.015204	0.004118
1782895887.919010	-0.522509	-0.038900	1.299794	-0.001984	0.005207	0.569832	-0.008560	-0.015729	-0.000474
1782895887.928987	-0.522635	-0.038974	1.300002	-0.001831	0.005641	0.571475	-0.008560	-0.015729	-0.000474
1782895887.938857	-0.522669	-0.038943	1.300085	-0.002817	0.005510	0.573453	-0.003095	-0.017348	-0.001092
1782895887.948924	-0.522652	-0.038934	1.299861	-0.001753	0.005802	0.575550	-0.004581	-0.015325	-0.019821
1782895887.959380	-0.522714	-0.039122	1.299816	-0.002495	0.004523	0.577903	-0.004581	-0.015325	-0.019821
1782895887.969124	-0.522714	-0.039122	1.299816	-0.002495	0.004523	0.577903	-0.014481	-0.011209	-0.020660
1782895887.979152	-0.522710	-0.039266	1.299619	-0.002203	0.003260	0.580967	-0.014481	-0.011209	-0.020660
1782895887.989151	-0.522806	-0.039199	1.299300	-0.002373	0.003349	0.583107	-0.014481	-0.011209	-0.020660
1782895887.999011	-0.522822	-0.039298	1.299246	-0.002686	0.003291	0.583827	-0.006976	-0.016713	-0.011475
1782895888.010226	-0.522771	-0.039357	1.299018	-0.002826	0.003860	0.584982	-0.006976	-0.016713	-0.011475
1782895888.019779	-0.522802	-0.039356	1.298969	-0.003055	0.004047	0.585957	-0.010675	-0.014741	-0.031905
1782895888.029927	-0.522777	-0.039466	1.298797	-0.003908	0.005823	0.587420	-0.010675	-0.014741	-0.031905
1782895888.039959	-0.522790	-0.039569	1.298564	-0.002945	0.004133	0.590228	-0.012081	-0.012762	-0.010338
1782895888.050927	-0.522749	-0.039708	1.298480	-0.004417	0.003931	0.592607	-0.012081	-0.012762	-0.010338
1782895888.060107	-0.522799	-0.039696	1.298446	-0.003052	0.003972	0.593662	-0.007489	-0.018869	-0.006084
1782895888.069489	-0.522799	-0.039696	1.298446	-0.003052	0.003972	0.593662	-0.011395	-0.009639	-0.010876
1782895888.079396	-0.522845	-0.039697	1.298351	-0.003820	0.003547	0.595539	-0.011395	-0.009639	-0.010876
1782895888.090470	-0.522899	-0.039885	1.298222	-0.004688	0.003612	0.597661	-0.011395	-0.009639	-0.010876
1782895888.099527	-0.522839	-0.039932	1.298334	-0.002997	0.002785	0.600994	-0.005361	-0.017432	0.005565
1782895888.110386	-0.522934	-0.039918	1.298544	-0.000798	0.002353	0.601691	-0.005361	-0.017432	0.005565
1782895888.120530	-0.522898	-0.040021	1.298540	-0.003543	0.002711	0.603920	-0.008418	-0.012649	-0.001761
1782895888.132058	-0.522931	-0.039984	1.298790	-0.000529	0.002657	0.606776	-0.008418	-0.012649	-0.001761
1782895888.140239	-0.523017	-0.039972	1.298955	-0.000445	0.003656	0.607698	-0.004216	-0.017134	0.019141
1782895888.153687	-0.522880	-0.039896	1.299306	0.002089	0.002597	0.609891	-0.005822	-0.014589	0.009984
1782895888.161011	-0.523028	-0.039923	1.299486	0.002560	0.002601	0.611950	-0.005822	-0.014589	0.009984
1782895888.169847	-0.523028	-0.039923	1.299486	0.002560	0.002601	0.611950	-0.003371	-0.012823	0.024704
1782895888.179353	-0.522997	-0.039891	1.299745	0.000742	0.002594	0.612798	-0.003371	-0.012823	0.024704
1782895888.189369	-0.523037	-0.039892	1.300099	-0.000526	0.003610	0.616142	-0.003371	-0.012823	0.024704
1782895888.199402	-0.523106	-0.039867	1.300430	-0.005442	0.004143	0.617990	-0.008484	-0.011573	0.031783
1782895888.209402	-0.523262	-0.040008	1.300752	-0.006738	0.004563	0.619598	-0.008484	-0.011573	0.031783
1782895888.219715	-0.523298	-0.040211	1.301015	-0.002334	0.002704	0.622943	-0.006009	-0.010450	0.015116
1782895888.231340	-0.523049	-0.040305	1.301185	-0.003552	0.002996	0.624897	-0.003079	-0.014521	0.015550
1782895888.239684	-0.522955	-0.040303	1.301476	-0.003598	0.004313	0.626734	-0.003079	-0.014521	0.015550
1782895888.251142	-0.522969	-0.040205	1.301708	-0.003359	0.004674	0.627772	-0.003079	-0.014521	0.015550
1782895888.259205	-0.522969	-0.040205	1.301708	-0.003359	0.004674	0.627772	-0.009021	-0.012995	0.007934
1782895888.269840	-0.522946	-0.040139	1.302095	-0.002338	0.004880	0.630041	-0.009021	-0.012995	0.007934
1782895888.280588	-0.522946	-0.040139	1.302095	-0.002338	0.004880	0.630041	-0.007800	-0.011680	0.004032
1782895888.289594	-0.522943	-0.040125	1.302424	-0.000034	0.004194	0.631546	-0.007800	-0.011680	0.004032
1782895888.299319	-0.522970	-0.040208	1.302561	0.000425	0.004179	0.634012	-0.004072	-0.014855	0.003843
1782895888.309559	-0.522949	-0.040269	1.302521	-0.001066	0.004034	0.636254	-0.004072	-0.014855	0.003843
1782895888.319415	-0.522871	-0.040336	1.302469	-0.002085	0.005001	0.637630	-0.007175	-0.013133	0.000474
1782895888.330587	-0.522791	-0.040297	1.302484	-0.001375	0.004370	0.639906	-0.007175	-0.013133	0.000474
1782895888.339507	-0.522820	-0.040212	1.302410	-0.002763	0.004998	0.640796	0.000175	-0.013413	-0.007402
1782895888.349575	-0.522804	-0.040084	1.302317	-0.006272	0.006899	0.641726	-0.001324	-0.013994	-0.025514
1782895888.359530	-0.522804	-0.040084	1.302317	-0.006272	0.006899	0.641726	-0.001324	-0.013994	-0.025514
1782895888.369352	-0.522855	-0.040041	1.302208	-0.003950	0.007725	0.642820	-0.007505	-0.011489	-0.025136
1782895888.379671	-0.522883	-0.040164	1.302008	-0.003545	0.008019	0.644561	-0.007505	-0.011489	-0.025136
1782895888.390911	-0.522877	-0.040191	1.301609	-0.004718	0.007412	0.646260	-0.007505	-0.011489	-0.025136
1782895888.399158	-0.522846	-0.040102	1.301282	-0.004986	0.006014	0.649344	-0.002037	-0.013807	-0.027009
1782895888.409400	-0.522825	-0.040147	1.301075	-0.005613	0.006493	0.650272	-0.002037	-0.013807	-0.027009
1782895888.419741	-0.522817	-0.040190	1.300805	-0.002425	0.005268	0.651817	-0.007320	-0.012393	-0.044341
1782895888.429500	-0.522784	-0.040134	1.300608	-0.001267	0.004649	0.652611	-0.009630	-0.010980	-0.030741
1782895888.440503	-0.522670	-0.040186	1.300303	-0.000476	0.004327	0.653394	-0.009630	-0.010980	-0.030741
1782895888.450496	-0.522670	-0.040186	1.300303	-0.000476	0.004327	0.653394	-0.009630	-0.010980	-0.030741
1782895888.462275	-0.522606	-0.039931	1.299620	-0.000868	0.004624	0.656464	-0.000733	-0.017888	-0.035809
1782895888.476725	-0.522606	-0.039931	1.299620	-0.000868	0.004624	0.656464	-0.007423	-0.010900	-0.042124
1782895888.483043	-0.522624	-0.039962	1.299180	-0.003281	0.002864	0.658455	-0.007423	-0.010900	-0.042124
1782895888.489786	-0.522661	-0.040000	1.298923	-0.004094	0.003317	0.659443	-0.002597	-0.014601	-0.022091
1782895888.503864	-0.522604	-0.040122	1.298626	-0.002442	0.002635	0.661751	-0.002597	-0.014601	-0.022091
1782895888.509942	-0.522550	-0.039988	1.298366	-0.002576	0.002022	0.662681	-0.002597	-0.014601	-0.022091
1782895888.520754	-0.522488	-0.039995	1.298106	-0.003200	0.002503	0.663092	-0.002747	-0.014127	-0.012240
1782895888.529538	-0.522353	-0.040068	1.297937	-0.004565	0.003039	0.664207	-0.002747	-0.014127	-0.012240
1782895888.540030	-0.522379	-0.039927	1.297776	-0.002812	0.003612	0.665154	-0.003030	-0.009505	-0.018435
1782895888.550272	-0.522333	-0.039908	1.297685	-0.002172	0.002007	0.665526	-0.003030	-0.009505	-0.018435
1782895888.558989	-0.522335	-0.039965	1.297479	0.000529	0.001475	0.667383	-0.003415	-0.011269	0.003042
1782895888.568959	-0.522335	-0.039965	1.297479	0.000529	0.001475	0.667383	-0.003513	-0.011746	-0.008791
1782895888.581939	-0.522291	-0.039781	1.297498	-0.004210	0.002017	0.668974	-0.003513	-0.011746	-0.008791
1782895888.590556	-0.522156	-0.039807	1.297383	-0.002880	0.001656	0.670788	-0.003513	-0.011746	-0.008791
1782895888.600695	-0.522153	-0.039753	1.297505	-0.001569	0.000440	0.672401	-0.007275	-0.007215	0.007657
1782895888.609337	-0.522222	-0.039715	1.297514	-0.001664	0.000302	0.673365	-0.007275	-0.007215	0.007657
1782895888.621324	-0.522134	-0.039865	1.297670	-0.001509	0.001108	0.675130	-0.001663	-0.014579	0.013156
1782895888.630838	-0.522059	-0.039773	1.297750	-0.001820	0.000761	0.676395	-0.003386	-0.009279	0.021997
1782895888.639320	-0.521977	-0.039595	1.298114	-0.001371	0.001622	0.677121	-0.003386	-0.009279	0.021997
1782895888.649694	-0.521919	-0.039646	1.298193	0.000680	0.001122	0.677981	-0.001763	-0.010915	0.010144
1782895888.659572	-0.522070	-0.039477	1.298317	-0.000993	0.003060	0.680494	-0.001763	-0.010915	0.010144
1782895888.669403	-0.522070	-0.039477	1.298317	-0.000993	0.003060	0.680494	-0.002645	-0.012256	0.010286
1782895888.679844	-0.522030	-0.039389	1.298647	0.000390	0.001318	0.681713	-0.002645	-0.012256	0.010286
1782895888.690675	-0.521995	-0.039314	1.298852	-0.000033	0.000849	0.683264	-0.002645	-0.012256	0.010286
1782895888.699745	-0.522008	-0.039298	1.298917	0.000752	0.000317	0.685577	-0.008208	-0.008349	0.014182
1782895888.710856	-0.521965	-0.039332	1.299042	0.002735	-0.000231	0.687254	-0.007131	-0.010746	0.003110
1782895888.719461	-0.521917	-0.039337	1.299232	0.003177	-0.001095	0.688850	-0.007131	-0.010746	0.003110
1782895888.729768	-0.521961	-0.039158	1.299368	0.002981	0.000238	0.689346	-0.007131	-0.010746	0.003110
1782895888.741759	-0.521953	-0.039223	1.299517	0.003024	0.001905	0.689518	-0.004781	-0.012246	-0.008575
1782895888.749593	-0.521915	-0.039188	1.299596	0.003737	0.002268	0.690981	-0.008977	-0.009322	0.001456
1782895888.759771	-0.521926	-0.039198	1.299616	0.002101	0.002162	0.692226	-0.008977	-0.009322	0.001456
1782895888.769672	-0.521926	-0.039198	1.299616	0.002101	0.002162	0.692226	-0.002783	-0.014619	0.001204
1782895888.780334	-0.521887	-0.039290	1.299680	0.001332	0.000311	0.694988	-0.002783	-0.014619	0.001204
1782895888.789746	-0.521857	-0.039328	1.299491	0.000238	0.000760	0.695530	-0.013925	-0.010327	0.001544
1782895888.799400	-0.521940	-0.039352	1.299543	-0.000324	-0.000111	0.697428	-0.013925	-0.010327	0.001544
1782895888.809787	-0.521837	-0.039413	1.299579	0.001639	-0.000641	0.698686	-0.013925	-0.010327	0.001544
1782895888.822126	-0.521944	-0.039324	1.299645	0.001998	-0.000577	0.698807	-0.004881	-0.016206	0.000359
1782895888.830036	-0.521974	-0.039299	1.299558	0.000905	0.000168	0.699329	-0.004881	-0.016206	0.000359
1782895888.840256	-0.522069	-0.039254	1.299532	0.000379	0.000267	0.700880	-0.010223	-0.016729	-0.004638
1782895888.851682	-0.522036	-0.039265	1.299407	0.001697	0.000738	0.701820	-0.010223	-0.016729	-0.004638
1782895888.860026	-0.521967	-0.039342	1.299365	0.001747	0.000709	0.703566	-0.016590	-0.012647	-0.017848
1782895888.870905	-0.521967	-0.039342	1.299365	0.001747	0.000709	0.703566	-0.017876	-0.013207	-0.004536
1782895888.879726	-0.522043	-0.039473	1.299032	-0.000291	-0.001130	0.706406	-0.017876	-0.013207	-0.004536
1782895888.889634	-0.522000	-0.039441	1.299144	-0.000556	0.000518	0.706586	-0.017876	-0.013207	-0.004536
1782895888.900425	-0.522085	-0.039467	1.299021	-0.001070	-0.000023	0.707477	-0.009245	-0.016922	-0.016928
1782895888.909620	-0.522131	-0.039564	1.298874	0.004679	0.000719	0.707656	-0.009245	-0.016922	-0.016928
1782895888.920238	-0.522170	-0.039562	1.298663	0.007010	0.000324	0.709447	-0.017723	-0.011832	-0.029214
1782895888.929915	-0.522259	-0.039712	1.298458	0.008132	-0.000079	0.709957	-0.017723	-0.011832	-0.029214
1782895888.939907	-0.522193	-0.039757	1.298293	0.007007	-0.001250	0.712704	-0.018768	-0.013777	-0.016074
1782895888.950285	-0.522385	-0.039825	1.298064	0.002891	-0.000530	0.714443	-0.018768	-0.013777	-0.016074
1782895888.959210	-0.522389	-0.039849	1.297846	0.003910	-0.002354	0.714543	-0.013008	-0.016335	-0.023531
1782895888.971068	-0.522389	-0.039849	1.297846	0.003910	-0.002354	0.714543	-0.013008	-0.016335	-0.023531
1782895888.979801	-0.522406	-0.039896	1.297761	0.001070	-0.001277	0.714929	-0.023515	-0.012925	-0.018515
1782895888.989538	-0.522507	-0.039874	1.297754	-0.001030	-0.000808	0.715748	-0.023515	-0.012925	-0.018515
1782895888.999281	-0.522425	-0.039985	1.297686	0.002194	0.000483	0.715524	-0.017226	-0.018281	-0.002160
1782895889.009367	-0.522443	-0.040227	1.297600	0.003328	0.000083	0.716592	-0.017226	-0.018281	-0.002160
1782895889.019354	-0.522600	-0.040228	1.297454	0.000329	0.000011	0.718627	-0.019696	-0.017310	-0.018110
1782895889.032725	-0.522709	-0.040210	1.297554	-0.001233	0.000178	0.719609	-0.024291	-0.015750	-0.000045
1782895889.039664	-0.522748	-0.040454	1.297541	0.001183	-0.001950	0.720693	-0.024291	-0.015750	-0.000045
1782895889.050768	-0.522748	-0.040563	1.297491	0.001606	-0.002339	0.721330	-0.024291	-0.015750	-0.000045
1782895889.059758	-0.522718	-0.040732	1.297379	0.000796	-0.002205	0.723457	-0.016446	-0.019746	0.000902
1782895889.069761	-0.522718	-0.040732	1.297379	0.000796	-0.002205	0.723457	-0.023600	-0.016065	-0.005210
1782895889.079866	-0.522859	-0.040844	1.297509	0.001690	-0.002328	0.724495	-0.023600	-0.016065	-0.005210
1782895889.090085	-0.522910	-0.040985	1.297568	0.002797	-0.002015	0.725035	-0.023600	-0.016065	-0.005210
1782895889.099498	-0.522921	-0.041197	1.297600	0.003914	-0.001737	0.726198	-0.022029	-0.018223	0.010819
1782895889.110010	-0.523049	-0.041248	1.297554	0.004032	-0.002149	0.727153	-0.022029	-0.018223	0.010819
1782895889.120630	-0.523065	-0.041467	1.297641	0.003728	-0.002080	0.728171	-0.017057	-0.019467	-0.003155
1782895889.129930	-0.523130	-0.041536	1.297647	0.002527	-0.001993	0.728261	-0.017057	-0.019467	-0.003155
1782895889.141584	-0.523253	-0.041760	1.297630	0.002535	-0.001526	0.729258	-0.026352	-0.015188	-0.003593
1782895889.149956	-0.523351	-0.041867	1.297703	0.002518	-0.001262	0.730410	-0.022500	-0.017804	0.003545
1782895889.159709	-0.523374	-0.041982	1.297873	0.003010	0.000271	0.730446	-0.022500	-0.017804	0.003545
1782895889.170029	-0.523374	-0.041982	1.297873	0.003010	0.000271	0.730446	-0.021634	-0.020201	-0.007966
1782895889.179896	-0.523416	-0.042101	1.297783	0.003123	0.000681	0.731221	-0.021634	-0.020201	-0.007966
1782895889.189993	-0.523532	-0.042132	1.297625	0.003974	0.000045	0.733145	-0.021634	-0.020201	-0.007966
1782895889.201733	-0.523595	-0.042318	1.297603	0.003792	-0.000255	0.732680	-0.032243	-0.014967	-0.008437
1782895889.209414	-0.523671	-0.042592	1.297570	0.003291	-0.000239	0.735031	-0.032243	-0.014967	-0.008437
1782895889.219525	-0.523588	-0.042684	1.297552	0.002950	-0.000333	0.736629	-0.027122	-0.019103	0.003918
1782895889.230551	-0.523688	-0.042870	1.297497	0.002439	0.000480	0.736730	-0.026891	-0.019847	-0.008426
1782895889.239820	-0.523823	-0.043051	1.297436	0.004578	0.000374	0.737323	-0.026891	-0.019847	-0.008426
1782895889.252027	-0.523844	-0.043319	1.297406	0.004197	0.001159	0.737659	-0.026891	-0.019847	-0.008426
1782895889.259605	-0.523859	-0.043427	1.297377	0.003300	0.002121	0.738493	-0.035003	-0.016442	-0.003245
1782895889.269728	-0.523859	-0.043427	1.297377	0.003300	0.002121	0.738493	-0.026888	-0.023439	0.008180
1782895889.279778	-0.523953	-0.043527	1.297370	0.002341	0.002658	0.738943	-0.026888	-0.023439	0.008180
1782895889.289805	-0.523968	-0.043917	1.297210	0.002791	0.001911	0.741209	-0.026888	-0.023439	0.008180
1782895889.299916	-0.524196	-0.044206	1.297032	0.001798	0.000123	0.742994	-0.025023	-0.023062	-0.010958
1782895889.309431	-0.524188	-0.044364	1.296944	0.004796	0.000013	0.742783	-0.025023	-0.023062	-0.010958
1782895889.319258	-0.524259	-0.044443	1.296936	0.004071	0.000751	0.742979	-0.031447	-0.021355	-0.007122
1782895889.329343	-0.524366	-0.044505	1.296936	0.002242	0.001116	0.743045	-0.031447	-0.021355	-0.007122
1782895889.339396	-0.524444	-0.044616	1.296833	0.002333	0.001518	0.743122	-0.023238	-0.025294	-0.004920
1782895889.350872	-0.524550	-0.044872	1.296698	0.003199	0.001937	0.743820	-0.023238	-0.025294	-0.004920
1782895889.359727	-0.524731	-0.045118	1.296633	0.003829	0.001910	0.744729	-0.025697	-0.023039	-0.025254
1782895889.369417	-0.524730	-0.045484	1.296371	0.001566	0.001702	0.746464	-0.025697	-0.023039	-0.025254
1782895889.379355	-0.524730	-0.045484	1.296371	0.001566	0.001702	0.746464	-0.032990	-0.020540	-0.016136
1782895889.389321	-0.524839	-0.045712	1.296332	0.001865	0.001440	0.747328	-0.032990	-0.020540	-0.016136
1782895889.399857	-0.524884	-0.045918	1.296010	0.003389	0.001592	0.747156	-0.026441	-0.024980	-0.010833
1782895889.409988	-0.525024	-0.046111	1.296060	0.004575	0.003416	0.747757	-0.026441	-0.024980	-0.010833
1782895889.419394	-0.525172	-0.046247	1.296031	0.006105	0.002864	0.748459	-0.030776	-0.023249	-0.022310
1782895889.431411	-0.525231	-0.046547	1.295799	0.005227	0.004646	0.749040	-0.036667	-0.020944	-0.003033
1782895889.439125	-0.525308	-0.046708	1.295641	0.003672	0.004197	0.750836	-0.036667	-0.020944	-0.003033
1782895889.451128	-0.525509	-0.046924	1.295389	0.001535	0.003174	0.751499	-0.036667	-0.020944	-0.003033
1782895889.459931	-0.525509	-0.046924	1.295389	0.001535	0.003174	0.751499	-0.028947	-0.022458	-0.006349
1782895889.469582	-0.525487	-0.047243	1.295197	-0.000586	0.003853	0.753360	-0.034629	-0.019873	-0.009742
1782895889.479481	-0.525564	-0.047314	1.295120	-0.001528	0.003708	0.753741	-0.034629	-0.019873	-0.009742
1782895889.489423	-0.525564	-0.047314	1.295120	-0.001528	0.003708	0.753741	-0.034629	-0.019873	-0.009742
1782895889.499453	-0.525577	-0.047642	1.294866	-0.005766	0.006664	0.753822	-0.034071	-0.021081	0.002209
1782895889.509806	-0.525718	-0.047806	1.294875	-0.002282	0.006181	0.753700	-0.034071	-0.021081	0.002209
1782895889.520821	-0.525882	-0.048029	1.294691	-0.001917	0.006276	0.754647	-0.027530	-0.020979	-0.006520
1782895889.529591	-0.525961	-0.048095	1.294667	-0.002536	0.006183	0.755170	-0.027530	-0.020979	-0.006520
1782895889.540024	-0.526151	-0.048327	1.294625	-0.001264	0.005553	0.757229	-0.033417	-0.019307	-0.004939
1782895889.556582	-0.526196	-0.048471	1.294607	-0.002735	0.005951	0.757125	-0.033417	-0.019307	-0.004939
1782895889.560338	-0.526429	-0.048642	1.294648	-0.002505	0.006263	0.758669	-0.028723	-0.019226	0.000224
1782895889.569699	-0.526553	-0.048832	1.294547	-0.003821	0.006923	0.758331	-0.025496	-0.017593	-0.009731
1782895889.579520	-0.526553	-0.048832	1.294547	-0.003821	0.006923	0.758331	-0.025496	-0.017593	-0.009731
1782895889.589976	-0.526705	-0.049127	1.294446	-0.002821	0.006696	0.758673	-0.031757	-0.016608	-0.003080
1782895889.601151	-0.526883	-0.049139	1.294354	-0.004616	0.007454	0.759535	-0.031757	-0.016608	-0.003080
1782895889.610358	-0.526989	-0.049295	1.294414	-0.004729	0.007728	0.760524	-0.031757	-0.016608	-0.003080
1782895889.621835	-0.527089	-0.049501	1.294339	-0.006129	0.006852	0.761573	-0.025929	-0.015379	0.001064
1782895889.628949	-0.527215	-0.049652	1.294355	-0.007440	0.007692	0.762495	-0.025929	-0.015379	0.001064
1782895889.640587	-0.527403	-0.049915	1.294408	-0.006273	0.006989	0.762426	-0.026953	-0.017113	-0.000722
1782895889.650021	-0.527561	-0.049971	1.294476	-0.002887	0.006415	0.763589	-0.028272	-0.014433	0.006224
1782895889.658942	-0.527649	-0.050108	1.294598	-0.002446	0.007267	0.763864	-0.028272	-0.014433	0.006224
1782895889.669490	-0.527772	-0.050173	1.294644	-0.003223	0.008122	0.764362	-0.023928	-0.012691	0.006635
1782895889.679051	-0.527772	-0.050173	1.294644	-0.003223	0.008122	0.764362	-0.023928	-0.012691	0.006635
1782895889.688861	-0.527895	-0.050194	1.294788	-0.003469	0.008702	0.765453	-0.027925	-0.012002	0.016949
1782895889.698938	-0.527937	-0.050288	1.295025	-0.006211	0.010292	0.766602	-0.027925	-0.012002	0.016949
1782895889.709013	-0.528061	-0.050321	1.295092	-0.006380	0.010388	0.767765	-0.027925	-0.012002	0.016949
1782895889.719579	-0.528277	-0.050341	1.295276	-0.004340	0.010560	0.769957	-0.028298	-0.007102	0.023374
1782895889.729058	-0.528392	-0.050423	1.295386	-0.006186	0.011582	0.770266	-0.028298	-0.007102	0.023374
1782895889.740350	-0.528464	-0.050440	1.295589	-0.006307	0.012422	0.771692	-0.023522	-0.009800	0.027914
1782895889.749312	-0.528637	-0.050345	1.295751	-0.009312	0.013160	0.772293	-0.028253	-0.005823	0.033780
1782895889.759793	-0.528857	-0.050377	1.296273	-0.011751	0.014833	0.772805	-0.028253	-0.005823	0.033780
1782895889.769918	-0.528857	-0.050377	1.296273	-0.011751	0.014833	0.772805	-0.022153	-0.003017	0.037247
1782895889.779329	-0.529026	-0.050379	1.296488	-0.011898	0.015180	0.774762	-0.022153	-0.003017	0.037247
1782895889.789072	-0.529253	-0.050329	1.296893	-0.004424	0.011710	0.776099	-0.022153	-0.003017	0.037247
1782895889.799116	-0.529330	-0.050410	1.297320	-0.001822	0.013065	0.776573	-0.021141	-0.005478	0.027652
1782895889.809544	-0.529477	-0.050333	1.297543	-0.001247	0.013543	0.777341	-0.019893	-0.002312	0.026417
1782895889.820562	-0.529623	-0.050374	1.297912	-0.002480	0.013844	0.779506	-0.019893	-0.002312	0.026417
1782895889.830305	-0.529744	-0.050325	1.298100	-0.004194	0.014419	0.780730	-0.011166	-0.001752	0.027161
1782895889.839161	-0.529941	-0.050206	1.298311	-0.003364	0.014038	0.780964	-0.011166	-0.001752	0.027161
1782895889.850575	-0.529992	-0.050010	1.298546	-0.007322	0.014842	0.782092	-0.011229	-0.003586	0.013977
1782895889.859484	-0.530179	-0.049754	1.298906	-0.007685	0.017433	0.782097	-0.011229	-0.003586	0.013977
1782895889.869265	-0.530179	-0.049754	1.298906	-0.007685	0.017433	0.782097	-0.011553	0.002436	0.009480
1782895889.879940	-0.530277	-0.049682	1.299054	-0.005681	0.017584	0.782565	-0.011553	0.002436	0.009480
1782895889.889341	-0.530321	-0.049637	1.299138	-0.005482	0.017538	0.783842	-0.011553	0.002436	0.009480
1782895889.899672	-0.530426	-0.049466	1.299331	-0.005779	0.016954	0.786699	-0.004917	0.000185	0.006236
1782895889.909638	-0.530450	-0.049243	1.299524	-0.002284	0.016612	0.788187	-0.010140	0.000877	0.006240
1782895889.919819	-0.530556	-0.049028	1.299661	-0.001606	0.016001	0.790051	-0.010140	0.000877	0.006240
1782895889.930737	-0.530622	-0.048884	1.299708	-0.002898	0.017024	0.790883	-0.010140	0.000877	0.006240
1782895889.939803	-0.530651	-0.048545	1.299878	-0.002940	0.017484	0.791502	-0.005740	0.003708	0.009158
1782895889.949654	-0.530853	-0.048326	1.299923	-0.003851	0.017307	0.792135	-0.005740	0.003708	0.009158
1782895889.959726	-0.530851	-0.048238	1.300060	-0.005602	0.017183	0.793587	0.002350	0.002001	0.005370
1782895889.969623	-0.530851	-0.048238	1.300060	-0.005602	0.017183	0.793587	-0.000076	0.003614	0.007157
1782895889.979996	-0.530994	-0.047937	1.299979	-0.001136	0.016686	0.796129	-0.000076	0.003614	0.007157
1782895889.989918	-0.531087	-0.047636	1.300030	-0.002679	0.016714	0.797646	-0.000076	0.003614	0.007157
1782895889.999861	-0.530982	-0.047390	1.299903	-0.001546	0.017430	0.798304	0.009954	0.002905	0.004859
1782895890.009519	-0.531017	-0.047054	1.299926	0.000335	0.017278	0.799639	0.009954	0.002905	0.004859
1782895890.019883	-0.531082	-0.046747	1.299996	-0.002499	0.017421	0.799736	0.014968	0.002847	-0.007152
1782895890.030537	-0.531032	-0.046473	1.299942	-0.001359	0.016994	0.801211	0.012519	0.005624	-0.009201
1782895890.039984	-0.531253	-0.046045	1.299879	-0.001027	0.017692	0.802398	0.012519	0.005624	-0.009201
1782895890.050707	-0.531120	-0.045542	1.299986	-0.004487	0.018345	0.804239	0.019482	0.006640	-0.010685
1782895890.059241	-0.531320	-0.045252	1.299801	-0.006236	0.018192	0.806774	0.019482	0.006640	-0.010685
1782895890.069530	-0.531320	-0.045252	1.299801	-0.006236	0.018192	0.806774	0.021668	0.007495	-0.024253
1782895890.079644	-0.531190	-0.044807	1.299773	-0.006019	0.017280	0.807962	0.021668	0.007495	-0.024253
1782895890.090042	-0.531048	-0.044343	1.299641	-0.002950	0.016997	0.808621	0.021668	0.007495	-0.024253
1782895890.099451	-0.531044	-0.043869	1.299495	-0.002623	0.015143	0.807979	0.016010	0.011618	-0.019437
1782895890.110170	-0.530951	-0.043541	1.299380	-0.003579	0.015597	0.807774	0.025306	0.006898	-0.011578
1782895890.119465	-0.530980	-0.043233	1.299275	-0.002740	0.015250	0.809229	0.025306	0.006898	-0.011578
1782895890.129792	-0.530885	-0.042788	1.299087	-0.002550	0.015118	0.810591	0.026791	0.008285	-0.021861
1782895890.141304	-0.530698	-0.042235	1.299051	-0.002092	0.013821	0.813100	0.026791	0.008285	-0.021861
1782895890.150270	-0.530788	-0.041634	1.298786	-0.002906	0.012748	0.814495	0.026791	0.008285	-0.021861
1782895890.159337	-0.530779	-0.041206	1.298616	-0.005058	0.011092	0.814908	0.023549	0.012014	-0.014504
1782895890.169760	-0.530779	-0.041206	1.298616	-0.005058	0.011092	0.814908	0.033933	0.007488	-0.006406
1782895890.179436	-0.530630	-0.040891	1.298453	-0.001340	0.010086	0.816066	0.033933	0.007488	-0.006406
1782895890.190554	-0.530509	-0.040294	1.298438	0.002349	0.009922	0.816590	0.033933	0.007488	-0.006406
1782895890.199689	-0.530527	-0.039629	1.298300	0.004078	0.009493	0.815840	0.028406	0.011946	-0.021728
1782895890.209391	-0.530362	-0.039264	1.298360	0.002574	0.008801	0.817803	0.028526	0.011581	0.001246
1782895890.219466	-0.530350	-0.038812	1.298437	0.005286	0.007129	0.819011	0.028526	0.011581	0.001246
1782895890.229515	-0.530077	-0.038211	1.298413	0.003343	0.006502	0.820689	0.028526	0.011581	0.001246
1782895890.239618	-0.530086	-0.037700	1.298270	0.003145	0.005216	0.821568	0.034862	0.008558	-0.003661
1782895890.252347	-0.530099	-0.037166	1.298450	0.002197	0.004816	0.822501	0.028497	0.014212	-0.010422
1782895890.260025	-0.530089	-0.036653	1.298470	-0.002342	0.006015	0.824734	0.028497	0.014212	-0.010422
1782895890.270530	-0.530089	-0.036653	1.298470	-0.002342	0.006015	0.824734	0.028497	0.014212	-0.010422
1782895890.279569	-0.529977	-0.036102	1.298391	0.004138	0.004568	0.825338	0.034623	0.009815	0.009613
1782895890.289422	-0.529901	-0.035616	1.298285	0.000063	0.005707	0.826386	0.034623	0.009815	0.009613
1782895890.299424	-0.529750	-0.035135	1.298431	-0.001850	0.005710	0.826810	0.032605	0.010470	-0.005565
1782895890.309989	-0.529698	-0.034542	1.298507	0.002465	0.004085	0.827683	0.032605	0.010470	-0.005565
1782895890.319587	-0.529551	-0.034049	1.298572	0.004641	0.003887	0.828940	0.030443	0.014282	0.007473
1782895890.330372	-0.529538	-0.033510	1.298615	0.004533	0.002382	0.831273	0.034667	0.005541	0.009837
1782895890.339640	-0.529425	-0.033047	1.298817	0.002125	0.002674	0.831379	0.034667	0.005541	0.009837
1782895890.351835	-0.529326	-0.032469	1.299118	0.005323	0.002783	0.832612	0.034667	0.005541	0.009837
1782895890.359622	-0.529172	-0.032050	1.299314	0.005926	0.003430	0.834355	0.029564	0.010599	0.007041
1782895890.369450	-0.529172	-0.032050	1.299314	0.005926	0.003430	0.834355	0.033092	0.007932	0.018922
1782895890.379404	-0.529120	-0.031652	1.299493	0.006814	0.003006	0.835694	0.033092	0.007932	0.018922
1782895890.389688	-0.529039	-0.031133	1.299535	0.004815	0.003094	0.837043	0.033092	0.007932	0.018922
1782895890.399345	-0.528882	-0.030529	1.300045	0.005122	0.002336	0.836256	0.030462	0.005286	0.012133
1782895890.410805	-0.528784	-0.030076	1.300133	0.006389	0.002153	0.837385	0.030462	0.005286	0.012133
1782895890.421725	-0.528696	-0.029613	1.300277	0.009235	0.001497	0.839078	0.031109	0.007550	0.016387
1782895890.429979	-0.528507	-0.029188	1.300420	0.005915	0.002080	0.840996	0.031109	0.007550	0.016387
1782895890.439851	-0.528380	-0.028808	1.300623	0.007769	0.002498	0.842051	0.032260	0.002183	0.011827
1782895890.450080	-0.528436	-0.028397	1.300735	0.005301	0.002936	0.845579	0.032260	0.002183	0.011827
1782895890.459660	-0.528398	-0.027836	1.300970	0.007066	0.002382	0.845419	0.025663	0.002504	0.017004
1782895890.470145	-0.528183	-0.027433	1.300895	0.008521	0.003478	0.845173	0.034745	-0.001649	0.014598
1782895890.479925	-0.528183	-0.027433	1.300895	0.008521	0.003478	0.845173	0.034745	-0.001649	0.014598
1782895890.489696	-0.527958	-0.026974	1.300908	0.008550	0.004477	0.847113	0.032575	-0.001162	-0.002545
1782895890.499649	-0.527901	-0.026718	1.300914	0.008402	0.004563	0.846747	0.032575	-0.001162	-0.002545
1782895890.511042	-0.527774	-0.026292	1.300844	0.003277	0.006672	0.848249	0.028197	0.000560	-0.005621
1782895890.520540	-0.527659	-0.025762	1.300877	0.002852	0.005238	0.849963	0.028197	0.000560	-0.005621
1782895890.533265	-0.527553	-0.025453	1.300858	0.002605	0.005112	0.850629	0.028197	0.000560	-0.005621
1782895890.540151	-0.527478	-0.025167	1.300689	0.003672	0.003887	0.851763	0.036349	-0.004332	-0.008078
1782895890.551944	-0.527319	-0.024873	1.300514	0.004199	0.002850	0.852640	0.036349	-0.004332	-0.008078
1782895890.559667	-0.527267	-0.024472	1.300387	0.006310	0.003049	0.853398	0.033096	-0.005783	-0.032908
1782895890.570146	-0.527267	-0.024472	1.300387	0.006310	0.003049	0.853398	0.027924	0.000450	-0.024194
1782895890.580282	-0.527264	-0.023930	1.300210	0.005982	0.002925	0.854034	0.027924	0.000450	-0.024194
1782895890.590041	-0.527190	-0.023586	1.299981	-0.000088	0.005585	0.854886	0.032091	-0.006717	-0.015201
1782895890.599144	-0.526996	-0.023015	1.299768	0.001224	0.004966	0.855149	0.032091	-0.006717	-0.015201
1782895890.609065	-0.526843	-0.022704	1.299572	0.001677	0.004114	0.856173	0.032091	-0.006717	-0.015201
1782895890.619482	-0.526623	-0.022386	1.299347	-0.001170	0.004216	0.857529	0.027137	-0.000410	-0.017493
1782895890.630816	-0.526609	-0.022148	1.299138	0.002309	0.003312	0.859695	0.027137	-0.000410	-0.017493
1782895890.644029	-0.526583	-0.021767	1.299097	0.002650	0.004315	0.860765	0.029231	-0.001694	0.000696
1782895890.649421	-0.526432	-0.021576	1.299062	0.002982	0.004414	0.862162	0.026757	-0.003236	-0.002297
1782895890.706264	-0.525854	-0.020222	1.299408	0.002865	0.004520	0.865380	0.026077	-0.001115	0.010627
1782895890.710200	-0.525756	-0.019664	1.299374	-0.002200	0.005803	0.865730	0.027702	-0.001354	0.022092
1782895890.720410	-0.525686	-0.019214	1.299793	0.000910	0.008328	0.865790	0.027702	-0.001354	0.022092
1782895890.732659	-0.525562	-0.019013	1.299795	0.000372	0.008256	0.866702	0.027702	-0.001354	0.022092
1782895890.740476	-0.525451	-0.018621	1.300102	-0.001074	0.007526	0.868428	0.032241	-0.002068	0.014055
1782895890.752831	-0.525305	-0.018447	1.300104	-0.004821	0.008700	0.868934	0.024051	0.002371	0.012026
1782895890.760182	-0.525183	-0.018160	1.300313	-0.004015	0.006593	0.870280	0.024051	0.002371	0.012026
1782895890.770241	-0.525119	-0.017737	1.300344	-0.004768	0.006540	0.871273	0.029736	-0.003167	0.021839
1782895890.779965	-0.525119	-0.017737	1.300344	-0.004768	0.006540	0.871273	0.029736	-0.003167	0.021839
1782895890.793070	-0.524751	-0.017393	1.300447	-0.001519	0.005948	0.871136	0.029736	-0.003167	0.021839
1782895890.800802	-0.524685	-0.017082	1.300581	-0.000714	0.005551	0.872010	0.029559	-0.004531	0.005872
1782895890.810837	-0.524570	-0.016616	1.300671	0.000888	0.005116	0.872917	0.026569	0.001017	0.002447
1782895890.820416	-0.524420	-0.016323	1.300540	0.001132	0.005609	0.873739	0.026569	0.001017	0.002447
1782895890.831017	-0.524305	-0.015982	1.300431	0.004116	0.005128	0.873726	0.026569	0.001017	0.002447
1782895890.841131	-0.524236	-0.015749	1.300427	0.003155	0.004367	0.874777	0.031033	-0.004029	0.006946
1782895890.852360	-0.524091	-0.015324	1.300544	0.004696	0.003447	0.877396	0.031033	-0.004029	0.006946
1782895890.860251	-0.523850	-0.014995	1.300408	0.004343	0.001532	0.878286	0.027189	-0.004404	0.000567
1782895890.870837	-0.523850	-0.014995	1.300408	0.004343	0.001532	0.878286	0.028321	-0.003330	0.002784
1782895890.880484	-0.523790	-0.014659	1.300350	0.002341	0.002414	0.879077	0.028321	-0.003330	0.002784
1782895890.891256	-0.523671	-0.014379	1.300199	0.002076	0.001412	0.880016	0.028846	-0.005797	0.000020
1782895890.900759	-0.523543	-0.014024	1.300102	0.003155	0.001032	0.880760	0.028846	-0.005797	0.000020
1782895890.910606	-0.523402	-0.013657	1.300001	-0.002677	0.002961	0.880610	0.027002	-0.003883	0.002912
1782895890.921055	-0.523209	-0.013200	1.299828	0.001511	0.002944	0.881168	0.027002	-0.003883	0.002912
1782895890.931111	-0.523122	-0.012969	1.299713	0.003587	0.003146	0.883031	0.027002	-0.003883	0.002912
1782895890.941096	-0.522917	-0.012619	1.299635	0.001068	0.004014	0.884175	0.035129	-0.006897	-0.001307
1782895890.951198	-0.522913	-0.012291	1.299337	-0.000256	0.002622	0.886025	0.027117	-0.004629	-0.022626
1782895890.960604	-0.522783	-0.012081	1.299102	0.000372	0.002052	0.886219	0.027117	-0.004629	-0.022626
1782895890.971814	-0.522783	-0.012081	1.299102	0.000372	0.002052	0.886219	0.026484	-0.003896	-0.007427
1782895890.980389	-0.522725	-0.011782	1.298829	-0.000463	0.003111	0.886895	0.026484	-0.003896	-0.007427
1782895890.990472	-0.522584	-0.011457	1.298600	0.000961	0.003039	0.887916	0.026484	-0.003896	-0.007427
1782895891.001172	-0.522382	-0.011158	1.298131	0.004231	0.003096	0.889485	0.032612	-0.009650	-0.012518
1782895891.011051	-0.522266	-0.010727	1.297903	0.001367	0.002874	0.890174	0.032612	-0.009650	-0.012518
1782895891.020876	-0.522229	-0.010546	1.297783	0.002645	0.002531	0.890579	0.026056	-0.001445	-0.015824
1782895891.030759	-0.522143	-0.010073	1.297758	-0.000326	0.003090	0.889843	0.026056	-0.001445	-0.015824
1782895891.041149	-0.522053	-0.009760	1.297631	-0.001241	0.002290	0.891173	0.030363	-0.005516	-0.004006
1782895891.056474	-0.521923	-0.009490	1.297469	-0.001057	0.002324	0.892854	0.030363	-0.005516	-0.004006
1782895891.061612	-0.521861	-0.009296	1.297395	-0.001630	0.002502	0.892686	0.027062	-0.004277	-0.003108
1782895891.071284	-0.521861	-0.009296	1.297395	-0.001630	0.002502	0.892686	0.029703	-0.004563	0.001524
1782895891.080415	-0.521676	-0.008995	1.297175	-0.002675	0.002880	0.896161	0.029703	-0.004563	0.001524
1782895891.090574	-0.521656	-0.008663	1.297215	-0.001330	0.002467	0.896546	0.029703	-0.004563	0.001524
1782895891.100518	-0.521653	-0.008315	1.297119	-0.000545	0.002319	0.897343	0.025073	-0.002367	-0.002783
1782895891.110844	-0.521598	-0.008031	1.296986	-0.000778	0.002658	0.898488	0.025073	-0.002367	-0.002783
1782895891.120470	-0.521526	-0.007693	1.296875	-0.003785	0.002562	0.899547	0.028347	-0.003852	0.008012
1782895891.130460	-0.521484	-0.007356	1.296789	-0.005303	0.002232	0.899116	0.028051	-0.004901	-0.009889
1782895891.140870	-0.521365	-0.007181	1.296807	-0.005121	0.002844	0.899958	0.028051	-0.004901	-0.009889
1782895891.153216	-0.521455	-0.006771	1.296701	-0.003067	0.002863	0.901738	0.028051	-0.004901	-0.009889
1782895891.161155	-0.521467	-0.006457	1.296599	-0.002234	0.002601	0.901522	0.020950	0.002430	-0.001334
1782895891.170642	-0.521467	-0.006457	1.296599	-0.002234	0.002601	0.901522	0.027791	-0.005511	0.003000
1782895891.180784	-0.521313	-0.006182	1.296454	-0.001381	0.001694	0.903732	0.027791	-0.005511	0.003000
1782895891.190340	-0.521199	-0.005894	1.296368	-0.001039	0.000995	0.904913	0.027791	-0.005511	0.003000
1782895891.200655	-0.521104	-0.005677	1.296278	0.002266	0.001153	0.905159	0.023510	0.000203	-0.002145
1782895891.211397	-0.521093	-0.005486	1.296259	0.003725	0.001590	0.906202	0.023510	0.000203	-0.002145
1782895891.220921	-0.521118	-0.005352	1.296378	0.000858	0.001012	0.907280	0.025841	-0.001887	0.009318
1782895891.230630	-0.521147	-0.004967	1.296430	0.002015	0.001018	0.908588	0.022299	-0.001907	0.010969
1782895891.240494	-0.521014	-0.004615	1.296551	-0.000253	0.004062	0.909690	0.022299	-0.001907	0.010969
1782895891.252007	-0.521076	-0.004127	1.296625	-0.003387	0.005536	0.910064	0.022299	-0.001907	0.010969
1782895891.260214	-0.521252	-0.003802	1.296819	-0.001744	0.005814	0.910946	0.026572	-0.001875	0.019311
1782895891.271953	-0.521194	-0.003550	1.296957	-0.001525	0.007365	0.911636	0.020976	-0.000302	0.005127
1782895891.281849	-0.521194	-0.003550	1.296957	-0.001525	0.007365	0.911636	0.020976	-0.000302	0.005127
1782895891.291398	-0.521175	-0.003205	1.297094	-0.001117	0.007455	0.912882	0.020976	-0.000302	0.005127
1782895891.300497	-0.521123	-0.003039	1.297185	-0.002271	0.006929	0.913289	0.018797	0.001046	0.016690
1782895891.310712	-0.521145	-0.002814	1.297220	0.000110	0.006139	0.914584	0.018797	0.001046	0.016690
1782895891.320720	-0.521060	-0.002586	1.297303	-0.002181	0.006345	0.915055	0.025027	-0.004272	0.009417
1782895891.330389	-0.521037	-0.002442	1.297210	-0.002152	0.006428	0.915921	0.025027	-0.004272	0.009417
1782895891.340494	-0.520937	-0.002191	1.297359	-0.001529	0.006304	0.917690	0.017880	0.001323	-0.001809
1782895891.351164	-0.520909	-0.001857	1.297459	0.000168	0.006829	0.917594	0.020036	-0.000333	0.010649
1782895891.360503	-0.520907	-0.001480	1.297451	-0.003111	0.008183	0.918916	0.020036	-0.000333	0.010649
1782895891.370832	-0.520907	-0.001480	1.297451	-0.003111	0.008183	0.918916	0.016907	-0.002547	-0.001777
1782895891.380630	-0.521014	-0.001096	1.297478	-0.001343	0.008002	0.919401	0.016907	-0.002547	-0.001777
1782895891.390440	-0.521100	-0.000893	1.297520	0.001173	0.007855	0.919132	0.016907	-0.002547	-0.001777
1782895891.400412	-0.521029	-0.000579	1.297498	0.003042	0.008282	0.921979	0.017489	0.000087	0.004164
1782895891.410455	-0.521009	-0.000242	1.297337	0.003516	0.007478	0.922915	0.017489	0.000087	0.004164
1782895891.421710	-0.520906	-0.000076	1.297315	0.003739	0.007777	0.923526	0.021028	-0.002319	-0.002835
1782895891.430923	-0.520820	0.000193	1.297132	0.003024	0.007078	0.924883	0.021028	-0.002319	-0.002835
1782895891.440994	-0.520867	0.000431	1.296911	0.002223	0.008284	0.926062	0.013236	0.001745	-0.001746
1782895891.450615	-0.520841	0.000875	1.297051	0.002614	0.008942	0.926527	0.019732	-0.004572	0.010383
1782895891.460484	-0.520754	0.001103	1.296981	0.001900	0.010278	0.927474	0.019732	-0.004572	0.010383
1782895891.470713	-0.520754	0.001103	1.296981	0.001900	0.010278	0.927474	0.026349	-0.007092	-0.003142
1782895891.481272	-0.520701	0.001302	1.296883	0.003211	0.009559	0.927874	0.026349	-0.007092	-0.003142
1782895891.492153	-0.520645	0.001700	1.296809	0.004419	0.010275	0.928839	0.026349	-0.007092	-0.003142
1782895891.500581	-0.520538	0.001937	1.296817	0.006758	0.009924	0.928783	0.018822	-0.000975	0.004965
1782895891.510794	-0.520543	0.002330	1.296622	0.005528	0.010510	0.929365	0.018822	-0.000975	0.004965
1782895891.520457	-0.520530	0.002664	1.296585	0.004724	0.010249	0.931237	0.021327	-0.004581	0.004832
1782895891.532275	-0.520593	0.002890	1.296503	0.006926	0.009671	0.933122	0.021327	-0.004581	0.004832
1782895891.541165	-0.520591	0.003238	1.296492	0.005083	0.010538	0.933825	0.020808	-0.003241	0.009766
1782895891.551050	-0.520432	0.003505	1.296446	0.004821	0.010437	0.935595	0.029446	-0.007064	0.003672
1782895891.560526	-0.520485	0.003875	1.296391	0.004608	0.010231	0.936176	0.029446	-0.007064	0.003672
1782895891.570622	-0.520485	0.003875	1.296391	0.004608	0.010231	0.936176	0.028045	-0.005320	-0.007922
1782895891.580702	-0.520351	0.004238	1.296338	0.003168	0.011107	0.936130	0.028045	-0.005320	-0.007922
1782895891.591379	-0.520280	0.004556	1.296190	0.001231	0.011588	0.937770	0.028045	-0.005320	-0.007922
1782895891.600751	-0.520218	0.004857	1.296255	0.001724	0.011149	0.937996	0.024064	-0.001001	0.001315
1782895891.610732	-0.520092	0.005093	1.296214	0.002512	0.011415	0.938401	0.024064	-0.001001	0.001315
1782895891.621221	-0.519977	0.005484	1.296160	0.002431	0.011269	0.939515	0.030835	-0.008384	0.004311
1782895891.631264	-0.519849	0.005806	1.295950	0.004897	0.009648	0.940747	0.030835	-0.008384	0.004311
1782895891.642235	-0.519671	0.006231	1.295912	0.004167	0.009419	0.941599	0.026791	-0.003822	0.002718
1782895891.652156	-0.519588	0.006445	1.296039	0.001546	0.010158	0.943674	0.032486	-0.006224	0.008627
1782895891.660497	-0.519636	0.006750	1.296011	0.001784	0.010295	0.944561	0.032486	-0.006224	0.008627
1782895891.670453	-0.519636	0.006750	1.296011	0.001784	0.010295	0.944561	0.032486	-0.006224	0.008627
1782895891.682357	-0.519441	0.006952	1.296102	0.001285	0.010114	0.947113	0.026719	-0.004485	0.007001
1782895891.690565	-0.519528	0.007450	1.296264	0.000815	0.009724	0.947869	0.026719	-0.004485	0.007001
1782895891.701969	-0.519431	0.007956	1.296487	0.000485	0.009737	0.947500	0.033268	-0.006604	0.018655
1782895891.712461	-0.519209	0.008204	1.296513	0.002161	0.009904	0.947592	0.033268	-0.006604	0.018655
1782895891.724628	-0.519126	0.008554	1.296675	0.002270	0.009549	0.948358	0.033675	-0.008615	0.003005
1782895891.731295	-0.518955	0.009023	1.296788	0.001859	0.009788	0.950796	0.033675	-0.008615	0.003005
1782895891.742730	-0.518789	0.009330	1.296788	0.003169	0.008806	0.951655	0.028273	-0.004146	0.011361
1782895891.750837	-0.518749	0.009657	1.296870	0.001837	0.009378	0.952524	0.035505	-0.013128	0.018128
1782895891.761186	-0.518517	0.009854	1.296926	0.004661	0.008240	0.953709	0.035505	-0.013128	0.018128
1782895891.780109	-0.518517	0.009854	1.296926	0.004661	0.008240	0.953709	0.032773	-0.010196	0.008683
1782895891.786445	-0.518285	0.010576	1.297020	0.006974	0.007274	0.955723	0.032773	-0.010196	0.008683
1782895891.790704	-0.518285	0.010576	1.297020	0.006974	0.007274	0.955723	0.032773	-0.010196	0.008683
1782895891.799931	-0.518027	0.010876	1.297132	0.011202	0.006208	0.957086	0.035688	-0.009736	0.015795
1782895891.810049	-0.517885	0.011456	1.297156	0.006644	0.008044	0.958128	0.035688	-0.009736	0.015795
1782895891.820629	-0.517862	0.011951	1.297253	0.007256	0.008029	0.958515	0.035388	-0.013181	0.010420
1782895891.832458	-0.517571	0.012193	1.297446	0.008067	0.007542	0.958810	0.033350	-0.012593	0.013259
1782895891.839888	-0.517493	0.012614	1.297459	0.006161	0.006991	0.960142	0.033350	-0.012593	0.013259
1782895891.849985	-0.517235	0.012911	1.297505	0.004769	0.008594	0.961253	0.040910	-0.017209	0.008706
1782895891.860133	-0.517005	0.013216	1.297577	0.006666	0.007091	0.961716	0.040910	-0.017209	0.008706
1782895891.870675	-0.517005	0.013216	1.297577	0.006666	0.007091	0.961716	0.033456	-0.013598	-0.012200
1782895891.882748	-0.516808	0.013387	1.297497	0.007416	0.006956	0.962954	0.033456	-0.013598	-0.012200
1782895891.924658	-0.516372	0.013918	1.297405	0.008870	0.006603	0.965363	0.030736	-0.013068	0.000022
1782895891.959169	-0.515524	0.015488	1.297313	0.008948	0.006040	0.970042	0.030760	-0.017727	-0.000739
1782895891.999643	-0.514252	0.016320	1.297146	0.008199	0.014843	0.970051	0.049950	-0.017889	0.043192
1782895892.042317	-0.508994	0.018699	1.295352	0.041649	0.084189	0.938552	0.080662	-0.026328	0.050180
1782895892.072727	-0.501539	0.021404	1.292277	0.070806	0.152214	0.901330	0.128971	-0.050168	-0.007669
1782895892.107506	-0.497027	0.023143	1.289319	0.082552	0.187196	0.881025	0.210432	-0.081312	-0.053571
1782895892.153764	-0.488740	0.025770	1.283502	0.089291	0.222284	0.848917	0.246671	-0.093896	-0.077108
1782895892.197327	-0.475155	0.031067	1.275065	0.096823	0.251178	0.803221	0.412734	-0.132475	-0.087726
1782895892.237757	-0.457048	0.037736	1.264248	0.093724	0.269898	0.757684	0.459992	-0.147334	-0.107676
1782895892.278312	-0.435192	0.046156	1.251639	0.089989	0.272719	0.714406	0.620850	-0.172684	-0.137142
1782895892.312234	-0.416122	0.053348	1.240939	0.082064	0.264095	0.685643	0.721635	-0.181014	-0.189568
1782895892.357717	-0.395284	0.061676	1.228781	0.080702	0.245607	0.663507	0.769904	-0.194550	-0.210110
1782895892.398386	-0.364474	0.073334	1.210553	0.070569	0.214822	0.629955	0.878745	-0.198865	-0.311428
1782895892.432524	-0.330564	0.085837	1.189920	0.059545	0.170226	0.590199	0.943139	-0.206300	-0.387706
1782895892.475872	-0.294234	0.099034	1.166817	0.057035	0.144256	0.568190	0.956382	-0.204143	-0.421571
1782895892.516723	-0.265930	0.108629	1.148285	0.047847	0.120415	0.545624	0.999001	-0.205561	-0.460356
1782895892.560861	-0.226558	0.121844	1.122962	0.045290	0.089595	0.516811	1.011417	-0.194294	-0.515088
1782895892.598660	-0.186017	0.134926	1.097643	0.041678	0.064455	0.488427	1.027261	-0.192333	-0.537883
1782895892.638488	-0.155157	0.143907	1.079119	0.040108	0.045262	0.468961	1.028540	-0.188735	-0.512588
1782895892.677189	-0.124222	0.152461	1.061788	0.037939	0.031352	0.449814	1.021670	-0.186116	-0.487989
1782895892.725987	-0.082954	0.163443	1.041233	0.039011	0.011881	0.425782	1.010596	-0.181036	-0.468905
1782895892.774741	-0.031931	0.175031	1.019710	0.042870	-0.005111	0.397111	0.988636	-0.186647	-0.375165
1782895892.842570	0.008073	0.182961	1.006688	0.040762	-0.014789	0.376571	0.957733	-0.188180	-0.276730
1782895892.915161	0.075454	0.193041	0.991857	0.043835	-0.028656	0.345888	0.919123	-0.194744	-0.210176
1782895892.956549	0.130410	0.197820	0.985299	0.047652	-0.035807	0.322247	0.869722	-0.210438	-0.122860
1782895893.001158	0.156666	0.199199	0.983575	0.044044	-0.037358	0.309198	0.848955	-0.221408	-0.094520
1782895893.040538	0.198742	0.199519	0.981907	0.038915	-0.041703	0.295712	0.826653	-0.230317	-0.075944
1782895893.083416	0.231202	0.198876	0.980947	0.037293	-0.043889	0.281049	0.794930	-0.230865	-0.102350
1782895893.120156	0.254453	0.197552	0.979410	0.036619	-0.047822	0.272820	0.775758	-0.246420	-0.128546
1782895893.157364	0.284274	0.194823	0.976404	0.030970	-0.052540	0.258469	0.747743	-0.255109	-0.150389
1782895893.189532	0.291433	0.193880	0.975315	0.027401	-0.052983	0.256939	0.705690	-0.253428	-0.195038
1782895893.227200	0.326170	0.189162	0.968372	0.025473	-0.059870	0.241451	0.688553	-0.255607	-0.199927
1782895893.265379	0.345870	0.185761	0.963141	0.023502	-0.061833	0.230833	0.660488	-0.265654	-0.219636
1782895893.310064	0.364554	0.181946	0.957890	0.021022	-0.061497	0.223308	0.605998	-0.267784	-0.216645
1782895893.349556	0.393434	0.174749	0.948960	0.010537	-0.061493	0.211186	0.587418	-0.266639	-0.216810
1782895893.388688	0.409553	0.169904	0.944295	0.005332	-0.060075	0.205278	0.556951	-0.271444	-0.192894
1782895893.426830	0.424948	0.164783	0.939899	0.006129	-0.058343	0.198942	0.518372	-0.273806	-0.154841
1782895893.474471	0.442948	0.157650	0.935392	-0.001393	-0.053600	0.187281	0.466199	-0.268822	-0.122168
1782895893.522449	0.458876	0.149904	0.931304	0.000021	-0.052696	0.178888	0.411975	-0.263990	-0.107163
1782895893.559701	0.475461	0.139863	0.927748	-0.001995	-0.046328	0.165422	0.336530	-0.254920	-0.081243
1782895893.595648	0.483761	0.133376	0.925887	0.001590	-0.043755	0.158305	0.298526	-0.259481	-0.064488
1782895893.640709	0.490902	0.127258	0.924780	-0.001058	-0.038388	0.151521	0.272141	-0.257349	-0.043839
1782895893.679778	0.500825	0.116407	0.922664	-0.005393	-0.022464	0.137259	0.216996	-0.254970	-0.037597
1782895893.709707	0.505798	0.109809	0.921532	-0.002091	-0.018111	0.130114	0.188915	-0.258377	-0.013558
1782895893.759095	0.509818	0.103160	0.920382	-0.005331	-0.010949	0.121659	0.174219	-0.261619	-0.027948
1782895893.886502	0.514280	0.094384	0.918302	-0.005463	-0.002127	0.113848	0.132149	-0.261930	-0.030135
1782895894.020482	0.521860	0.070099	0.908772	-0.014153	0.017536	0.093372	0.066420	-0.260544	-0.073397
1782895894.066763	0.525763	0.043795	0.890254	-0.027349	0.046916	0.074105	0.017944	-0.229518	-0.115116
1782895894.104144	0.526457	0.038574	0.885405	-0.031272	0.052861	0.069341	0.015035	-0.219315	-0.122938
1782895894.138762	0.527462	0.032070	0.878675	-0.029927	0.057787	0.065578	0.005266	-0.200081	-0.113898
1782895894.183815	0.528219	0.027457	0.874167	-0.032385	0.058054	0.063423	0.002979	-0.189095	-0.106356
1782895894.224886	0.529697	0.022203	0.869782	-0.032473	0.059180	0.057718	0.009085	-0.181639	-0.066352
1782895894.259810	0.531418	0.017050	0.867319	-0.025254	0.056708	0.054363	0.008703	-0.173926	-0.014984
1782895894.295580	0.533149	0.013696	0.867089	-0.024401	0.056751	0.052465	0.004215	-0.162896	0.035581
1782895894.341415	0.534910	0.010724	0.868014	-0.019523	0.056603	0.049501	0.004105	-0.149802	0.082732
1782895894.379606	0.538375	0.006345	0.871604	-0.024063	0.055978	0.046199	0.002681	-0.135658	0.103144
1782895894.411096	0.540825	0.003892	0.874269	-0.021133	0.055084	0.045213	-0.000523	-0.122166	0.096974
1782895894.458667	0.543445	0.001868	0.877281	-0.019789	0.055025	0.041171	0.002133	-0.117350	0.100858
1782895894.505712	0.546236	-0.000011	0.879962	-0.021630	0.055208	0.038414	-0.006284	-0.098940	0.072859
1782895894.553650	0.550797	-0.002613	0.883149	-0.020196	0.057567	0.035059	-0.003715	-0.094465	0.071004
1782895894.597399	0.554439	-0.004333	0.884853	-0.015253	0.056885	0.030767	-0.013071	-0.077701	0.037498
1782895894.629704	0.558044	-0.005621	0.885893	-0.007839	0.059036	0.026645	-0.016161	-0.065391	0.012717
1782895894.662855	0.561983	-0.007038	0.885699	-0.007074	0.060182	0.023730	-0.007111	-0.073593	0.014461
1782895894.705302	0.563917	-0.007574	0.885820	-0.009621	0.062781	0.020991	-0.011470	-0.061769	0.012930
1782895894.744524	0.567715	-0.008900	0.885424	-0.002014	0.059682	0.018756	-0.014090	-0.051904	0.007012
1782895894.779798	0.571749	-0.009547	0.885089	-0.004337	0.059446	0.013916	-0.016663	-0.046261	0.003166
1782895894.819731	0.574954	-0.010303	0.884971	-0.000560	0.057322	0.011971	-0.007853	-0.049050	0.007793
1782895894.863508	0.578901	-0.011006	0.885090	-0.007173	0.054287	0.009549	-0.012696	-0.042582	0.022810
1782895894.905597	0.582009	-0.011592	0.885439	-0.002469	0.052899	0.005151	-0.008647	-0.040632	0.040567
1782895894.940820	0.586069	-0.012444	0.885980	0.002298	0.049818	0.003608	-0.019510	-0.031532	0.040548
1782895894.976999	0.589966	-0.013358	0.886780	-0.003522	0.047080	0.002699	-0.016818	-0.033764	0.022434
1782895895.020365	0.591862	-0.013748	0.886795	-0.000916	0.043294	0.000786	-0.021869	-0.029280	0.021040
1782895895.078027	0.596137	-0.014793	0.886939	0.003152	0.042767	-0.001866	-0.028774	-0.029426	0.004597
1782895895.150095	0.599169	-0.015517	0.886244	-0.000616	0.043093	-0.002645	-0.038134	-0.028009	0.001527
1782895895.190650	0.603808	-0.017642	0.884490	-0.004040	0.044842	-0.003779	-0.058486	-0.017937	-0.008824
1782895895.227386	0.605283	-0.018502	0.884338	-0.001814	0.045863	-0.004801	-0.060534	-0.019014	0.009611
1782895895.268723	0.606328	-0.019066	0.883758	0.000281	0.045501	-0.003781	-0.067676	-0.014762	-0.000991
1782895895.315092	0.607457	-0.020554	0.883672	0.003448	0.048303	-0.003732	-0.067602	-0.020113	0.005538
1782895895.361905	0.608312	-0.021806	0.883662	0.001329	0.050397	-0.002627	-0.069090	-0.019571	0.027270
1782895895.395364	0.608947	-0.023181	0.883968	-0.001386	0.052275	-0.002695	-0.073840	-0.019910	0.023285
1782895895.436978	0.609406	-0.024161	0.884155	-0.000425	0.051904	-0.003501	-0.084181	-0.013425	0.020563
1782895895.478610	0.609529	-0.025818	0.883975	0.010857	0.051388	-0.004187	-0.085276	-0.012520	-0.004214
1782895895.515466	0.609848	-0.027042	0.883862	0.008027	0.052745	-0.004672	-0.081279	-0.017025	0.003559
1782895895.547704	0.609733	-0.028726	0.883559	0.004191	0.054716	-0.006472	-0.090484	-0.012865	-0.004720
1782895895.585507	0.609345	-0.030135	0.882834	0.004040	0.053803	-0.006375	-0.086322	-0.014032	-0.004291
1782895895.632175	0.609013	-0.031493	0.882206	0.006791	0.056759	-0.010926	-0.089218	-0.015659	-0.009798
1782895895.665890	0.608778	-0.034037	0.881515	0.004429	0.059887	-0.010247	-0.085081	-0.017010	-0.011335
1782895895.705053	0.608502	-0.035038	0.881447	0.008028	0.060088	-0.013436	-0.088790	-0.013579	0.007411
1782895895.767038	0.607733	-0.038642	0.881334	0.002536	0.060006	-0.017102	-0.087094	-0.013691	0.015721
1782895895.803370	0.607399	-0.039940	0.881455	-0.003789	0.060384	-0.017164	-0.079922	-0.019200	0.030507
1782895895.850475	0.607115	-0.041932	0.882399	-0.002041	0.058456	-0.021903	-0.085669	-0.011754	0.049742
1782895895.896930	0.606554	-0.044152	0.883661	-0.006077	0.057004	-0.023708	-0.088560	-0.007958	0.038329
1782895895.930460	0.605874	-0.046277	0.884588	-0.006506	0.056255	-0.025793	-0.085047	-0.009495	0.032196
1782895895.965430	0.605481	-0.048018	0.885381	-0.012119	0.059232	-0.029304	-0.086276	-0.003952	0.027455
1782895896.012487	0.605146	-0.049010	0.885595	-0.009879	0.059228	-0.028334	-0.076265	-0.010287	0.024740
1782895896.056065	0.604174	-0.051308	0.885659	-0.010249	0.057837	-0.031597	-0.084255	0.000493	0.002169
1782895896.115731	0.603796	-0.052596	0.885539	-0.009921	0.058962	-0.034959	-0.081570	0.000378	-0.007868
1782895896.189687	0.602636	-0.054989	0.884112	-0.003181	0.054160	-0.039013	-0.077213	0.002017	-0.003750
1782895896.257433	0.601007	-0.057595	0.882899	-0.011487	0.053113	-0.043120	-0.079063	0.009100	-0.005735
1782895896.299947	0.599966	-0.059010	0.882358	-0.008335	0.054818	-0.046143	-0.075921	0.014842	0.004265
1782895896.344619	0.598613	-0.060255	0.882193	-0.015835	0.057791	-0.046838	-0.066358	0.014368	0.007640
1782895896.389160	0.597759	-0.061004	0.882264	-0.013742	0.057050	-0.049706	-0.071976	0.025081	0.008062
1782895896.424893	0.597388	-0.061436	0.882380	-0.017222	0.057179	-0.053032	-0.062299	0.021220	0.015224
1782895896.460973	0.596649	-0.061899	0.882929	-0.016594	0.055762	-0.052679	-0.064033	0.029913	0.030609
1782895896.503752	0.595839	-0.061945	0.883386	-0.016202	0.057389	-0.056499	-0.063530	0.033538	0.020569
1782895896.535688	0.595099	-0.062157	0.884143	-0.010803	0.057283	-0.059124	-0.057899	0.037899	0.026023
1782895896.572990	0.594765	-0.062097	0.884324	-0.010952	0.057037	-0.059560	-0.057541	0.038040	0.007039
1782895896.613162	0.594125	-0.062137	0.884957	-0.003278	0.054477	-0.062524	-0.052156	0.036907	0.018822
1782895896.661780	0.593485	-0.062061	0.884971	-0.007577	0.054561	-0.063420	-0.048872	0.033613	0.005790
1782895896.703211	0.593026	-0.061976	0.884740	-0.000715	0.054762	-0.064934	-0.048168	0.038005	0.005950
1782895896.737861	0.592339	-0.061875	0.884005	-0.002195	0.057001	-0.068473	-0.041552	0.032273	-0.013723
1782895896.775753	0.592103	-0.061871	0.883794	-0.001635	0.057456	-0.072953	-0.041542	0.035812	-0.003471
1782895896.908582	0.591701	-0.061722	0.883028	-0.003148	0.057049	-0.071907	-0.035462	0.030115	-0.001089
1782895897.001977	0.591648	-0.061492	0.882253	-0.009589	0.057574	-0.076271	-0.020089	0.035592	0.002730
1782895897.040248	0.592086	-0.061034	0.881673	-0.014993	0.056583	-0.078472	-0.008313	0.036689	-0.006803
1782895897.079364	0.592768	-0.060482	0.881149	-0.010921	0.056564	-0.080782	-0.011943	0.043966	-0.000368
1782895897.123272	0.593034	-0.060259	0.880891	-0.009149	0.052382	-0.079652	-0.006689	0.039801	-0.002997
1782895897.156947	0.593743	-0.059624	0.881063	-0.009872	0.053127	-0.080766	-0.005942	0.046528	0.009865
1782895897.190087	0.593955	-0.059278	0.881088	-0.009289	0.050712	-0.081265	-0.004991	0.050006	-0.003944
1782895897.245869	0.594550	-0.058915	0.881560	-0.001451	0.050209	-0.084011	-0.002191	0.047397	0.019038
1782895897.336149	0.595396	-0.057999	0.881860	-0.002992	0.051344	-0.086337	-0.005028	0.049177	0.008089
1782895897.368361	0.596253	-0.056498	0.882268	-0.001924	0.049979	-0.085308	-0.001444	0.044091	0.009081
1782895897.403763	0.596498	-0.056221	0.882198	-0.005204	0.051521	-0.085395	0.007064	0.036539	0.006621
1782895897.453520	0.597018	-0.055564	0.881906	-0.009323	0.049555	-0.086723	-0.004142	0.044925	-0.006850
1782895897.499476	0.597429	-0.054829	0.880959	0.000511	0.050219	-0.087324	-0.002973	0.040231	-0.018774
1782895897.537607	0.598000	-0.054162	0.880216	-0.004284	0.051725	-0.086542	0.007873	0.033983	-0.022554
1782895897.572797	0.598092	-0.053755	0.879359	-0.000820	0.050934	-0.086129	0.000816	0.037362	-0.014960
1782895897.613665	0.598331	-0.053331	0.878634	-0.000631	0.052656	-0.086851	0.008886	0.033862	-0.015398
1782895897.658594	0.598370	-0.052657	0.878109	-0.006405	0.052235	-0.086585	0.010941	0.036630	0.001023
1782895897.705903	0.598724	-0.052192	0.877986	-0.008722	0.054349	-0.087931	0.004703	0.037916	0.010905
1782895897.741062	0.598998	-0.051539	0.878498	-0.003366	0.051365	-0.085386	0.002347	0.036807	0.019656
1782895897.772833	0.599463	-0.050832	0.879733	-0.007680	0.051453	-0.087434	0.007661	0.034400	0.031445
1782895897.820438	0.599422	-0.050497	0.880307	-0.007889	0.051829	-0.084351	0.004959	0.036521	0.030891
1782895897.856892	0.599725	-0.049513	0.882530	-0.000822	0.049611	-0.084747	0.007134	0.035353	0.026867
1782895897.892826	0.599566	-0.049212	0.883319	-0.006649	0.049255	-0.081421	0.006944	0.035855	0.035741
1782895897.929196	0.599684	-0.048271	0.884360	-0.005228	0.050313	-0.081696	-0.000496	0.039887	0.009496
1782895897.970930	0.599387	-0.047491	0.885152	-0.006135	0.047957	-0.079743	-0.000155	0.037473	0.016926
1782895898.012518	0.599219	-0.046645	0.885750	-0.004754	0.047091	-0.078189	-0.002123	0.034946	-0.001081
1782895898.049215	0.598828	-0.045417	0.885672	-0.002922	0.047263	-0.076564	-0.004948	0.038865	0.002880
1782895898.087118	0.597843	-0.044428	0.884981	-0.007766	0.049591	-0.072152	-0.010494	0.041041	-0.018062
1782895898.123011	0.597597	-0.043771	0.884970	-0.008750	0.051950	-0.073777	-0.006583	0.034179	-0.004763
1782895898.159678	0.596796	-0.042540	0.884654	-0.001717	0.048043	-0.070152	-0.015109	0.041714	-0.001334
1782895898.199840	0.596003	-0.041225	0.884571	-0.003151	0.050707	-0.071561	-0.019480	0.041798	-0.006138
1782895898.244009	0.594853	-0.040155	0.884776	-0.002857	0.048753	-0.066802	-0.017702	0.040401	0.014679
1782895898.276591	0.593975	-0.038532	0.885963	-0.001535	0.049100	-0.067679	-0.020006	0.038730	0.022858
1782895898.316254	0.593159	-0.037980	0.886178	-0.005517	0.049327	-0.065277	-0.022327	0.039684	0.015628
1782895898.410151	0.591703	-0.036151	0.887842	0.001952	0.049958	-0.065670	-0.025570	0.040983	0.015476
1782895898.458934	0.588926	-0.033393	0.890324	0.002513	0.052088	-0.061438	-0.023609	0.038954	0.023753
1782895898.489106	0.587707	-0.032370	0.891055	-0.001644	0.051132	-0.058436	-0.028853	0.041333	0.014889
1782895898.526772	0.586837	-0.031297	0.891847	0.005322	0.054222	-0.059598	-0.024558	0.039057	0.022819
1782895898.569941	0.585129	-0.030241	0.892806	0.000937	0.053940	-0.055764	-0.027987	0.038803	0.011485
1782895898.616509	0.584055	-0.028763	0.893567	0.003385	0.055527	-0.055810	-0.025137	0.037926	0.004430
1782895898.662878	0.582641	-0.027691	0.893920	-0.001248	0.059152	-0.053241	-0.019253	0.035469	0.007669
1782895898.696088	0.581571	-0.027080	0.893993	0.004757	0.058023	-0.050382	-0.017075	0.033587	0.001424
1782895898.738753	0.580729	-0.026039	0.894309	0.004134	0.061420	-0.052034	-0.014499	0.029227	0.004251
1782895898.780004	0.579958	-0.025376	0.894203	0.004167	0.061490	-0.049794	-0.010162	0.027579	0.002326
1782895898.811355	0.579482	-0.024596	0.894460	0.002426	0.061540	-0.048466	-0.009845	0.032789	-0.001906
1782895898.846807	0.579060	-0.024282	0.894326	-0.000220	0.059815	-0.046721	-0.003769	0.025114	0.000095
1782895898.886871	0.578882	-0.023649	0.894256	0.000733	0.061354	-0.049837	-0.005162	0.028469	-0.005875
1782895898.927087	0.578610	-0.023609	0.894202	-0.000282	0.059408	-0.046652	0.002961	0.018176	0.001421
1782895898.961932	0.578635	-0.023356	0.894386	0.004073	0.057088	-0.047448	0.003030	0.018535	0.007509
1782895899.004989	0.578784	-0.023426	0.894560	0.005915	0.054901	-0.045177	0.003476	0.015031	-0.014638
1782895899.050582	0.578981	-0.023472	0.894322	0.003832	0.054629	-0.045624	0.013167	0.002197	-0.001631
1782895899.100377	0.579306	-0.024002	0.894164	0.004775	0.054287	-0.047623	0.007688	0.005269	-0.002936
1782895899.130920	0.579642	-0.024732	0.893442	0.005834	0.052490	-0.048665	0.008886	0.002027	-0.013333
1782895899.168861	0.579937	-0.025140	0.892929	0.004389	0.050745	-0.050013	0.019602	-0.005470	-0.006294
1782895899.209261	0.579988	-0.025510	0.892213	-0.001370	0.053755	-0.050935	0.011604	-0.002834	-0.020882
1782895899.254184	0.580460	-0.026023	0.891612	-0.004388	0.052643	-0.053565	0.021268	-0.008512	-0.022541
1782895899.291202	0.580880	-0.026964	0.890427	-0.007855	0.052107	-0.054828	0.021911	-0.005966	-0.020992
1782895899.328803	0.581262	-0.027658	0.889282	-0.003134	0.049571	-0.056533	0.017881	-0.007564	-0.025138
1782895899.374575	0.581634	-0.028085	0.888752	-0.005882	0.049681	-0.059030	0.019218	-0.005043	-0.010754
1782895899.427958	0.582134	-0.028546	0.888043	-0.013725	0.049105	-0.060119	0.014823	0.003974	-0.016328
1782895899.524717	0.582841	-0.029045	0.888044	-0.013467	0.047908	-0.064939	0.014872	0.004554	-0.002784
1782895899.559477	0.583790	-0.029803	0.887984	-0.005982	0.050474	-0.069107	0.017841	0.004558	-0.001455
1782895899.594188	0.584133	-0.029739	0.887910	-0.003925	0.050913	-0.071446	0.008513	0.015315	-0.008890
1782895899.636691	0.584447	-0.029623	0.887917	-0.010635	0.052473	-0.072948	0.011343	0.014308	0.009702
1782895899.686680	0.584885	-0.029416	0.888148	-0.015965	0.051735	-0.072756	0.011249	0.016556	-0.002412
1782895899.724174	0.585620	-0.029074	0.888148	-0.015979	0.051949	-0.076424	0.016464	0.014350	-0.018286
1782895899.761371	0.585787	-0.028683	0.887796	-0.014113	0.050342	-0.077716	0.012921	0.018284	-0.016828
1782895899.807209	0.585984	-0.028585	0.887257	-0.006065	0.049423	-0.078965	0.010431	0.015312	-0.024962
1782895899.857038	0.586258	-0.027960	0.886708	-0.007468	0.050097	-0.080987	0.011983	0.018262	-0.016540
1782895899.980635	0.586632	-0.027297	0.886084	-0.004740	0.048450	-0.082271	0.013240	0.016824	-0.005994
1782895900.066301	0.587248	-0.025622	0.886143	-0.001628	0.048059	-0.083901	0.006251	0.019395	0.002823
1782895900.114955	0.587620	-0.024719	0.886374	-0.003939	0.047775	-0.084133	0.011987	0.015813	-0.006767
1782895900.160168	0.587678	-0.024240	0.886352	-0.008616	0.050521	-0.085757	0.011790	0.012907	-0.002817
1782895900.210063	0.587754	-0.023710	0.886209	-0.007378	0.053889	-0.087432	0.004796	0.017138	-0.016629
1782895900.254665	0.587754	-0.023308	0.885804	-0.006727	0.052120	-0.087439	0.010190	0.008526	-0.007647
1782895900.285776	0.587779	-0.023000	0.885778	-0.005226	0.051813	-0.086425	0.011899	0.006676	-0.008023
1782895900.324291	0.587785	-0.022901	0.885798	-0.003416	0.050741	-0.085918	0.006136	0.013490	-0.019743
1782895900.368729	0.587964	-0.022570	0.885986	-0.005416	0.050264	-0.086532	0.011654	0.004032	-0.004625
1782895900.401191	0.587831	-0.022633	0.886142	-0.003001	0.048736	-0.085304	0.005856	0.006285	0.014513
1782895900.432638	0.587819	-0.022501	0.886602	0.001356	0.046617	-0.085670	0.000701	0.009028	0.001442
1782895900.474765	0.587732	-0.022769	0.886929	-0.000423	0.047287	-0.083700	0.005340	-0.000650	0.008303
1782895900.520628	0.587794	-0.022899	0.887493	-0.000928	0.048968	-0.083302	0.002777	0.000888	0.024453
1782895900.600675	0.587612	-0.022955	0.887796	-0.004232	0.048005	-0.081870	-0.001105	0.008438	-0.000079
1782895900.654093	0.587651	-0.022596	0.888331	-0.016955	0.050314	-0.080738	0.007142	0.005908	0.016837
1782895900.699602	0.587729	-0.022285	0.888529	-0.018134	0.052052	-0.080697	0.008875	0.013088	0.008029
1782895900.741992	0.587785	-0.021742	0.888517	-0.015753	0.052440	-0.078239	0.005930	0.020115	-0.002680
1782895900.806926	0.587944	-0.021001	0.888112	-0.014254	0.052740	-0.075066	0.007741	0.024080	-0.013710
1782895900.837853	0.588298	-0.020044	0.887385	-0.008071	0.052176	-0.073237	0.009113	0.021666	-0.021182
1782895900.877177	0.588502	-0.019591	0.886380	-0.007915	0.052403	-0.072306	0.015070	0.023978	-0.023172
1782895900.923647	0.588911	-0.018809	0.885603	-0.009686	0.053851	-0.073244	0.011642	0.025144	-0.034013
1782895900.961790	0.589366	-0.017439	0.883853	-0.002521	0.052701	-0.070726	0.014564	0.027053	-0.042904
1782895900.998584	0.589773	-0.016920	0.882746	-0.005916	0.053723	-0.070271	0.023302	0.021287	-0.031495
1782895901.034761	0.590003	-0.016182	0.881535	-0.005382	0.051545	-0.068524	0.018123	0.026392	-0.045424
1782895901.080061	0.590727	-0.015327	0.880664	-0.002740	0.052795	-0.069568	0.024385	0.018846	-0.023233
1782895901.127882	0.591506	-0.014246	0.880098	-0.002128	0.048878	-0.067336	0.020056	0.022476	0.005835
1782895901.164721	0.592137	-0.013652	0.880142	-0.003805	0.050951	-0.065062	0.019270	0.018389	0.028048
1782895901.201226	0.592888	-0.013148	0.880774	-0.000056	0.049942	-0.064826	0.015333	0.021052	0.032667
1782895901.243548	0.593513	-0.012763	0.882175	-0.002064	0.049299	-0.060029	0.013898	0.020584	0.024114
1782895901.286361	0.594059	-0.012198	0.883242	0.003585	0.048927	-0.059709	0.018474	0.011458	0.023875
1782895901.333691	0.594663	-0.012030	0.883714	0.001826	0.049388	-0.057358	0.021239	0.010306	0.021533
1782895901.365545	0.595411	-0.011573	0.884515	0.003344	0.054145	-0.056887	0.023284	0.006175	0.009029
1782895901.398739	0.595626	-0.011642	0.884607	0.002922	0.053913	-0.055040	0.020933	0.003330	-0.001405
1782895901.445183	0.596163	-0.011481	0.884628	-0.004325	0.053719	-0.054561	0.024858	0.001842	0.003927
1782895901.485178	0.596740	-0.011819	0.884482	-0.006968	0.051208	-0.053557	0.015341	0.004705	-0.007380
1782895901.516802	0.597290	-0.011929	0.884229	-0.002219	0.050406	-0.053872	0.020622	-0.002193	-0.021908
1782895901.556589	0.597470	-0.011868	0.884013	-0.005616	0.049164	-0.053207	0.013248	0.003808	-0.008415
1782895901.615113	0.597998	-0.012258	0.883612	-0.004333	0.049620	-0.051175	0.012103	0.000489	-0.001936
1782895901.692682	0.598455	-0.012533	0.883607	-0.001321	0.045711	-0.050221	0.013189	-0.002713	0.010064
1782895901.734758	0.599009	-0.012962	0.884199	-0.002828	0.047383	-0.046154	0.014206	-0.006858	0.004835
1782895901.769380	0.599171	-0.013335	0.884491	-0.003255	0.048949	-0.045228	0.011310	-0.005094	-0.000369
1782895901.810368	0.599184	-0.013617	0.884480	-0.003497	0.049143	-0.044295	0.005040	-0.003158	-0.000065
1782895901.850340	0.599218	-0.013964	0.884496	-0.004578	0.047010	-0.042589	0.006350	-0.007089	-0.009754
1782895901.887586	0.599169	-0.014009	0.884679	-0.003350	0.047249	-0.042054	0.002402	-0.004191	-0.014787
1782895901.929433	0.599074	-0.014349	0.884532	-0.004803	0.045927	-0.039707	-0.000822	-0.002833	0.000615
1782895901.978263	0.598661	-0.014412	0.884506	-0.002102	0.046188	-0.039888	-0.004398	-0.002258	-0.006972
1782895902.025179	0.598119	-0.014655	0.884378	0.000224	0.043659	-0.036417	-0.007359	-0.003846	-0.004286
1782895902.069017	0.597399	-0.014617	0.884231	-0.005795	0.047413	-0.035543	-0.013092	-0.000000	-0.003578
1782895902.103785	0.596895	-0.014780	0.884082	-0.008934	0.048067	-0.034835	-0.010230	-0.001959	-0.007655
1782895902.142896	0.596251	-0.014917	0.883820	-0.003806	0.048816	-0.033989	-0.008615	-0.002473	0.005656
1782895902.180290	0.595717	-0.014769	0.883273	0.000638	0.046745	-0.035226	-0.014095	0.004475	-0.005355
1782895902.216109	0.594999	-0.014764	0.883214	-0.001629	0.048822	-0.032244	-0.011367	0.001887	-0.010966
1782895902.255802	0.594395	-0.014472	0.883216	-0.005547	0.052603	-0.032363	-0.005725	-0.001651	-0.003139
1782895902.315990	0.593864	-0.014138	0.883341	-0.006377	0.053251	-0.029116	-0.008204	0.005719	-0.009396
1782895902.380607	0.593403	-0.013378	0.883600	-0.003658	0.053903	-0.028105	-0.003032	0.007446	0.005062
1782895902.429453	0.592980	-0.012828	0.884590	-0.007971	0.055642	-0.024593	-0.001408	0.009618	-0.000752
1782895902.507063	0.592865	-0.012205	0.885069	-0.005061	0.055766	-0.022807	0.003525	0.006759	0.016990
1782895902.570899	0.592790	-0.011513	0.886132	-0.001403	0.053591	-0.019876	0.000969	0.010705	0.006565
1782895902.621594	0.592777	-0.010890	0.887279	-0.001884	0.050616	-0.016995	0.004996	0.004711	0.001920
1782895902.670357	0.592917	-0.010470	0.887719	0.001661	0.049378	-0.015760	0.001048	0.002912	0.010286
1782895902.779358	0.592723	-0.010314	0.887723	0.007083	0.047181	-0.013451	-0.005255	0.007588	-0.003394
1782895902.857914	0.592164	-0.010207	0.888777	0.003047	0.044831	-0.010138	-0.009987	-0.000588	-0.003193
1782895902.977911	0.591305	-0.010362	0.888580	0.003381	0.047183	-0.008465	-0.015461	-0.003674	-0.010467
1782895903.085123	0.590129	-0.011264	0.887727	0.001864	0.051080	-0.007462	-0.012154	-0.004337	-0.021012
1782895903.185197	0.589175	-0.012173	0.887184	0.001255	0.059574	-0.005133	0.000721	-0.012292	-0.003496
1782895903.250222	0.589413	-0.012997	0.888133	-0.002425	0.062706	-0.002676	0.007334	-0.009401	0.011340
1782895903.299565	0.590216	-0.013657	0.889433	-0.003005	0.061062	-0.003154	0.014361	-0.005686	0.037476
1782895903.357623	0.590762	-0.014024	0.890424	-0.001138	0.056582	-0.001927	0.012880	-0.002000	0.021165
1782895903.398854	0.591592	-0.014540	0.892172	-0.004394	0.054389	-0.001884	0.013070	-0.001890	0.026316
1782895903.438950	0.592338	-0.014973	0.893319	0.000228	0.049133	-0.000291	0.010638	-0.005217	0.020854
1782895903.486357	0.592884	-0.015379	0.894067	0.006548	0.044890	-0.000547	0.012476	-0.008538	0.014147
1782895903.547470	0.593045	-0.015775	0.894268	0.002969	0.045120	0.001097	0.010274	-0.007433	0.014912
1782895903.604522	0.593538	-0.016404	0.894155	0.003553	0.045880	0.000777	0.005767	-0.008921	0.000912
1782895903.656673	0.593749	-0.017120	0.892691	0.003270	0.045424	0.002615	0.000277	-0.008959	-0.020356
