鏃堕棿(s)	浣嶇疆x(m)	浣嶇疆y(m)	浣嶇疆z(m)	娆ф媺瑙抮oll(rad)	娆ф媺瑙抪itch(rad)	娆ф媺瑙抷aw(rad)	閫熷害x(m/s)	閫熷害y(m/s)	閫熷害z(m/s)
1782895721.907768	-0.541551	-0.014236	1.255628	0.006541	0.004463	0.022424	0.026991	-0.001340	-0.027637
1782895721.912072	-0.541551	-0.014236	1.255628	0.006541	0.004463	0.022424	0.024418	-0.000163	-0.044187
1782895721.919309	-0.541411	-0.014201	1.255350	0.006206	0.006086	0.022163	0.024418	-0.000163	-0.044187
1782895721.929433	-0.541198	-0.014137	1.255171	0.006642	0.006150	0.022242	0.024418	-0.000163	-0.044187
1782895721.940717	-0.540887	-0.014121	1.254773	0.006311	0.005694	0.021453	0.022923	-0.000258	-0.029295
1782895721.949516	-0.540662	-0.013881	1.254390	0.008429	0.007433	0.025693	0.029818	-0.008749	-0.016214
1782895721.959785	-0.540417	-0.013968	1.254243	0.005053	0.009809	0.028157	0.029818	-0.008749	-0.016214
1782895721.969920	-0.54024	-0.013852	1.253932	0.005984	0.010727	0.031829	0.027160	-0.004085	0.012375
1782895721.979780	-0.540054	-0.013653	1.253942	0.004100	0.010802	0.036444	0.027160	-0.004085	0.012375
1782895721.989854	-0.540054	-0.013653	1.253942	0.004100	0.010802	0.036444	0.027160	-0.004085	0.012375
1782895721.999704	-0.539901	-0.013535	1.254246	-0.000128	0.010494	0.039563	0.030342	-0.001396	0.045452
1782895722.012052	-0.539751	-0.013374	1.254851	0.008775	0.008193	0.042722	0.032599	-0.000483	0.085564
1782895722.019905	-0.539614	-0.013188	1.255651	0.009748	0.008057	0.046370	0.032599	-0.000483	0.085564
1782895722.030341	-0.539396	-0.013269	1.256352	0.006704	0.008795	0.050543	0.032599	-0.000483	0.085564
1782895722.042324	-0.539088	-0.013074	1.257886	0.010161	0.008700	0.053328	0.029862	0.002054	0.111068
1782895722.051304	-0.53885	-0.012867	1.258947	0.006730	0.009793	0.057081	0.029862	0.002054	0.111068
1782895722.060329	-0.538718	-0.012804	1.260540	0.014386	0.008211	0.060550	0.036465	0.000435	0.143036
1782895722.074086	-0.538373	-0.012611	1.262079	0.006540	0.009490	0.063839	0.037534	-0.002572	0.150877
1782895722.079652	-0.53824	-0.012647	1.263715	0.009021	0.008519	0.067500	0.037534	-0.002572	0.150877
1782895722.089942	-0.538038	-0.012467	1.265695	0.007598	0.010348	0.070141	0.037534	-0.002572	0.150877
1782895722.099825	-0.538038	-0.012467	1.265695	0.007598	0.010348	0.070141	0.044071	-0.004184	0.174046
1782895722.109828	-0.537557	-0.012334	1.267500	0.006890	0.009479	0.074285	0.042747	-0.003916	0.166278
1782895722.120644	-0.537372	-0.012186	1.269577	0.008245	0.008360	0.078129	0.042747	-0.003916	0.166278
1782895722.130841	-0.536957	-0.012312	1.271607	0.005084	0.010254	0.080828	0.045036	-0.005194	0.170634
1782895722.139960	-0.536689	-0.012055	1.273363	0.009550	0.008189	0.084351	0.045036	-0.005194	0.170634
1782895722.149976	-0.536456	-0.011857	1.275403	0.008782	0.009307	0.087375	0.050192	-0.002361	0.150790
1782895722.159676	-0.536032	-0.011911	1.277077	0.004302	0.010076	0.090474	0.050192	-0.002361	0.150790
1782895722.170569	-0.535771	-0.011673	1.278858	0.009789	0.009020	0.092978	0.044483	-0.005312	0.129077
1782895722.182474	-0.535381	-0.011679	1.280472	0.006592	0.008530	0.097327	0.044483	-0.005312	0.129077
1782895722.190020	-0.535381	-0.011679	1.280472	0.006592	0.008530	0.097327	0.037448	-0.002923	0.116516
1782895722.200208	-0.534688	-0.011430	1.283393	0.004116	0.008488	0.104329	0.037448	-0.002923	0.116516
1782895722.212032	-0.534688	-0.011430	1.283393	0.004116	0.008488	0.104329	0.037448	-0.002923	0.116516
1782895722.220838	-0.534386	-0.011273	1.284486	0.008889	0.009959	0.105980	0.042260	-0.005464	0.104134
1782895722.230189	-0.534011	-0.011150	1.285769	0.003569	0.011407	0.109306	0.047658	-0.008220	0.082870
1782895722.239782	-0.53371	-0.011159	1.286769	0.008331	0.008558	0.113500	0.047658	-0.008220	0.082870
1782895722.250164	-0.533331	-0.010987	1.287523	0.007190	0.008254	0.117100	0.046973	-0.006744	0.047613
1782895722.259721	-0.533143	-0.010832	1.288156	0.007865	0.008827	0.119595	0.046973	-0.006744	0.047613
1782895722.271320	-0.532571	-0.010858	1.288772	0.008968	0.008224	0.123334	0.043206	-0.005738	0.028735
1782895722.280539	-0.53217	-0.010624	1.289221	0.006633	0.008989	0.126026	0.043206	-0.005738	0.028735
1782895722.291768	-0.531751	-0.010619	1.289336	0.008706	0.007555	0.129425	0.043206	-0.005738	0.028735
1782895722.299827	-0.531751	-0.010619	1.289336	0.008706	0.007555	0.129425	0.047374	-0.008624	0.020598
1782895722.312333	-0.53153	-0.010670	1.289717	0.009021	0.006768	0.134340	0.047374	-0.008624	0.020598
1782895722.319784	-0.531199	-0.010561	1.289839	0.007171	0.005610	0.136213	0.052471	-0.014781	0.008375
1782895722.333704	-0.530807	-0.010235	1.289927	0.005521	0.007336	0.139382	0.052471	-0.014781	0.008375
1782895722.340268	-0.53042	-0.010192	1.290138	0.006835	0.006703	0.141723	0.044167	-0.008829	-0.004942
1782895722.349984	-0.530076	-0.010323	1.290095	0.007259	0.005573	0.143943	0.047816	-0.011848	0.009414
1782895722.359851	-0.529643	-0.009964	1.290158	0.002884	0.005198	0.148799	0.047816	-0.011848	0.009414
1782895722.369966	-0.52925	-0.009833	1.290205	0.004833	0.004078	0.151768	0.055772	-0.018138	0.000542
1782895722.380390	-0.52925	-0.009833	1.290205	0.004833	0.004078	0.151768	0.055772	-0.018138	0.000542
1782895722.390877	-0.528464	-0.009806	1.290044	0.005705	0.003479	0.157984	0.049084	-0.012875	-0.004445
1782895722.399952	-0.528464	-0.009806	1.290044	0.005705	0.003479	0.157984	0.049084	-0.012875	-0.004445
1782895722.410340	-0.52805	-0.009812	1.290082	0.006524	0.003924	0.160215	0.049084	-0.012875	-0.004445
1782895722.420709	-0.527661	-0.009792	1.290088	0.006339	0.003317	0.164326	0.054125	-0.017892	0.016519
1782895722.432284	-0.527292	-0.009514	1.290183	0.007670	0.003334	0.167447	0.052550	-0.016040	0.002125
1782895722.440626	-0.526835	-0.009541	1.290121	0.012376	0.002974	0.170811	0.052550	-0.016040	0.002125
1782895722.450356	-0.526418	-0.009669	1.290071	0.010060	0.002449	0.173784	0.052284	-0.014067	0.027815
1782895722.460163	-0.525992	-0.009525	1.290261	0.009763	0.001474	0.177499	0.052284	-0.014067	0.027815
1782895722.470716	-0.525574	-0.009399	1.290505	0.011419	0.000943	0.180687	0.052284	-0.014067	0.027815
1782895722.479916	-0.525041	-0.009298	1.290711	0.007904	0.001571	0.184896	0.054949	-0.019637	0.031986
1782895722.491917	-0.524598	-0.009271	1.291070	0.004425	0.002107	0.189303	0.051543	-0.013968	0.032036
1782895722.499775	-0.524598	-0.009271	1.291070	0.004425	0.002107	0.189303	0.051543	-0.013968	0.032036
1782895722.510096	-0.524144	-0.009332	1.291115	0.005543	0.001582	0.192081	0.051543	-0.013968	0.032036
1782895722.520582	-0.523816	-0.009067	1.291460	0.004762	0.003282	0.194951	0.056748	-0.021480	0.042902
1782895722.529896	-0.523332	-0.009100	1.291790	0.007752	0.002105	0.197708	0.056748	-0.021480	0.042902
1782895722.539967	-0.522807	-0.009209	1.292141	0.005920	0.004349	0.202143	0.054651	-0.017859	0.035803
1782895722.551676	-0.522288	-0.009024	1.292500	0.006619	0.004310	0.204716	0.057129	-0.015339	0.046401
1782895722.560066	-0.52184	-0.008896	1.292846	0.005258	0.003967	0.206530	0.057129	-0.015339	0.046401
1782895722.571635	-0.521269	-0.009020	1.293209	0.007671	0.003042	0.210780	0.062115	-0.021970	0.042998
1782895722.580540	-0.520783	-0.008911	1.293758	0.007108	0.002667	0.215065	0.062115	-0.021970	0.042998
1782895722.590277	-0.520783	-0.008911	1.293758	0.007108	0.002667	0.215065	0.057911	-0.017819	0.034595
1782895722.601107	-0.519877	-0.009096	1.294546	0.001049	0.004231	0.220588	0.057911	-0.017819	0.034595
1782895722.610351	-0.519877	-0.009096	1.294546	0.001049	0.004231	0.220588	0.061024	-0.018639	0.038440
1782895722.620095	-0.519329	-0.009018	1.294943	0.004502	0.004529	0.224772	0.061024	-0.018639	0.038440
1782895722.629942	-0.518777	-0.008727	1.295206	0.003832	0.004681	0.227999	0.060738	-0.022937	0.031559
1782895722.639935	-0.518286	-0.008709	1.295603	0.005384	0.005474	0.231499	0.060738	-0.022937	0.031559
1782895722.654353	-0.517767	-0.008609	1.295891	0.007500	0.003576	0.233835	0.058673	-0.017688	0.026683
1782895722.660068	-0.517163	-0.008576	1.296192	0.007962	0.003921	0.237304	0.058673	-0.017688	0.026683
1782895722.671291	-0.516847	-0.008535	1.296428	0.005204	0.003948	0.240732	0.061427	-0.016314	0.030285
1782895722.679713	-0.516373	-0.008597	1.296665	0.005253	0.002808	0.245083	0.061427	-0.016314	0.030285
1782895722.690968	-0.515785	-0.008449	1.297033	0.005774	0.003012	0.249248	0.059101	-0.019713	0.025224
1782895722.700307	-0.515785	-0.008449	1.297033	0.005774	0.003012	0.249248	0.059101	-0.019713	0.025224
1782895722.710696	-0.515293	-0.008348	1.297315	0.005003	0.003058	0.250491	0.056499	-0.015272	0.024579
1782895722.719676	-0.514581	-0.008358	1.297509	0.005510	0.004103	0.252759	0.056499	-0.015272	0.024579
1782895722.729874	-0.51421	-0.008175	1.297676	0.006394	0.003212	0.255296	0.056499	-0.015272	0.024579
1782895722.741557	-0.51349	-0.008058	1.297971	0.002868	0.005879	0.258847	0.062315	-0.016308	0.024551
1782895722.753520	-0.513157	-0.007890	1.297986	0.002414	0.004884	0.263842	0.060976	-0.018140	0.020869
1782895722.760041	-0.512593	-0.007900	1.298017	0.004847	0.004559	0.267310	0.060976	-0.018140	0.020869
1782895722.769886	-0.511943	-0.007922	1.298230	0.004292	0.005908	0.269466	0.061491	-0.013932	0.016982
1782895722.779703	-0.511348	-0.007893	1.298462	0.003268	0.006311	0.271770	0.061491	-0.013932	0.016982
1782895722.789742	-0.510913	-0.007571	1.298533	0.005071	0.006078	0.274279	0.069033	-0.014480	0.015269
1782895722.799661	-0.510913	-0.007571	1.298533	0.005071	0.006078	0.274279	0.069033	-0.014480	0.015269
1782895722.810580	-0.51022	-0.007460	1.298689	0.007036	0.006064	0.277253	0.069033	-0.014480	0.015269
1782895722.822772	-0.509578	-0.007445	1.298699	0.008115	0.005626	0.279890	0.067656	-0.018601	0.005391
1782895722.832223	-0.50911	-0.007334	1.298741	0.008153	0.004170	0.283284	0.067656	-0.018601	0.005391
1782895722.845927	-0.50853	-0.007180	1.298645	0.006819	0.004630	0.286526	0.065909	-0.016860	0.001981
1782895722.852760	-0.507962	-0.007185	1.298577	0.007809	0.002898	0.289700	0.065909	-0.016860	0.001981
1782895722.861693	-0.507384	-0.006934	1.298565	0.012035	0.001451	0.291993	0.070813	-0.015764	0.002469
1782895722.872689	-0.506977	-0.006828	1.298610	0.010309	0.004227	0.293151	0.070933	-0.019056	-0.002393
1782895722.881879	-0.506977	-0.006828	1.298610	0.010309	0.004227	0.293151	0.070933	-0.019056	-0.002393
1782895722.891938	-0.505588	-0.006709	1.298561	0.011765	0.002510	0.299290	0.068830	-0.015571	-0.005036
1782895722.900455	-0.505116	-0.006744	1.298487	0.012524	0.003532	0.302748	0.068830	-0.015571	-0.005036
1782895722.910543	-0.505116	-0.006744	1.298487	0.012524	0.003532	0.302748	0.068830	-0.015571	-0.005036
1782895722.922487	-0.504728	-0.006644	1.298333	0.008102	0.002586	0.304867	0.070861	-0.014483	-0.003169
1782895722.930309	-0.504074	-0.006471	1.298179	0.011075	0.001171	0.308586	0.068474	-0.019683	-0.003642
1782895722.942683	-0.50347	-0.006318	1.298288	0.010050	0.002237	0.309934	0.068474	-0.019683	-0.003642
1782895722.951915	-0.502788	-0.006160	1.298333	0.012697	0.000272	0.311591	0.068474	-0.019683	-0.003642
1782895722.961174	-0.502318	-0.006044	1.298387	0.008788	0.002272	0.313397	0.064719	-0.017089	-0.003000
1782895722.970294	-0.501666	-0.006014	1.298183	0.007883	0.002491	0.318001	0.064719	-0.017089	-0.003000
1782895722.981131	-0.501132	-0.005932	1.298193	0.009868	0.002231	0.319564	0.068880	-0.016644	0.005619
1782895722.991052	-0.501132	-0.005932	1.298193	0.009868	0.002231	0.319564	0.068880	-0.016644	0.005619
1782895723.001043	-0.500077	-0.005742	1.298266	0.005178	0.001495	0.326867	0.063649	-0.018218	0.008872
1782895723.011213	-0.500077	-0.005742	1.298266	0.005178	0.001495	0.326867	0.061908	-0.014009	0.011881
1782895723.020927	-0.49964	-0.005594	1.298375	0.007133	0.001841	0.328273	0.061908	-0.014009	0.011881
1782895723.035928	-0.499053	-0.005416	1.298630	0.010418	0.000101	0.330631	0.065130	-0.019097	0.022048
1782895723.040557	-0.498362	-0.005224	1.298568	0.011647	-0.000229	0.333404	0.065130	-0.019097	0.022048
1782895723.051010	-0.497949	-0.004985	1.298919	0.008233	-0.000244	0.335088	0.057889	-0.017818	0.014841
1782895723.068883	-0.496869	-0.005118	1.299293	0.011517	-0.001670	0.340002	0.057889	-0.017818	0.014841
1782895723.076999	-0.496869	-0.005118	1.299293	0.011517	-0.001670	0.340002	0.056490	-0.013010	0.027932
1782895723.097299	-0.496424	-0.005085	1.299636	0.011671	-0.003435	0.342192	0.056490	-0.013010	0.027932
1782895723.100867	-0.495328	-0.004991	1.300100	0.010833	-0.002061	0.348776	0.057607	-0.018109	0.025156
1782895723.106534	-0.495328	-0.004991	1.300100	0.010833	-0.002061	0.348776	0.057607	-0.018109	0.025156
1782895723.112692	-0.495328	-0.004991	1.300100	0.010833	-0.002061	0.348776	0.051122	-0.010354	0.017035
1782895723.119636	-0.494844	-0.004861	1.300286	0.014388	-0.003219	0.350684	0.051122	-0.010354	0.017035
1782895723.132625	-0.494274	-0.004754	1.300442	0.013109	-0.002676	0.352183	0.052504	-0.015773	0.031287
1782895723.140942	-0.493938	-0.004626	1.300607	0.013649	-0.003945	0.355084	0.052504	-0.015773	0.031287
1782895723.151389	-0.493468	-0.004442	1.300838	0.017104	-0.004886	0.356406	0.051154	-0.018094	0.013382
1782895723.160156	-0.492877	-0.004281	1.301133	0.016795	-0.005985	0.359851	0.051154	-0.018094	0.013382
1782895723.171200	-0.492489	-0.004387	1.301288	0.013544	-0.005909	0.363034	0.043747	-0.012465	0.011336
1782895723.179841	-0.492175	-0.004333	1.301379	0.012915	-0.006046	0.365349	0.043747	-0.012465	0.011336
1782895723.190267	-0.491565	-0.004470	1.301362	0.014688	-0.005749	0.367717	0.043747	-0.012465	0.011336
1782895723.201181	-0.491565	-0.004470	1.301362	0.014688	-0.005749	0.367717	0.047644	-0.016843	0.019176
1782895723.209539	-0.491224	-0.004301	1.301433	0.013733	-0.004498	0.369185	0.047644	-0.016843	0.019176
1782895723.220414	-0.490693	-0.004106	1.301447	0.014981	-0.004315	0.371240	0.047444	-0.018621	0.000524
1782895723.230502	-0.490313	-0.003942	1.301317	0.011723	-0.004867	0.373540	0.040847	-0.013440	-0.009642
1782895723.239746	-0.489837	-0.004041	1.301226	0.008737	-0.006047	0.377301	0.040847	-0.013440	-0.009642
1782895723.252794	-0.489458	-0.004087	1.300922	0.010973	-0.005671	0.379570	0.043034	-0.017481	-0.005831
1782895723.259492	-0.489208	-0.004029	1.300988	0.009292	-0.005284	0.382390	0.043034	-0.017481	-0.005831
1782895723.269490	-0.488928	-0.003869	1.300572	0.007041	-0.004155	0.383384	0.046707	-0.021687	-0.021266
1782895723.280018	-0.488421	-0.003789	1.300324	0.007414	-0.002711	0.385771	0.046707	-0.021687	-0.021266
1782895723.291393	-0.487974	-0.003624	1.299948	0.009563	-0.004139	0.388837	0.038011	-0.014687	-0.030972
1782895723.300253	-0.487974	-0.003624	1.299948	0.009563	-0.004139	0.388837	0.038011	-0.014687	-0.030972
1782895723.309904	-0.487766	-0.003657	1.299686	0.012508	-0.005867	0.391120	0.038011	-0.014687	-0.030972
1782895723.320828	-0.487633	-0.003661	1.299356	0.014323	-0.008042	0.393195	0.040011	-0.016911	-0.018195
1782895723.330911	-0.487286	-0.003704	1.299039	0.014153	-0.009419	0.395963	0.040818	-0.018972	-0.025473
1782895723.339788	-0.486825	-0.003676	1.298483	0.012152	-0.007632	0.398359	0.040818	-0.018972	-0.025473
1782895723.351328	-0.486496	-0.003637	1.298422	0.008199	-0.005671	0.399924	0.040818	-0.018972	-0.025473
1782895723.360296	-0.48617	-0.003556	1.298213	0.008983	-0.006099	0.401199	0.032382	-0.013123	-0.022566
1782895723.370402	-0.485797	-0.003491	1.297858	0.009121	-0.006352	0.403943	0.036433	-0.017551	-0.006421
1782895723.379735	-0.485662	-0.003421	1.297731	0.006921	-0.006688	0.406348	0.036433	-0.017551	-0.006421
1782895723.391405	-0.485363	-0.003483	1.297295	0.009718	-0.007602	0.407855	0.032231	-0.016301	-0.021823
1782895723.399757	-0.485363	-0.003483	1.297295	0.009718	-0.007602	0.407855	0.032231	-0.016301	-0.021823
1782895723.410357	-0.485073	-0.003419	1.297192	0.011037	-0.008090	0.410494	0.032231	-0.016301	-0.021823
1782895723.421296	-0.484783	-0.003537	1.296881	0.009988	-0.009577	0.413890	0.028350	-0.012484	-0.004588
1782895723.430171	-0.484595	-0.003433	1.296863	0.009011	-0.008988	0.414991	0.028350	-0.012484	-0.004588
1782895723.442030	-0.484372	-0.003365	1.296693	0.007463	-0.007447	0.416543	0.033100	-0.015503	-0.004589
1782895723.453082	-0.484071	-0.003330	1.296547	0.008484	-0.006195	0.418391	0.024764	-0.009993	-0.012851
1782895723.460385	-0.483963	-0.003268	1.296447	0.007370	-0.006520	0.420153	0.024764	-0.009993	-0.012851
1782895723.470616	-0.48383	-0.003159	1.296332	0.003735	-0.004831	0.422046	0.024954	-0.012735	0.003756
1782895723.479777	-0.483633	-0.003238	1.296162	0.001879	-0.005081	0.425267	0.024954	-0.012735	0.003756
1782895723.489551	-0.483352	-0.003313	1.296095	0.003981	-0.005193	0.428052	0.024954	-0.012735	0.003756
1782895723.499850	-0.483352	-0.003313	1.296095	0.003981	-0.005193	0.428052	0.028432	-0.015090	-0.003185
1782895723.509829	-0.48316	-0.003349	1.296073	0.004347	-0.005223	0.429318	0.028432	-0.015090	-0.003185
1782895723.519558	-0.482996	-0.003247	1.296035	0.005475	-0.004939	0.431289	0.019325	-0.007884	-0.002533
1782895723.529438	-0.482824	-0.003092	1.295980	0.007154	-0.004341	0.432948	0.019325	-0.007884	-0.002533
1782895723.544589	-0.482758	-0.003011	1.295935	0.009683	-0.004021	0.434001	0.025441	-0.012439	0.012782
1782895723.554014	-0.482574	-0.003129	1.296046	0.010229	-0.003566	0.436209	0.025441	-0.012439	0.012782
1782895723.560872	-0.482364	-0.003152	1.295977	0.010817	-0.003785	0.439148	0.023113	-0.011400	-0.006718
1782895723.570451	-0.482247	-0.003252	1.295899	0.008563	-0.005063	0.441258	0.015535	-0.007599	0.001848
1782895723.580663	-0.48205	-0.003228	1.296076	0.005046	-0.004612	0.443008	0.015535	-0.007599	0.001848
1782895723.591245	-0.481979	-0.003151	1.296023	0.007089	-0.004653	0.445125	0.021530	-0.011987	0.007807
1782895723.599790	-0.481979	-0.003151	1.296023	0.007089	-0.004653	0.445125	0.021530	-0.011987	0.007807
1782895723.610897	-0.481932	-0.003074	1.296008	0.005959	-0.004104	0.445837	0.018141	-0.010791	-0.011710
1782895723.620318	-0.481848	-0.003081	1.296060	0.008789	-0.004781	0.446807	0.018141	-0.010791	-0.011710
1782895723.630005	-0.481659	-0.003113	1.295910	0.007903	-0.005496	0.449402	0.018141	-0.010791	-0.011710
1782895723.639787	-0.48168	-0.003024	1.296048	0.010856	-0.006483	0.451998	0.011391	-0.006562	-0.004152
1782895723.649806	-0.481577	-0.002938	1.295896	0.007006	-0.004419	0.453207	0.017806	-0.009208	-0.001243
1782895723.659949	-0.4816	-0.002977	1.295831	0.007372	-0.006410	0.456411	0.017806	-0.009208	-0.001243
1782895723.670423	-0.4815	-0.002941	1.295698	0.005164	-0.005921	0.458387	0.012258	-0.008123	-0.019879
1782895723.680093	-0.481312	-0.002876	1.295632	0.008407	-0.005682	0.459774	0.012258	-0.008123	-0.019879
1782895723.689888	-0.48126	-0.002822	1.295541	0.007867	-0.005790	0.462206	0.007226	-0.006243	-0.007020
1782895723.699877	-0.48126	-0.002822	1.295541	0.007867	-0.005790	0.462206	0.007226	-0.006243	-0.007020
1782895723.709958	-0.481163	-0.002851	1.295472	0.007322	-0.005973	0.462472	0.007226	-0.006243	-0.007020
1782895723.723237	-0.481217	-0.002735	1.295507	0.008461	-0.005798	0.463951	0.013829	-0.009438	-0.007746
1782895723.730325	-0.481233	-0.002865	1.295357	0.007351	-0.005535	0.467705	0.013829	-0.009438	-0.007746
1782895723.739768	-0.481246	-0.002770	1.295259	0.004546	-0.005559	0.468602	0.006285	-0.004041	-0.019769
1782895723.750190	-0.481192	-0.002729	1.295260	0.005956	-0.004792	0.469590	0.005748	-0.005273	-0.001824
1782895723.759716	-0.481078	-0.002818	1.295139	0.003678	-0.005290	0.471205	0.005748	-0.005273	-0.001824
1782895723.769820	-0.480957	-0.002769	1.294987	0.005864	-0.005271	0.472138	0.008690	-0.008056	-0.012133
1782895723.780208	-0.480984	-0.002811	1.294999	0.007502	-0.004497	0.473717	0.008690	-0.008056	-0.012133
1782895723.791396	-0.480984	-0.002811	1.294999	0.007502	-0.004497	0.473717	-0.000218	-0.003538	-0.013143
1782895723.799755	-0.481009	-0.002851	1.294914	0.007383	-0.004000	0.474528	-0.000218	-0.003538	-0.013143
1782895723.811258	-0.481108	-0.002883	1.294858	0.007250	-0.003898	0.476643	0.002083	-0.005714	-0.002893
1782895723.819903	-0.481144	-0.002987	1.294751	0.008323	-0.004876	0.478479	0.002083	-0.005714	-0.002893
1782895723.830199	-0.481286	-0.002905	1.294492	0.008704	-0.005426	0.480538	0.002083	-0.005714	-0.002893
1782895723.841778	-0.481272	-0.003028	1.294383	0.009633	-0.006436	0.481029	0.002315	-0.004755	-0.014960
1782895723.851566	-0.481284	-0.002999	1.294327	0.012055	-0.006382	0.482022	-0.005613	-0.003376	-0.010075
1782895723.859699	-0.481384	-0.002981	1.294276	0.015074	-0.006288	0.482790	-0.005613	-0.003376	-0.010075
1782895723.869851	-0.481438	-0.002986	1.294216	0.015206	-0.006573	0.483621	-0.001973	-0.005114	-0.005657
1782895723.881032	-0.481512	-0.003179	1.294177	0.013331	-0.005825	0.486570	-0.001973	-0.005114	-0.005657
1782895723.889972	-0.481512	-0.003179	1.294177	0.013331	-0.005825	0.486570	-0.001973	-0.005114	-0.005657
1782895723.899745	-0.481659	-0.003172	1.294090	0.016059	-0.005255	0.488277	-0.002107	-0.004486	-0.014133
1782895723.910051	-0.481688	-0.003199	1.293972	0.017716	-0.004841	0.489954	-0.002107	-0.004486	-0.014133
1782895723.920322	-0.481616	-0.003272	1.293825	0.017273	-0.004409	0.492982	-0.008242	-0.004201	-0.007106
1782895723.930353	-0.481733	-0.003329	1.293746	0.015175	-0.005000	0.494888	-0.008242	-0.004201	-0.007106
1782895723.940478	-0.481834	-0.003235	1.293746	0.011465	-0.003797	0.495640	-0.011969	-0.003704	-0.000987
1782895723.952445	-0.48179	-0.003216	1.293640	0.012337	-0.003173	0.496542	-0.011969	-0.003704	-0.000987
1782895723.960628	-0.481827	-0.003200	1.293503	0.012561	-0.002028	0.497933	-0.006434	-0.003694	-0.000853
1782895723.969826	-0.481881	-0.003252	1.293537	0.013761	-0.002020	0.498294	-0.009915	-0.000613	0.004121
1782895723.980023	-0.481988	-0.003187	1.293536	0.011572	-0.001815	0.499467	-0.009915	-0.000613	0.004121
1782895723.990310	-0.481941	-0.003311	1.293502	0.012209	-0.000419	0.502160	-0.009915	-0.000613	0.004121
1782895724.000035	-0.481941	-0.003311	1.293502	0.012209	-0.000419	0.502160	-0.006017	-0.000923	0.011244
1782895724.010088	-0.48202	-0.003130	1.293647	0.008639	0.000123	0.504463	-0.009852	-0.000559	0.015068
1782895724.020454	-0.482204	-0.003228	1.293857	0.009290	0.001783	0.506040	-0.009852	-0.000559	0.015068
1782895724.032234	-0.48228	-0.003171	1.294052	0.005861	0.003103	0.507843	-0.009852	-0.000559	0.015068
1782895724.040473	-0.482263	-0.003064	1.294225	0.005005	0.003755	0.509949	-0.008700	0.003938	0.021647
1782895724.051267	-0.482353	-0.003008	1.294396	0.006705	0.003729	0.509967	-0.006111	-0.001667	0.032786
1782895724.059993	-0.482489	-0.002962	1.294918	0.009386	0.003443	0.511567	-0.006111	-0.001667	0.032786
1782895724.069934	-0.482503	-0.002940	1.295186	0.008733	0.004396	0.512674	-0.009357	0.004854	0.027535
1782895724.080421	-0.482583	-0.002860	1.295690	0.011824	0.006363	0.513828	-0.009357	0.004854	0.027535
1782895724.090151	-0.482583	-0.002860	1.295690	0.011824	0.006363	0.513828	-0.003697	0.000765	0.044190
1782895724.099550	-0.482712	-0.002881	1.295993	0.012425	0.005486	0.515976	-0.003697	0.000765	0.044190
1782895724.110415	-0.482784	-0.003065	1.296324	0.013293	0.005696	0.519811	-0.003697	0.000765	0.044190
1782895724.119923	-0.482816	-0.002976	1.296712	0.012756	0.006692	0.521850	-0.003229	-0.000106	0.034455
1782895724.129570	-0.482765	-0.002825	1.297363	0.008036	0.008334	0.522312	-0.005411	0.005776	0.034788
1782895724.140017	-0.482784	-0.002743	1.298041	0.008255	0.009027	0.523207	-0.005411	0.005776	0.034788
1782895724.150286	-0.482793	-0.002781	1.298295	0.008314	0.010541	0.524660	0.003701	-0.001516	0.042090
1782895724.159452	-0.482916	-0.002705	1.298735	0.009713	0.009301	0.525945	0.003701	-0.001516	0.042090
1782895724.169584	-0.482857	-0.002731	1.299059	0.012352	0.008449	0.528695	0.003176	-0.000838	0.019430
1782895724.179475	-0.482818	-0.002661	1.299413	0.013310	0.007503	0.530415	0.003176	-0.000838	0.019430
1782895724.191170	-0.482747	-0.002643	1.299694	0.012952	0.008321	0.532097	0.003176	-0.000838	0.019430
1782895724.199574	-0.482673	-0.002443	1.300008	0.009725	0.008838	0.532877	-0.002672	0.005281	0.012346
1782895724.209426	-0.482673	-0.002443	1.300008	0.009725	0.008838	0.532877	0.003580	0.001497	0.012324
1782895724.219835	-0.482618	-0.002159	1.300277	0.011900	0.008286	0.535032	0.003580	0.001497	0.012324
1782895724.230607	-0.482614	-0.002042	1.300294	0.015509	0.006697	0.536919	0.010270	-0.002907	0.000811
1782895724.240023	-0.48257	-0.002122	1.300236	0.015493	0.006099	0.540222	0.010270	-0.002907	0.000811
1782895724.251300	-0.482431	-0.002152	1.300203	0.015829	0.006260	0.541061	0.006125	-0.000034	-0.021558
1782895724.261483	-0.482263	-0.001934	1.300106	0.014706	0.007567	0.542607	0.006125	-0.000034	-0.021558
1782895724.276068	-0.48197	-0.001823	1.299855	0.010075	0.010071	0.543127	0.006125	-0.000034	-0.021558
1782895724.287818	-0.481988	-0.001503	1.299549	0.010604	0.010700	0.545339	0.004919	0.003147	-0.022504
1782895724.351460	-0.481127	-0.000697	1.297664	0.012198	0.006676	0.553608	0.010687	0.003275	-0.039120
1782895724.358828	-0.480966	-0.000631	1.297415	0.006669	0.006931	0.555222	0.018150	-0.002809	-0.025960
1782895724.368608	-0.480755	-0.000549	1.297155	0.006919	0.006636	0.556533	0.018150	-0.002809	-0.025960
1782895724.383218	-0.480555	-0.000240	1.296632	0.008546	0.004246	0.558345	0.018190	-0.002297	-0.045309
1782895724.386787	-0.480555	-0.000240	1.296632	0.008546	0.004246	0.558345	0.018190	-0.002297	-0.045309
1782895724.397401	-0.480095	0.000066	1.296066	0.009770	0.004240	0.562123	0.014952	0.001460	-0.034263
1782895724.407121	-0.480095	0.000066	1.296066	0.009770	0.004240	0.562123	0.014952	0.001460	-0.034263
1782895724.417110	-0.480009	0.000363	1.295771	0.014314	0.003677	0.563243	0.023945	-0.005059	-0.028709
1782895724.427425	-0.479779	0.000516	1.295362	0.009329	0.004019	0.563637	0.023945	-0.005059	-0.028709
1782895724.437628	-0.4795	0.000650	1.295111	0.011688	0.003768	0.565970	0.019411	0.001294	-0.036130
1782895724.448019	-0.479294	0.000754	1.294850	0.009254	0.004293	0.566452	0.019411	0.001294	-0.036130
1782895724.456722	-0.479294	0.000754	1.294850	0.009254	0.004293	0.566452	0.023954	-0.003080	-0.010057
1782895724.466682	-0.478819	0.001217	1.294578	0.010441	0.002667	0.570682	0.022305	-0.003095	-0.019486
1782895724.476588	-0.478608	0.001396	1.294638	0.007919	0.001329	0.573151	0.022305	-0.003095	-0.019486
1782895724.486959	-0.478369	0.001549	1.294744	0.010978	0.000522	0.574414	0.022305	-0.003095	-0.019486
1782895724.497182	-0.478369	0.001549	1.294744	0.010978	0.000522	0.574414	0.020609	-0.000752	0.007283
1782895724.506615	-0.478225	0.001746	1.294794	0.011231	0.000247	0.575959	0.020609	-0.000752	0.007283
1782895724.517150	-0.477948	0.001949	1.294860	0.011148	0.000608	0.579490	0.021469	-0.001681	0.012898
1782895724.526585	-0.47775	0.002218	1.295049	0.009307	0.000203	0.580226	0.021469	-0.001681	0.012898
1782895724.538910	-0.477537	0.002479	1.295360	0.010162	0.002096	0.580356	0.018304	0.004741	0.021576
1782895724.546540	-0.477188	0.002458	1.295618	0.010635	0.004561	0.583118	0.018304	0.004741	0.021576
1782895724.556516	-0.476973	0.002742	1.295971	0.006775	0.005026	0.585231	0.023152	-0.001838	0.033180
1782895724.566524	-0.476748	0.002996	1.296394	0.010799	0.002577	0.586692	0.018151	0.003130	0.028033
1782895724.576479	-0.476413	0.003239	1.296890	0.013714	0.002624	0.588255	0.018151	0.003130	0.028033
1782895724.587417	-0.476171	0.003337	1.297322	0.013434	0.001465	0.591101	0.018151	0.003130	0.028033
1782895724.596603	-0.476171	0.003337	1.297322	0.013434	0.001465	0.591101	0.021823	0.000686	0.041264
1782895724.606642	-0.475947	0.003637	1.297635	0.012032	0.001118	0.592022	0.021823	0.000686	0.041264
1782895724.617722	-0.475719	0.003893	1.298269	0.008041	0.001568	0.595603	0.021823	0.000686	0.041264
1782895724.627161	-0.475271	0.003868	1.298772	0.011725	0.000250	0.597139	0.021273	-0.001262	0.033671
1782895724.637622	-0.475108	0.004093	1.299181	0.013704	0.001121	0.598200	0.021751	0.003239	0.034159
1782895724.648581	-0.474922	0.004281	1.299475	0.013216	0.002471	0.599616	0.021751	0.003239	0.034159
1782895724.657009	-0.474616	0.004626	1.299854	0.013476	0.001768	0.602007	0.024802	-0.000003	0.032453
1782895724.667201	-0.474287	0.005027	1.300370	0.011230	0.001141	0.603427	0.019245	-0.000704	0.029804
1782895724.676888	-0.47401	0.005130	1.300683	0.010460	0.001854	0.605340	0.019245	-0.000704	0.029804
1782895724.688331	-0.47401	0.005130	1.300683	0.010460	0.001854	0.605340	0.019245	-0.000704	0.029804
1782895724.697271	-0.473633	0.005402	1.301014	0.016399	0.000787	0.607389	0.023251	0.001049	0.025149
1782895724.707642	-0.47338	0.005489	1.301232	0.013765	-0.000136	0.609988	0.023251	0.001049	0.025149
1782895724.717168	-0.473206	0.005782	1.301524	0.010199	0.001013	0.611206	0.027795	-0.000636	0.014793
1782895724.728888	-0.472875	0.006000	1.301760	0.010175	0.000767	0.612017	0.027795	-0.000636	0.014793
1782895724.737894	-0.472481	0.006243	1.301958	0.009194	0.002277	0.613643	0.024773	0.001392	0.004021
1782895724.748426	-0.472302	0.006669	1.301829	0.011690	0.002848	0.614845	0.024773	0.001392	0.004021
1782895724.756825	-0.472035	0.006902	1.301888	0.009276	0.002489	0.616920	0.026265	-0.000508	0.001049
1782895724.767908	-0.471761	0.007064	1.301706	0.013492	0.002041	0.619527	0.026265	-0.000508	0.001049
1782895724.778029	-0.471493	0.007229	1.301677	0.012507	0.001687	0.620846	0.024289	-0.000646	-0.017701
1782895724.788900	-0.471198	0.007364	1.301523	0.008400	0.002685	0.621760	0.024289	-0.000646	-0.017701
1782895724.797523	-0.471198	0.007364	1.301523	0.008400	0.002685	0.621760	0.032799	-0.006625	-0.019037
1782895724.807665	-0.470867	0.007685	1.301297	0.009065	0.001971	0.623263	0.032799	-0.006625	-0.019037
1782895724.817341	-0.470571	0.008018	1.301091	0.010900	0.000962	0.624357	0.025764	0.000306	-0.033973
1782895724.827198	-0.470259	0.008225	1.300882	0.007299	0.001137	0.625704	0.025764	0.000306	-0.033973
1782895724.836912	-0.469916	0.008431	1.300438	0.008844	-0.000696	0.626899	0.032461	-0.004901	-0.027969
1782895724.848898	-0.469672	0.008645	1.300288	0.008350	-0.000685	0.628262	0.032461	-0.004901	-0.027969
1782895724.857305	-0.469297	0.008913	1.299945	0.012488	-0.003292	0.631996	0.034743	-0.008238	-0.021481
1782895724.867802	-0.469075	0.009146	1.299702	0.012990	-0.003891	0.634042	0.034743	-0.008238	-0.021481
1782895724.876923	-0.468741	0.009432	1.299475	0.015138	-0.002327	0.634503	0.030741	-0.007019	-0.035827
1782895724.887526	-0.468488	0.009575	1.299273	0.014292	-0.003010	0.635856	0.030741	-0.007019	-0.035827
1782895724.897385	-0.468488	0.009575	1.299273	0.014292	-0.003010	0.635856	0.028605	-0.005585	-0.016375
1782895724.907194	-0.468262	0.009812	1.299066	0.010209	-0.002539	0.636513	0.028605	-0.005585	-0.016375
1782895724.916842	-0.46788	0.010083	1.298717	0.012915	-0.003676	0.637806	0.026765	-0.003632	-0.025096
1782895724.927358	-0.467497	0.010162	1.298600	0.013034	-0.004810	0.639965	0.026765	-0.003632	-0.025096
1782895724.937211	-0.467393	0.010302	1.298619	0.014383	-0.004893	0.641308	0.026447	-0.005613	-0.008882
1782895724.953049	-0.467107	0.010739	1.298543	0.014149	-0.004348	0.642729	0.026447	-0.005613	-0.008882
1782895724.957932	-0.466652	0.010910	1.298592	0.011181	-0.002334	0.644882	0.029699	-0.009433	0.008655
1782895724.967288	-0.466379	0.010875	1.298389	0.012434	-0.003232	0.649087	0.028689	-0.005606	0.004946
1782895724.977743	-0.466022	0.011179	1.298636	0.009625	-0.003245	0.649151	0.028689	-0.005606	0.004946
1782895724.987422	-0.465809	0.011508	1.299036	0.010243	-0.002683	0.649713	0.028689	-0.005606	0.004946
1782895724.997292	-0.465809	0.011508	1.299036	0.010243	-0.002683	0.649713	0.024663	-0.007098	0.026076
1782895725.007486	-0.465518	0.011823	1.299330	0.011080	-0.001825	0.651087	0.024663	-0.007098	0.026076
1782895725.017648	-0.465176	0.011990	1.299553	0.011152	-0.002687	0.653153	0.028279	-0.008634	0.015085
1782895725.027385	-0.464915	0.012231	1.299853	0.013769	-0.002941	0.654494	0.028279	-0.008634	0.015085
1782895725.037567	-0.464501	0.012191	1.300125	0.011645	-0.002684	0.656015	0.022546	-0.007629	0.026908
1782895725.046967	-0.464169	0.012266	1.300382	0.008496	-0.003003	0.658137	0.022546	-0.007629	0.026908
1782895725.057374	-0.463912	0.012410	1.300599	0.009081	-0.003506	0.659728	0.030277	-0.012361	0.023784
1782895725.067485	-0.463713	0.012546	1.300938	0.008643	-0.001692	0.660608	0.029764	-0.010320	0.025177
1782895725.081138	-0.463427	0.012822	1.301285	0.010400	-0.002413	0.661206	0.029764	-0.010320	0.025177
1782895725.090242	-0.463026	0.012980	1.301725	0.011713	-0.001930	0.661625	0.029764	-0.010320	0.025177
1782895725.097563	-0.463026	0.012980	1.301725	0.011713	-0.001930	0.661625	0.030026	-0.010602	0.020775
1782895725.108718	-0.462701	0.013234	1.302065	0.010689	-0.002248	0.662940	0.026237	-0.010942	0.011022
1782895725.116851	-0.462443	0.013336	1.302192	0.010428	-0.002010	0.664581	0.026237	-0.010942	0.011022
1782895725.127040	-0.462217	0.013451	1.302381	0.006728	-0.002244	0.666255	0.019934	-0.008019	0.007889
1782895725.139046	-0.461884	0.013661	1.302392	0.009023	-0.004458	0.668894	0.019934	-0.008019	0.007889
1782895725.147312	-0.461635	0.013822	1.302476	0.009339	-0.004141	0.670418	0.019934	-0.008019	0.007889
1782895725.157510	-0.461396	0.013906	1.302585	0.009824	-0.004092	0.670833	0.023208	-0.009223	0.006286
1782895725.167739	-0.461149	0.014192	1.302711	0.006100	-0.003429	0.670926	0.023208	-0.009223	0.006286
1782895725.176843	-0.460885	0.014318	1.302783	0.003174	-0.003973	0.671403	0.023454	-0.010952	-0.007912
1782895725.186518	-0.460395	0.014477	1.302778	0.007581	-0.003993	0.673352	0.023454	-0.010952	-0.007912
1782895725.197324	-0.460395	0.014477	1.302778	0.007581	-0.003993	0.673352	0.023454	-0.010952	-0.007912
1782895725.207781	-0.46017	0.014557	1.302584	0.004107	-0.003805	0.675170	0.017098	-0.008521	-0.012909
1782895725.218685	-0.45981	0.014674	1.302346	0.006935	-0.005114	0.675441	0.018912	-0.010127	-0.011665
1782895725.226880	-0.459554	0.014723	1.302078	0.007281	-0.005368	0.676206	0.018912	-0.010127	-0.011665
1782895725.238231	-0.459362	0.014944	1.301962	0.006929	-0.004220	0.677005	0.026427	-0.012738	-0.023081
1782895725.247180	-0.459097	0.015080	1.301750	0.005716	-0.003937	0.677035	0.026427	-0.012738	-0.023081
1782895725.257077	-0.458797	0.015159	1.301401	0.005913	-0.005294	0.677920	0.019944	-0.009921	-0.039777
1782895725.267766	-0.458629	0.015319	1.301123	0.005001	-0.005173	0.678906	0.016602	-0.008443	-0.030206
1782895725.276796	-0.458406	0.015418	1.300606	0.002786	-0.004520	0.680821	0.016602	-0.008443	-0.030206
1782895725.286924	-0.458117	0.015862	1.300102	0.004270	-0.006054	0.681926	0.023389	-0.013924	-0.023218
1782895725.297132	-0.458117	0.015862	1.300102	0.004270	-0.006054	0.681926	0.023389	-0.013924	-0.023218
1782895725.307236	-0.457879	0.015891	1.299872	0.008428	-0.006424	0.682343	0.023389	-0.013924	-0.023218
1782895725.319759	-0.457804	0.015994	1.299631	0.011996	-0.007383	0.682339	0.016708	-0.010552	-0.040075
1782895725.329098	-0.457462	0.016027	1.299398	0.007574	-0.006317	0.682913	0.014130	-0.009246	-0.018541
1782895725.337348	-0.457303	0.016124	1.298995	0.010706	-0.008821	0.684657	0.014130	-0.009246	-0.018541
1782895725.347758	-0.457094	0.016226	1.298788	0.010003	-0.008237	0.685479	0.014130	-0.009246	-0.018541
1782895725.357255	-0.456927	0.016389	1.298562	0.010826	-0.009490	0.686803	0.019218	-0.013733	-0.017927
1782895725.367974	-0.456664	0.016430	1.298292	0.009218	-0.009895	0.687922	0.010437	-0.006521	-0.017546
1782895725.377648	-0.45658	0.016541	1.298270	0.009218	-0.009576	0.688200	0.010437	-0.006521	-0.017546
1782895725.387822	-0.456392	0.016600	1.298181	0.010662	-0.010123	0.689093	0.013435	-0.010957	0.006528
1782895725.397105	-0.456392	0.016600	1.298181	0.010662	-0.010123	0.689093	0.013435	-0.010957	0.006528
1782895725.407956	-0.456297	0.016843	1.298137	0.009707	-0.009213	0.690091	0.011007	-0.010622	-0.006161
1782895725.416869	-0.456185	0.016987	1.298025	0.010804	-0.007834	0.690379	0.011007	-0.010622	-0.006161
1782895725.426970	-0.456033	0.017057	1.298100	0.013448	-0.008760	0.690991	0.011007	-0.010622	-0.006161
1782895725.437891	-0.45591	0.017134	1.298221	0.012668	-0.008521	0.692883	0.005691	-0.004942	0.011993
1782895725.446749	-0.455858	0.017346	1.298426	0.008840	-0.009003	0.694415	0.005691	-0.004942	0.011993
1782895725.456585	-0.455701	0.017422	1.298507	0.007401	-0.009559	0.695969	0.010404	-0.009999	0.017416
1782895725.466575	-0.455652	0.017339	1.298614	0.007693	-0.009762	0.698631	0.003566	-0.004532	0.011350
1782895725.477622	-0.455627	0.017477	1.298910	0.006149	-0.010103	0.699133	0.003566	-0.004532	0.011350
1782895725.487287	-0.455497	0.017598	1.299094	0.005786	-0.008520	0.699121	0.003566	-0.004532	0.011350
1782895725.498838	-0.455497	0.017598	1.299094	0.005786	-0.008520	0.699121	0.005520	-0.005936	0.031536
1782895725.508475	-0.455576	0.017647	1.299304	0.004450	-0.008322	0.701258	0.005520	-0.005936	0.031536
1782895725.517301	-0.455462	0.017846	1.299571	0.005441	-0.006716	0.702491	0.007285	-0.008563	0.019644
1782895725.529581	-0.455408	0.017909	1.299911	0.005320	-0.006577	0.701368	0.007285	-0.008563	0.019644
1782895725.537097	-0.45546	0.017983	1.300135	0.007056	-0.006761	0.703530	0.000429	-0.000877	0.019098
1782895725.547638	-0.455286	0.018096	1.300478	0.009832	-0.007071	0.705038	0.000429	-0.000877	0.019098
1782895725.556791	-0.455246	0.018123	1.300831	0.007773	-0.008102	0.705973	0.005797	-0.005730	0.031378
1782895725.566988	-0.455198	0.018186	1.301136	0.006744	-0.007547	0.707218	0.005797	-0.005730	0.031378
1782895725.581778	-0.455216	0.018199	1.301446	0.004855	-0.005873	0.707901	0.005642	-0.005729	0.014741
1782895725.591334	-0.455216	0.018199	1.301446	0.004855	-0.005873	0.707901	0.005642	-0.005729	0.014741
1782895725.597517	-0.455304	0.018365	1.301724	0.004743	-0.006814	0.708386	-0.000624	0.001338	0.008724
1782895725.606910	-0.455299	0.018522	1.301859	0.001436	-0.006287	0.709306	-0.000624	0.001338	0.008724
1782895725.619770	-0.455323	0.018622	1.301932	0.004388	-0.005872	0.710825	0.002145	-0.002151	0.013868
1782895725.627314	-0.455304	0.018651	1.302038	0.004998	-0.006707	0.711618	0.003674	-0.005238	0.001925
1782895725.636905	-0.455262	0.018533	1.302165	0.004527	-0.005210	0.715185	0.003674	-0.005238	0.001925
1782895725.647317	-0.455334	0.018591	1.302235	0.004634	-0.004658	0.715594	0.003674	-0.005238	0.001925
1782895725.657670	-0.455231	0.018726	1.302415	0.007048	-0.003535	0.715700	-0.004466	0.002394	-0.008922
1782895725.667656	-0.455177	0.018955	1.302406	0.006096	-0.002335	0.715620	-0.003017	0.002194	-0.001703
1782895725.677865	-0.455284	0.019015	1.302339	0.006265	-0.002999	0.716763	-0.003017	0.002194	-0.001703
1782895725.687361	-0.455311	0.019032	1.302198	0.007222	-0.003559	0.717422	-0.003017	0.002194	-0.001703
1782895725.697591	-0.455311	0.019032	1.302198	0.007222	-0.003559	0.717422	0.001206	-0.003500	-0.006131
1782895725.706974	-0.455324	0.019120	1.302192	0.008727	-0.003976	0.719040	0.001206	-0.003500	-0.006131
1782895725.717844	-0.455437	0.019223	1.302036	0.010015	-0.003760	0.720038	-0.005227	0.001139	-0.018885
1782895725.726907	-0.455438	0.019335	1.302054	0.008979	-0.002781	0.720326	-0.005227	0.001139	-0.018885
1782895725.737002	-0.455417	0.019516	1.301847	0.009568	-0.002956	0.720811	-0.006537	0.002560	-0.007830
1782895725.747940	-0.455449	0.019651	1.301800	0.008465	-0.001991	0.721284	-0.006537	0.002560	-0.007830
1782895725.757308	-0.455501	0.019635	1.301566	0.009033	-0.003013	0.722104	-0.001041	-0.004177	-0.005351
1782895725.766973	-0.455534	0.019723	1.301369	0.010655	-0.003931	0.723841	-0.001041	-0.004177	-0.005351
1782895725.779287	-0.455665	0.019726	1.301251	0.010495	-0.003411	0.724655	-0.006320	-0.000019	-0.018145
1782895725.786941	-0.455633	0.019918	1.301084	0.011559	-0.002725	0.725373	-0.006320	-0.000019	-0.018145
1782895725.797436	-0.455633	0.019918	1.301084	0.011559	-0.002725	0.725373	-0.005935	0.000333	-0.003035
1782895725.807380	-0.455633	0.020036	1.301036	0.009206	-0.001190	0.725829	-0.005935	0.000333	-0.003035
1782895725.817770	-0.455711	0.020180	1.300904	0.011496	-0.001406	0.726573	-0.000799	-0.005713	-0.003399
1782895725.826891	-0.455753	0.020293	1.300850	0.012381	-0.001109	0.727323	-0.000799	-0.005713	-0.003399
1782895725.838466	-0.455765	0.020319	1.300843	0.012510	-0.001166	0.727719	-0.007697	0.000178	-0.010832
1782895725.849801	-0.455729	0.020272	1.300790	0.012595	-0.001378	0.728480	-0.007697	0.000178	-0.010832
1782895725.858653	-0.455665	0.020190	1.300787	0.012631	-0.002525	0.731024	-0.005609	-0.000986	0.005268
1782895725.868624	-0.455664	0.020282	1.300757	0.012187	-0.001884	0.731696	-0.005609	-0.000986	0.005268
1782895725.877155	-0.455768	0.020330	1.300820	0.008421	0.000040	0.731957	-0.001701	-0.004479	0.000894
1782895725.887053	-0.455771	0.020527	1.300985	0.009383	0.000757	0.732868	-0.001701	-0.004479	0.000894
1782895725.896998	-0.455771	0.020527	1.300985	0.009383	0.000757	0.732868	-0.006052	0.001582	-0.002375
1782895725.908079	-0.455706	0.020733	1.301049	0.009867	0.002138	0.732608	-0.006052	0.001582	-0.002375
1782895725.919245	-0.455797	0.020777	1.301136	0.009414	0.002376	0.733349	-0.000794	-0.003309	0.012989
1782895725.927002	-0.455858	0.020861	1.301126	0.009908	0.001866	0.734556	-0.000794	-0.003309	0.012989
1782895725.937012	-0.455899	0.020882	1.301182	0.010790	0.001818	0.735704	0.000647	-0.006774	0.002460
1782895725.947055	-0.455804	0.020853	1.301299	0.013560	0.001282	0.737093	0.000647	-0.006774	0.002460
1782895725.956936	-0.455806	0.020903	1.301395	0.011441	0.002281	0.739174	-0.003490	-0.000668	0.002000
1782895725.968511	-0.455666	0.021002	1.301503	0.015479	0.001985	0.739649	-0.003490	-0.000668	0.002000
1782895725.976889	-0.455576	0.021055	1.301646	0.012769	0.001837	0.740062	0.003886	-0.006612	0.012775
1782895725.987109	-0.455627	0.021208	1.301791	0.010847	0.002489	0.741125	0.003886	-0.006612	0.012775
1782895725.998350	-0.455627	0.021208	1.301791	0.010847	0.002489	0.741125	0.002790	-0.008788	0.000401
1782895726.007194	-0.455662	0.021344	1.301892	0.011358	0.001734	0.742220	0.002790	-0.008788	0.000401
1782895726.019950	-0.455529	0.021340	1.302003	0.009814	0.001705	0.743046	0.000421	-0.002395	0.002703
1782895726.027284	-0.455508	0.021359	1.302046	0.007854	0.001067	0.744400	0.000421	-0.002395	0.002703
1782895726.038432	-0.455506	0.021460	1.302082	0.008222	0.000543	0.745128	0.006945	-0.008545	0.009956
1782895726.047065	-0.455412	0.021500	1.302191	0.006452	0.001354	0.745931	0.006945	-0.008545	0.009956
1782895726.056899	-0.455341	0.021610	1.302297	0.005509	0.002209	0.747447	0.004074	-0.009201	0.002829
1782895726.066948	-0.455339	0.021774	1.302333	0.006057	0.003387	0.747846	0.004156	-0.005924	0.004483
1782895726.078779	-0.455208	0.021835	1.302568	0.006285	0.003563	0.748020	0.004156	-0.005924	0.004483
1782895726.086961	-0.455158	0.021957	1.302758	0.009617	0.001716	0.749564	0.004156	-0.005924	0.004483
1782895726.098460	-0.455158	0.021957	1.302758	0.009617	0.001716	0.749564	0.009438	-0.010259	0.005832
1782895726.108772	-0.455069	0.022060	1.302755	0.011416	0.000076	0.751176	0.005723	-0.009525	0.002560
1782895726.117462	-0.454816	0.021957	1.302753	0.010325	0.000095	0.752717	0.005723	-0.009525	0.002560
1782895726.127532	-0.454777	0.022045	1.302722	0.012743	-0.000401	0.754323	0.005723	-0.009525	0.002560
1782895726.139095	-0.454831	0.022156	1.302857	0.010350	-0.000146	0.755191	0.008300	-0.008168	0.000242
1782895726.147730	-0.454618	0.022231	1.302815	0.012425	0.000260	0.755138	0.008300	-0.008168	0.000242
1782895726.158016	-0.45454	0.022429	1.302855	0.012591	0.000306	0.755531	0.010328	-0.011909	0.000038
1782895726.168304	-0.454442	0.022530	1.302797	0.013378	0.000886	0.756306	0.006487	-0.012107	-0.003486
1782895726.178290	-0.454257	0.022554	1.302750	0.014768	-0.001224	0.759167	0.006487	-0.012107	-0.003486
1782895726.187110	-0.454257	0.022554	1.302750	0.014768	-0.001224	0.759167	0.006487	-0.012107	-0.003486
1782895726.198527	-0.454057	0.022605	1.302733	0.009973	-0.001480	0.760957	0.012203	-0.012528	0.000276
1782895726.206930	-0.453965	0.022657	1.302775	0.012778	-0.002118	0.761073	0.012203	-0.012528	0.000276
1782895726.217570	-0.453836	0.022731	1.302765	0.013908	-0.002967	0.762058	0.011908	-0.011935	-0.007803
1782895726.226598	-0.453761	0.022944	1.302746	0.010708	-0.001005	0.763068	0.011908	-0.011935	-0.007803
1782895726.237595	-0.453693	0.023054	1.302638	0.011878	-0.000667	0.762802	0.006876	-0.013627	-0.008962
1782895726.246540	-0.453559	0.023069	1.302588	0.013460	-0.000600	0.764014	0.006876	-0.013627	-0.008962
1782895726.256491	-0.453398	0.023135	1.302411	0.012138	-0.001262	0.765913	0.011031	-0.014207	-0.007539
1782895726.266670	-0.453285	0.023389	1.302323	0.011157	-0.000873	0.767265	0.013926	-0.016373	-0.020682
1782895726.276571	-0.45296	0.023242	1.302017	0.013046	-0.003994	0.769889	0.013926	-0.016373	-0.020682
1782895726.286870	-0.452889	0.023376	1.301780	0.015857	-0.004677	0.771234	0.013926	-0.016373	-0.020682
1782895726.297322	-0.452889	0.023376	1.301780	0.015857	-0.004677	0.771234	0.006108	-0.010930	-0.024832
1782895726.306513	-0.452763	0.023603	1.301674	0.012253	-0.004292	0.771315	0.006108	-0.010930	-0.024832
1782895726.316792	-0.452651	0.023729	1.301333	0.010952	-0.002630	0.771289	0.010135	-0.013852	-0.016685
1782895726.327299	-0.452373	0.023929	1.301137	0.010415	-0.003860	0.772078	0.010135	-0.013852	-0.016685
1782895726.337679	-0.452294	0.023970	1.300994	0.008369	-0.004028	0.772539	0.010135	-0.013852	-0.016685
1782895726.347526	-0.452191	0.024143	1.300631	0.007507	-0.003116	0.773398	0.013936	-0.015968	-0.027707
1782895726.356609	-0.452103	0.024203	1.300476	0.007920	-0.004505	0.774708	0.005799	-0.009662	-0.028972
1782895726.367985	-0.451825	0.024174	1.300136	0.008744	-0.007517	0.776664	0.005799	-0.009662	-0.028972
1782895726.376740	-0.451689	0.024234	1.299818	0.009171	-0.006785	0.776875	0.009379	-0.013166	-0.012160
1782895726.386740	-0.451593	0.024351	1.299659	0.008922	-0.006325	0.777207	0.009379	-0.013166	-0.012160
1782895726.397802	-0.451593	0.024351	1.299659	0.008922	-0.006325	0.777207	0.008037	-0.014338	-0.023018
1782895726.406503	-0.451566	0.024536	1.299511	0.009470	-0.006194	0.777859	0.008037	-0.014338	-0.023018
1782895726.416578	-0.451362	0.024597	1.299347	0.007411	-0.004876	0.779236	0.006161	-0.007093	-0.009556
1782895726.429977	-0.451257	0.024755	1.299183	0.004133	-0.004506	0.779813	0.009697	-0.012653	-0.002704
1782895726.437507	-0.451158	0.025013	1.299111	0.003765	-0.004715	0.781330	0.009697	-0.012653	-0.002704
1782895726.448732	-0.451135	0.025126	1.299079	0.002962	-0.004382	0.781908	0.007390	-0.007549	0.003577
1782895726.456961	-0.450985	0.025212	1.299045	0.003156	-0.004646	0.783083	0.007390	-0.007549	0.003577
1782895726.468020	-0.450914	0.025263	1.299156	0.002752	-0.004497	0.784404	0.007390	-0.007549	0.003577
1782895726.477813	-0.450822	0.025284	1.299292	0.005245	-0.005229	0.785776	0.010932	-0.009651	0.011898
1782895726.487014	-0.450711	0.025414	1.299580	0.003829	-0.005808	0.787547	0.010932	-0.009651	0.011898
1782895726.497097	-0.450711	0.025414	1.299580	0.003829	-0.005808	0.787547	0.008456	-0.010092	0.019215
1782895726.506667	-0.450627	0.025443	1.299952	0.008281	-0.005725	0.788209	0.008456	-0.010092	0.019215
1782895726.517229	-0.450677	0.025564	1.300127	0.006780	-0.005630	0.788748	0.012790	-0.008774	0.026822
1782895726.526540	-0.450602	0.025802	1.300350	0.007804	-0.005735	0.789332	0.012790	-0.008774	0.026822
1782895726.538244	-0.450439	0.025819	1.300560	0.009079	-0.005634	0.790443	0.010680	-0.007942	0.018142
1782895726.547422	-0.450439	0.025998	1.301009	0.012695	-0.005259	0.791072	0.008908	-0.006805	0.021284
1782895726.556992	-0.450321	0.026154	1.301161	0.010990	-0.004337	0.792850	0.008908	-0.006805	0.021284
1782895726.567195	-0.450195	0.026149	1.301328	0.012527	-0.004915	0.793349	0.013958	-0.007677	0.015626
1782895726.576784	-0.450185	0.026199	1.301484	0.009506	-0.004816	0.794725	0.013958	-0.007677	0.015626
1782895726.587325	-0.450064	0.026313	1.301597	0.006604	-0.003815	0.794472	0.013958	-0.007677	0.015626
1782895726.597117	-0.450064	0.026313	1.301597	0.006604	-0.003815	0.794472	0.010107	-0.007474	-0.004718
1782895726.607979	-0.450017	0.026509	1.301712	0.009426	-0.004103	0.795710	0.001306	-0.001954	-0.009211
1782895726.617451	-0.449909	0.026621	1.301783	0.009272	-0.004082	0.795991	0.001306	-0.001954	-0.009211
1782895726.628549	-0.449876	0.026826	1.301817	0.007474	-0.003756	0.796418	0.001306	-0.001954	-0.009211
1782895726.637583	-0.449883	0.026842	1.301682	0.008151	-0.004376	0.796689	0.005729	-0.004785	-0.008234
1782895726.648668	-0.449856	0.026897	1.301539	0.008937	-0.005947	0.798007	0.005729	-0.004785	-0.008234
1782895726.656808	-0.449686	0.026975	1.301220	0.013083	-0.006698	0.799080	0.008590	-0.007043	-0.015901
1782895726.666946	-0.449697	0.027131	1.301147	0.011098	-0.005784	0.800008	0.002584	-0.000728	-0.022024
1782895726.676519	-0.44958	0.027438	1.300915	0.009597	-0.002826	0.799777	0.002584	-0.000728	-0.022024
1782895726.687601	-0.449549	0.027483	1.300716	0.009917	-0.002176	0.800718	0.002584	-0.000728	-0.022024
1782895726.696971	-0.449549	0.027483	1.300716	0.009917	-0.002176	0.800718	0.005693	-0.002767	-0.008487
1782895726.706590	-0.449572	0.027575	1.300629	0.010464	-0.002212	0.801161	0.008521	-0.009148	-0.011249
1782895726.716565	-0.44964	0.027735	1.300540	0.008580	-0.002202	0.802006	0.008521	-0.009148	-0.011249
1782895726.727895	-0.449608	0.027830	1.300545	0.009211	-0.002425	0.802493	0.003510	-0.001966	-0.012991
1782895726.737668	-0.449378	0.027886	1.300271	0.009725	-0.004001	0.805072	0.003510	-0.001966	-0.012991
1782895726.750609	-0.449421	0.027992	1.300276	0.009471	-0.004135	0.805833	0.003510	-0.001966	-0.012991
1782895726.756769	-0.449371	0.028429	1.300372	0.010393	-0.002679	0.805111	0.009722	-0.004372	0.004566
1782895726.768821	-0.449228	0.028593	1.300392	0.010158	-0.002286	0.806201	0.009722	-0.004372	0.004566
1782895726.776977	-0.449147	0.028768	1.300310	0.014483	-0.001293	0.806010	0.009713	-0.006569	0.002422
1782895726.787045	-0.449147	0.028915	1.300432	0.013708	-0.001627	0.806133	0.009713	-0.006569	0.002422
1782895726.798368	-0.449147	0.028915	1.300432	0.013708	-0.001627	0.806133	0.008189	-0.002573	0.007877
1782895726.806859	-0.449082	0.028886	1.300487	0.015743	-0.001022	0.807556	0.008189	-0.002573	0.007877
1782895726.817983	-0.448956	0.028765	1.300392	0.014790	-0.001942	0.810450	0.012708	-0.007119	0.013101
1782895726.826918	-0.448904	0.028968	1.300601	0.013820	-0.002102	0.810469	0.012708	-0.007119	0.013101
1782895726.837027	-0.448842	0.029078	1.300615	0.012804	-0.001801	0.810850	0.010139	-0.007858	0.013779
1782895726.847571	-0.448826	0.029262	1.300708	0.013971	-0.000726	0.811029	0.010139	-0.007858	0.013779
1782895726.857366	-0.448714	0.029497	1.300888	0.010858	-0.000297	0.810778	0.008671	-0.004653	0.016244
1782895726.867442	-0.448661	0.029712	1.301146	0.010185	-0.001178	0.811198	0.011674	-0.007528	0.019051
1782895726.877008	-0.448534	0.029743	1.301250	0.009164	-0.000749	0.813118	0.011674	-0.007528	0.019051
1782895726.887904	-0.448367	0.029820	1.301451	0.008443	-0.001332	0.814853	0.011674	-0.007528	0.019051
1782895726.896788	-0.448367	0.029820	1.301451	0.008443	-0.001332	0.814853	0.009182	-0.007308	0.017618
1782895726.907536	-0.448256	0.029932	1.301470	0.006921	-0.001617	0.816071	0.009182	-0.007308	0.017618
1782895726.917020	-0.448216	0.030032	1.301599	0.009430	-0.002162	0.817557	0.008725	-0.004332	0.015502
1782895726.927558	-0.448208	0.030111	1.301817	0.009801	-0.001233	0.817961	0.012580	-0.007202	0.017749
1782895726.937216	-0.448113	0.030407	1.301978	0.010923	-0.001627	0.817482	0.012580	-0.007202	0.017749
1782895726.949762	-0.448023	0.030598	1.302223	0.009789	-0.001131	0.818617	0.012580	-0.007202	0.017749
1782895726.957671	-0.447954	0.030700	1.302268	0.008651	-0.001220	0.819973	0.009073	-0.008076	0.014556
1782895726.967547	-0.44798	0.030688	1.302425	0.011028	-0.003308	0.821253	0.007175	-0.004128	0.008107
1782895726.977042	-0.447911	0.030703	1.302556	0.009032	-0.002405	0.822111	0.007175	-0.004128	0.008107
1782895726.987043	-0.447891	0.030858	1.302741	0.004577	-0.002767	0.822402	0.007175	-0.004128	0.008107
1782895726.999046	-0.447891	0.030858	1.302741	0.004577	-0.002767	0.822402	0.014404	-0.006199	0.007816
1782895727.007535	-0.44783	0.031126	1.302724	0.008697	-0.002258	0.822401	0.013804	-0.007942	-0.000111
1782895727.017508	-0.447781	0.031194	1.302741	0.008209	-0.002306	0.822433	0.013804	-0.007942	-0.000111
1782895727.027243	-0.447656	0.031361	1.302741	0.007012	-0.001842	0.822886	0.013804	-0.007942	-0.000111
1782895727.037950	-0.44755	0.031471	1.302665	0.007836	-0.002108	0.825090	0.010847	-0.006372	-0.008054
1782895727.047008	-0.447403	0.031522	1.302695	0.008074	-0.002468	0.826184	0.012573	-0.005661	-0.006047
1782895727.056834	-0.447343	0.031700	1.302601	0.007648	-0.003123	0.827065	0.012573	-0.005661	-0.006047
1782895727.067825	-0.447272	0.031830	1.302615	0.008858	-0.002517	0.826145	0.011621	-0.010508	-0.008381
1782895727.079245	-0.447101	0.031997	1.302502	0.010574	-0.003064	0.826000	0.011621	-0.010508	-0.008381
1782895727.086946	-0.447101	0.031997	1.302502	0.010574	-0.003064	0.826000	0.007174	-0.006298	-0.008931
1782895727.098067	-0.447133	0.031999	1.302492	0.009051	-0.003097	0.827213	0.007174	-0.006298	-0.008931
1782895727.106960	-0.44711	0.032126	1.302276	0.008293	-0.003969	0.827498	0.007174	-0.006298	-0.008931
1782895727.119073	-0.446982	0.032120	1.302006	0.008180	-0.004932	0.829048	0.010685	-0.004605	-0.007213
1782895727.127533	-0.446875	0.032197	1.301963	0.006803	-0.004921	0.830554	0.010685	-0.004605	-0.007213
1782895727.140291	-0.446773	0.032364	1.301917	0.007508	-0.004655	0.830159	0.009461	-0.007268	-0.003305
1782895727.148041	-0.446778	0.032452	1.301887	0.008032	-0.004022	0.830077	0.009461	-0.007268	-0.003305
1782895727.157365	-0.44666	0.032676	1.301650	0.007548	-0.002719	0.830636	0.004845	-0.005720	-0.002761
1782895727.168379	-0.446685	0.032794	1.301729	0.011606	-0.003324	0.831611	0.004845	-0.005720	-0.002761
1782895727.177838	-0.446685	0.032794	1.301729	0.011606	-0.003324	0.831611	0.008052	-0.007694	0.001764
1782895727.188686	-0.446367	0.032977	1.301557	0.009525	-0.001644	0.833468	0.008052	-0.007694	0.001764
1782895727.198037	-0.446367	0.032977	1.301557	0.009525	-0.001644	0.833468	0.005637	-0.011319	0.003806
1782895727.207127	-0.446346	0.033023	1.301568	0.009635	-0.001637	0.833834	0.005637	-0.011319	0.003806
1782895727.220128	-0.446265	0.033081	1.301553	0.009535	-0.001495	0.833529	0.005370	-0.006819	0.002765
1782895727.228764	-0.446202	0.033138	1.301541	0.009112	-0.001232	0.833915	0.005370	-0.006819	0.002765
1782895727.239352	-0.446175	0.033373	1.301613	0.010098	-0.001524	0.833617	0.007074	-0.010037	0.005310
1782895727.246725	-0.446073	0.033427	1.301759	0.011214	-0.002000	0.833277	0.007074	-0.010037	0.005310
1782895727.256578	-0.445982	0.033391	1.301723	0.010725	-0.001457	0.834023	0.004278	-0.012162	0.007369
1782895727.266541	-0.445872	0.033383	1.301791	0.011518	-0.002504	0.835551	0.002375	-0.011525	0.004063
1782895727.277084	-0.445732	0.033381	1.301836	0.011132	-0.002783	0.835693	0.002375	-0.011525	0.004063
1782895727.287588	-0.445671	0.033395	1.301889	0.010536	-0.002929	0.835891	0.002375	-0.011525	0.004063
1782895727.297978	-0.445671	0.033395	1.301889	0.010536	-0.002929	0.835891	0.006219	-0.013093	0.009366
1782895727.307370	-0.445578	0.033506	1.301976	0.014588	-0.004020	0.836649	0.003024	-0.014876	0.005120
1782895727.318102	-0.445431	0.033581	1.302126	0.014255	-0.004331	0.836743	0.003024	-0.014876	0.005120
1782895727.327433	-0.445306	0.033652	1.302144	0.012938	-0.004115	0.836415	0.003024	-0.014876	0.005120
1782895727.347320	-0.445097	0.033581	1.302092	0.015270	-0.005259	0.837539	0.001126	-0.013566	0.009369
1782895727.355627	-0.445097	0.033581	1.302092	0.015270	-0.005259	0.837539	0.001126	-0.013566	0.009369
1782895727.358899	-0.445006	0.033596	1.302189	0.015451	-0.005415	0.838039	0.006692	-0.015491	0.009866
1782895727.368889	-0.44492	0.033574	1.302263	0.013152	-0.004631	0.839259	0.006692	-0.015491	0.009866
1782895727.377483	-0.444838	0.033599	1.302288	0.012607	-0.004951	0.838977	0.004038	-0.019912	0.004143
1782895727.388615	-0.444838	0.033599	1.302288	0.012607	-0.004951	0.838977	0.001782	-0.016986	0.004913
1782895727.397224	-0.444645	0.033552	1.302339	0.013020	-0.004653	0.838763	0.001782	-0.016986	0.004913
1782895727.407511	-0.444562	0.033605	1.302255	0.011516	-0.003825	0.839635	0.001782	-0.016986	0.004913
1782895727.416957	-0.444399	0.033553	1.302325	0.011941	-0.004423	0.839416	0.007403	-0.018606	0.003301
1782895727.429060	-0.44422	0.033430	1.302234	0.009728	-0.005034	0.841424	0.004526	-0.021546	0.003799
1782895727.437697	-0.444095	0.033388	1.302251	0.010717	-0.005145	0.841916	0.004526	-0.021546	0.003799
1782895727.449026	-0.444037	0.033403	1.302241	0.011735	-0.005551	0.841396	0.004526	-0.021546	0.003799
1782895727.457129	-0.443821	0.033353	1.302392	0.014401	-0.006485	0.840793	0.001554	-0.019239	0.004583
1782895727.467910	-0.443699	0.033433	1.302387	0.008925	-0.003984	0.841890	0.001554	-0.019239	0.004583
1782895727.478963	-0.443645	0.033384	1.302458	0.009003	-0.004157	0.841558	0.005066	-0.020272	0.004965
1782895727.489747	-0.443592	0.033354	1.302511	0.009917	-0.005058	0.841618	0.005066	-0.020272	0.004965
1782895727.496850	-0.443592	0.033354	1.302511	0.009917	-0.005058	0.841618	0.000714	-0.022872	0.004346
1782895727.506659	-0.443418	0.033187	1.302481	0.007094	-0.005241	0.843635	0.000714	-0.022872	0.004346
1782895727.518032	-0.443302	0.032993	1.302432	0.006911	-0.005498	0.843282	-0.001585	-0.019271	0.006651
1782895727.527140	-0.443034	0.033053	1.302482	0.012644	-0.006938	0.842904	0.002335	-0.019831	0.004856
1782895727.536893	-0.442977	0.033162	1.302631	0.010065	-0.005710	0.842928	0.002335	-0.019831	0.004856
1782895727.546625	-0.442873	0.033165	1.302648	0.008981	-0.005133	0.842519	0.002335	-0.019831	0.004856
1782895727.556563	-0.442641	0.033206	1.302709	0.009258	-0.004966	0.842943	-0.002279	-0.022083	0.001949
1782895727.566641	-0.442448	0.032991	1.302453	0.010406	-0.004759	0.845114	-0.002279	-0.022083	0.001949
1782895727.576840	-0.442265	0.032870	1.302505	0.007159	-0.005128	0.845005	-0.002617	-0.019576	-0.001020
1782895727.587134	-0.442265	0.032870	1.302505	0.007159	-0.005128	0.845005	0.001397	-0.020424	-0.002489
1782895727.596540	-0.442231	0.032810	1.302336	0.010150	-0.005080	0.845369	0.001397	-0.020424	-0.002489
1782895727.606692	-0.442084	0.032648	1.302294	0.012656	-0.005134	0.845324	0.001397	-0.020424	-0.002489
1782895727.616637	-0.44201	0.032681	1.302182	0.013844	-0.005044	0.844408	-0.000268	-0.023867	-0.005943
1782895727.626522	-0.441917	0.032767	1.302088	0.015837	-0.004300	0.843941	-0.000268	-0.023867	-0.005943
1782895727.637893	-0.441705	0.032577	1.302082	0.016909	-0.005186	0.842657	-0.003027	-0.020169	-0.005546
1782895727.646523	-0.441594	0.032588	1.301859	0.016572	-0.005288	0.844055	-0.003027	-0.020169	-0.005546
1782895727.656499	-0.441303	0.032455	1.301587	0.012162	-0.004713	0.844359	0.002559	-0.021085	-0.006179
1782895727.666639	-0.441192	0.032278	1.301460	0.009985	-0.003912	0.845244	0.001005	-0.023569	-0.009985
1782895727.677467	-0.441133	0.032167	1.301287	0.008988	-0.004299	0.845921	0.001005	-0.023569	-0.009985
1782895727.687344	-0.441056	0.032256	1.301257	0.007929	-0.003294	0.845241	-0.001670	-0.020421	-0.012479
1782895727.697055	-0.441056	0.032256	1.301257	0.007929	-0.003294	0.845241	-0.001670	-0.020421	-0.012479
1782895727.707054	-0.440904	0.032203	1.301183	0.005767	-0.002350	0.845674	-0.001670	-0.020421	-0.012479
1782895727.718617	-0.44085	0.032140	1.300928	0.004893	-0.002242	0.845425	0.005060	-0.022049	-0.010794
1782895727.726977	-0.440805	0.032053	1.300832	0.007002	-0.003036	0.845419	0.005060	-0.022049	-0.010794
1782895727.739216	-0.440575	0.031773	1.300598	0.005435	-0.003862	0.848012	0.001936	-0.025181	-0.013452
1782895727.749197	-0.440475	0.031630	1.300469	0.006942	-0.005263	0.848797	0.001936	-0.025181	-0.013452
1782895727.760036	-0.440435	0.031607	1.300421	0.006689	-0.005174	0.848456	0.001528	-0.020925	-0.013633
1782895727.767083	-0.440153	0.031516	1.300294	0.008429	-0.005077	0.848183	0.001528	-0.020925	-0.013633
1782895727.777540	-0.440143	0.031452	1.300330	0.007451	-0.005464	0.847990	0.004900	-0.021728	-0.005439
1782895727.787404	-0.440143	0.031452	1.300330	0.007451	-0.005464	0.847990	0.004900	-0.021728	-0.005439
1782895727.797728	-0.440034	0.031448	1.300243	0.006682	-0.004160	0.847546	0.004441	-0.024892	-0.004998
1782895727.807070	-0.439908	0.031425	1.300198	0.006893	-0.004350	0.848677	0.004441	-0.024892	-0.004998
1782895727.817239	-0.43985	0.031319	1.300188	0.006328	-0.004672	0.849083	0.002605	-0.019719	-0.000594
1782895727.826996	-0.439816	0.031297	1.300160	0.006584	-0.004771	0.849428	0.002605	-0.019719	-0.000594
1782895727.839081	-0.439668	0.031259	1.300160	0.006331	-0.004337	0.849828	0.008087	-0.022987	0.006989
1782895727.847806	-0.439409	0.031116	1.300274	0.006076	-0.004153	0.849138	0.008087	-0.022987	0.006989
1782895727.856793	-0.43931	0.031038	1.300333	0.005849	-0.003156	0.849224	0.004340	-0.023438	0.010126
1782895727.866978	-0.439253	0.031131	1.300531	0.008019	-0.003358	0.849443	0.003506	-0.018486	0.017285
1782895727.877197	-0.439055	0.031075	1.300740	0.007267	-0.002847	0.847727	0.003506	-0.018486	0.017285
1782895727.887100	-0.438787	0.030976	1.300905	0.009347	-0.003236	0.849882	0.003506	-0.018486	0.017285
1782895727.899555	-0.438787	0.030976	1.300905	0.009347	-0.003236	0.849882	0.006932	-0.025089	0.021645
1782895727.907036	-0.4387	0.030770	1.301174	0.009647	-0.002355	0.850717	0.006932	-0.025089	0.021645
1782895727.956692	-0.43838	0.030619	1.301546	0.012604	-0.003162	0.850603	0.001496	-0.019046	0.019652
1782895727.992026	-0.438051	0.030595	1.302271	0.013098	-0.003855	0.851199	-0.000610	-0.022632	0.011760
1782895728.028497	-0.437494	0.030466	1.302201	0.013685	0.003028	0.850198	0.010822	-0.019630	0.034684
1782895728.074013	-0.434072	0.030750	1.300859	0.033091	0.056401	0.831220	0.034820	-0.022395	0.032687
1782895728.119498	-0.426794	0.032107	1.296085	0.060975	0.144341	0.787140	0.079863	-0.040435	-0.006976
1782895728.159881	-0.418066	0.034026	1.287061	0.078597	0.213735	0.748903	0.207260	-0.069037	-0.142601
1782895728.194181	-0.406374	0.037220	1.273858	0.085769	0.266153	0.704303	0.325284	-0.096611	-0.183993
1782895728.230949	-0.399088	0.039455	1.266845	0.090395	0.286639	0.680767	0.379019	-0.113880	-0.178936
1782895728.285416	-0.381463	0.044733	1.253320	0.082572	0.289156	0.642069	0.490677	-0.125881	-0.165595
1782895728.357519	-0.359316	0.052042	1.238987	0.081233	0.271401	0.607431	0.662533	-0.151007	-0.197749
1782895728.416051	-0.318029	0.065569	1.213454	0.078747	0.232632	0.558118	0.840744	-0.172298	-0.322259
1782895728.459691	-0.269185	0.080343	1.180471	0.070519	0.184935	0.511048	0.898722	-0.183625	-0.397947
1782895728.492942	-0.224662	0.093255	1.147557	0.062944	0.136523	0.477020	0.957236	-0.186352	-0.519405
1782895728.526740	-0.206144	0.098597	1.133218	0.054428	0.122998	0.462320	0.991374	-0.192362	-0.591566
1782895728.569245	-0.177629	0.106230	1.110835	0.047340	0.100191	0.445002	0.990475	-0.185878	-0.619920
1782895728.616226	-0.138515	0.116100	1.081084	0.034233	0.071728	0.419770	0.990527	-0.179224	-0.614152
1782895728.659658	-0.099123	0.125313	1.053346	0.033095	0.042083	0.396156	0.982728	-0.170600	-0.600565
1782895728.690524	-0.049849	0.135765	1.023856	0.030702	0.013309	0.371667	0.949245	-0.155047	-0.507105
1782895728.723820	-0.030201	0.139477	1.014017	0.033910	0.003498	0.362417	0.943597	-0.157874	-0.449972
1782895728.768689	-0.001123	0.144899	1.001846	0.031927	-0.005627	0.349532	0.928058	-0.148745	-0.361742
1782895728.806497	0.036954	0.151478	0.989821	0.030111	-0.010468	0.331650	0.909563	-0.137818	-0.276240
1782895728.842956	0.065014	0.155592	0.983496	0.030571	-0.013229	0.319038	0.902228	-0.133530	-0.184125
1782895728.880214	0.101465	0.160946	0.978584	0.027713	-0.014624	0.302154	0.891138	-0.127370	-0.121373
1782895728.925054	0.128392	0.164483	0.976729	0.028053	-0.015218	0.289800	0.878616	-0.115813	-0.098092
1782895728.970458	0.163441	0.168346	0.976027	0.033132	-0.019313	0.274987	0.869760	-0.116055	-0.079670
1782895729.006950	0.205953	0.172292	0.976323	0.036326	-0.026707	0.253878	0.852897	-0.112817	-0.057563
1782895729.040325	0.222356	0.173695	0.976515	0.040600	-0.030491	0.244077	0.834058	-0.117895	-0.089241
1782895729.082239	0.254282	0.175311	0.975975	0.039010	-0.040617	0.230013	0.815012	-0.124913	-0.098255
1782895729.126096	0.277376	0.176178	0.975110	0.046021	-0.046871	0.217072	0.797024	-0.124874	-0.129698
1782895729.170161	0.299682	0.176135	0.972766	0.045247	-0.054545	0.206105	0.746333	-0.137802	-0.156688
1782895729.205678	0.334685	0.175199	0.967872	0.045963	-0.062357	0.186424	0.709396	-0.140996	-0.187381
1782895729.236554	0.354291	0.174037	0.963882	0.049042	-0.064852	0.176980	0.665860	-0.137764	-0.197753
1782895729.279324	0.37298	0.172628	0.960006	0.045332	-0.065385	0.165223	0.622918	-0.138794	-0.184992
1782895729.308602	0.395915	0.169824	0.954126	0.045784	-0.062383	0.148924	0.593047	-0.154782	-0.180446
1782895729.344912	0.406635	0.168066	0.951666	0.041946	-0.061783	0.140471	0.569919	-0.167247	-0.184433
1782895729.446376	0.440664	0.159161	0.940844	0.039632	-0.057318	0.123442	0.512836	-0.205733	-0.179179
1782895729.502407	0.465628	0.147562	0.931491	0.030142	-0.047403	0.115520	0.427647	-0.261326	-0.149346
1782895729.546169	0.482611	0.135589	0.924069	0.023529	-0.041206	0.115784	0.363700	-0.294494	-0.120717
1782895729.579648	0.49465	0.124783	0.918469	0.013450	-0.032399	0.113657	0.328934	-0.311906	-0.122895
1782895729.616614	0.502017	0.116383	0.914399	0.006582	-0.028024	0.114016	0.305378	-0.314348	-0.111137
1782895729.659310	0.508873	0.107716	0.910469	-0.002243	-0.017292	0.112382	0.269400	-0.318785	-0.123878
1782895729.689799	0.516753	0.096052	0.905351	-0.008304	-0.010600	0.111102	0.215668	-0.316913	-0.100649
1782895729.728057	0.521457	0.087427	0.901878	-0.014534	-0.005104	0.108636	0.198130	-0.313122	-0.072950
1782895729.777109	0.525675	0.078946	0.898591	-0.018893	0.001529	0.106054	0.168538	-0.300071	-0.081226
1782895729.823364	0.531583	0.065495	0.893900	-0.027213	0.012105	0.100187	0.149318	-0.289034	-0.065566
1782895729.863468	0.535044	0.055491	0.890385	-0.034763	0.020620	0.093373	0.114937	-0.259086	-0.038087
1782895729.900817	0.538109	0.046678	0.887890	-0.036454	0.025637	0.086643	0.097569	-0.237147	-0.036637
1782895729.940861	0.540111	0.040753	0.886600	-0.036696	0.032036	0.079138	0.086529	-0.215100	-0.002823
1782895730.004334	0.542547	0.033667	0.886135	-0.035248	0.038793	0.071595	0.070090	-0.192091	0.013590
1782895730.040862	0.545301	0.026464	0.886825	-0.031278	0.045548	0.061839	0.062237	-0.168431	0.046467
1782895730.084144	0.547196	0.021754	0.887818	-0.031384	0.050221	0.052668	0.043352	-0.145698	0.039214
1782895730.129697	0.548564	0.018900	0.888410	-0.027844	0.051953	0.045295	0.035121	-0.124328	0.035038
1782895730.165276	0.550977	0.015147	0.888668	-0.023645	0.057235	0.033257	0.030799	-0.109394	0.026349
1782895730.200500	0.552304	0.013747	0.887679	-0.023706	0.058078	0.026036	0.031467	-0.098299	-0.002349
1782895730.240904	0.553734	0.012289	0.886919	-0.021148	0.059668	0.019776	0.018375	-0.081106	-0.017736
1782895730.278848	0.555804	0.011220	0.885022	-0.022773	0.061412	0.011925	0.015220	-0.073250	-0.014999
1782895730.312885	0.557543	0.010390	0.883506	-0.017373	0.062901	0.007064	0.022825	-0.074729	-0.022335
1782895730.380498	0.55921	0.009620	0.882022	-0.009502	0.060725	0.004003	0.018308	-0.071512	-0.027824
1782895730.500779	0.563341	0.008215	0.880350	-0.008775	0.057995	-0.003140	0.013184	-0.070017	0.013743
1782895730.625880	0.5717	0.005544	0.881358	-0.001657	0.057060	-0.008772	-0.002330	-0.064733	0.057718
1782895730.664325	0.580763	0.001998	0.887571	0.003000	0.056699	-0.012635	-0.012974	-0.057212	0.087322
1782895730.699507	0.584227	0.000951	0.890137	0.004802	0.056946	-0.015883	-0.009684	-0.052181	0.080899
1782895730.743919	0.586764	-0.000003	0.891664	-0.000028	0.062167	-0.018344	-0.018570	-0.042197	0.066155
1782895730.787139	0.590166	-0.001104	0.892728	-0.001676	0.060010	-0.021490	-0.010282	-0.046592	0.053354
1782895730.830322	0.592504	-0.001791	0.892938	-0.007034	0.062238	-0.024137	-0.018535	-0.034905	0.018310
1782895730.868753	0.596775	-0.002714	0.891596	-0.005193	0.061172	-0.032925	-0.008309	-0.035286	-0.012167
1782895730.905089	0.599956	-0.003479	0.889089	0.004631	0.059406	-0.036774	-0.020166	-0.020227	-0.034435
1782895730.953322	0.601617	-0.003677	0.887648	0.001642	0.058638	-0.040214	-0.025230	-0.011714	-0.038812
1782895731.000833	0.605388	-0.004137	0.884567	0.003645	0.055613	-0.047286	-0.028211	-0.008026	-0.026448
1782895731.039472	0.60813	-0.004440	0.882873	0.003129	0.056007	-0.053562	-0.029200	-0.009973	-0.000242
1782895731.072205	0.610577	-0.004834	0.881846	0.003657	0.055405	-0.059270	-0.036069	-0.008817	0.000191
1782895731.117509	0.61241	-0.005172	0.881134	0.004442	0.053188	-0.063114	-0.036393	-0.010808	0.019701
1782895731.155302	0.614343	-0.005797	0.881133	0.007688	0.052008	-0.067556	-0.046755	-0.013647	0.027318
1782895731.192746	0.61617	-0.006626	0.881060	0.005171	0.053717	-0.070021	-0.042910	-0.019517	0.026338
1782895731.233775	0.617783	-0.007452	0.881172	0.006659	0.052769	-0.071240	-0.044804	-0.020458	0.023884
1782895731.275054	0.619802	-0.009008	0.881745	0.009535	0.053199	-0.073282	-0.043503	-0.034544	0.023863
1782895731.314107	0.621076	-0.010777	0.881603	0.005463	0.054449	-0.072306	-0.046480	-0.036798	0.023842
1782895731.350329	0.622283	-0.012269	0.881676	0.002396	0.053207	-0.073383	-0.048299	-0.043437	0.010221
1782895731.389365	0.623607	-0.014623	0.881466	0.001981	0.053186	-0.073078	-0.050817	-0.040432	0.011984
1782895731.431588	0.624482	-0.016415	0.881005	-0.002105	0.054072	-0.071258	-0.048429	-0.049669	0.003514
1782895731.479098	0.62529	-0.018866	0.880280	-0.001931	0.053328	-0.070510	-0.047170	-0.050844	0.015560
1782895731.510801	0.625744	-0.021475	0.879630	-0.006218	0.053249	-0.068150	-0.049740	-0.050245	0.012028
1782895731.546751	0.626594	-0.023285	0.879311	-0.007070	0.054180	-0.067725	-0.047804	-0.050711	-0.007249
1782895731.592264	0.62691	-0.025188	0.878608	-0.014924	0.053681	-0.065705	-0.049991	-0.047350	0.010323
1782895731.646858	0.627482	-0.027723	0.877943	-0.014898	0.054672	-0.065363	-0.055748	-0.040248	-0.004799
1782895731.708036	0.628065	-0.030737	0.877253	-0.013744	0.050234	-0.065687	-0.057725	-0.034610	-0.004815
1782895731.758916	0.628206	-0.033898	0.876023	-0.014492	0.050573	-0.066389	-0.058465	-0.026813	-0.013122
1782895731.796185	0.628381	-0.035615	0.875274	-0.013998	0.049616	-0.068420	-0.058596	-0.020240	-0.015360
1782895731.830206	0.628343	-0.036809	0.874519	-0.011400	0.050217	-0.071283	-0.063665	-0.009307	-0.014646
1782895731.867406	0.627896	-0.038039	0.874149	-0.011319	0.050226	-0.072119	-0.060151	-0.009153	-0.007695
1782895731.900635	0.627757	-0.038840	0.874190	-0.011577	0.051126	-0.075359	-0.064973	-0.002173	0.013287
1782895731.942599	0.627418	-0.039551	0.874402	-0.008481	0.050343	-0.075337	-0.071919	0.001883	0.010551
1782895731.983201	0.62691	-0.040407	0.874992	-0.007610	0.051059	-0.080108	-0.072809	0.003763	0.038382
1782895732.015276	0.626205	-0.041247	0.875161	0.000076	0.049798	-0.080832	-0.075972	0.005046	0.021772
1782895732.058249	0.625923	-0.041607	0.875684	-0.005291	0.050919	-0.081745	-0.076425	0.008454	0.018577
1782895732.093729	0.625295	-0.042397	0.875857	-0.009700	0.057330	-0.083070	-0.073944	0.009794	0.004517
1782895732.135902	0.624437	-0.042941	0.875741	-0.012888	0.059240	-0.083676	-0.061888	0.002084	0.012959
1782895732.176073	0.623551	-0.043678	0.876058	-0.010204	0.060732	-0.086378	-0.067703	0.006547	0.010620
1782895732.210625	0.622897	-0.044445	0.876521	-0.010458	0.059648	-0.087951	-0.059266	0.003035	0.016024
1782895732.250875	0.622241	-0.044943	0.877057	-0.003659	0.057124	-0.088679	-0.062071	0.004494	0.011369
1782895732.295574	0.621557	-0.045786	0.877932	-0.003196	0.055665	-0.087963	-0.058758	0.009494	0.015111
1782895732.337643	0.621034	-0.046119	0.878956	-0.011461	0.057121	-0.088724	-0.057122	0.009280	0.039539
1782895732.371088	0.620374	-0.046780	0.880402	-0.011650	0.057974	-0.088435	-0.054437	0.010662	0.053526
1782895732.405775	0.619678	-0.047103	0.881974	-0.016865	0.059098	-0.088640	-0.057293	0.019276	0.038359
1782895732.441069	0.619656	-0.047426	0.883001	-0.011190	0.057699	-0.088288	-0.050071	0.016943	0.047453
1782895732.479653	0.619224	-0.047897	0.884264	-0.011380	0.058163	-0.089086	-0.052406	0.025581	0.021111
1782895732.510717	0.618854	-0.047935	0.885038	-0.014005	0.059484	-0.088596	-0.038883	0.022827	0.015955
1782895732.557590	0.618385	-0.047889	0.885352	-0.012297	0.058923	-0.089119	-0.041982	0.026565	0.000475
1782895732.601407	0.618149	-0.047709	0.885376	-0.013338	0.059537	-0.091023	-0.038022	0.034768	-0.009304
1782895732.635836	0.61793	-0.047450	0.884866	-0.012915	0.057454	-0.091179	-0.040480	0.035084	-0.012810
1782895732.669716	0.61765	-0.047074	0.884308	-0.008582	0.055772	-0.091181	-0.033752	0.039301	-0.014544
1782895732.710362	0.617557	-0.046545	0.883612	-0.004500	0.055885	-0.091583	-0.036478	0.043334	-0.027655
1782895732.791002	0.617369	-0.046146	0.883032	-0.003192	0.053885	-0.091267	-0.028793	0.042761	-0.008967
1782895732.844022	0.61719	-0.045016	0.882894	-0.002779	0.055108	-0.093890	-0.029149	0.049586	-0.010715
1782895732.891235	0.617293	-0.044126	0.883749	-0.006774	0.055199	-0.093951	-0.028459	0.050134	0.007971
1782895732.938345	0.61724	-0.043451	0.884059	-0.005564	0.052991	-0.094329	-0.027743	0.048671	0.006632
1782895732.972507	0.61717	-0.042901	0.884629	-0.006436	0.052521	-0.095716	-0.017216	0.043845	0.001423
1782895733.023038	0.617199	-0.042220	0.885064	-0.004617	0.051966	-0.097245	-0.022005	0.044959	-0.006215
1782895733.059736	0.616964	-0.042019	0.885098	-0.006444	0.050460	-0.094905	-0.017802	0.041134	-0.016842
1782895733.101005	0.616832	-0.041279	0.884767	-0.006510	0.049894	-0.096635	-0.016448	0.042259	-0.013631
1782895733.141215	0.616679	-0.041132	0.884574	-0.007005	0.049328	-0.095625	-0.021567	0.040562	-0.019209
1782895733.182948	0.616332	-0.040600	0.884164	-0.007757	0.050115	-0.094079	-0.014196	0.039125	-0.015045
1782895733.227465	0.61599	-0.040290	0.883918	-0.006699	0.050038	-0.092220	-0.013727	0.042653	-0.010081
1782895733.266725	0.615636	-0.039687	0.883823	-0.008205	0.051833	-0.091683	-0.015883	0.041790	-0.007504
1782895733.306117	0.615327	-0.039072	0.883806	-0.007506	0.054534	-0.092800	-0.009844	0.041459	0.004062
1782895733.338936	0.615061	-0.038727	0.883848	-0.006314	0.055183	-0.090294	-0.016303	0.048274	0.001636
