时间(s)	位置x(m)	位置y(m)	位置z(m)	欧拉角roll(rad)	欧拉角pitch(rad)	欧拉角yaw(rad)	速度x(m/s)	速度y(m/s)	速度z(m/s)
1782895674.975436	-0.562400	-0.020118	1.258182	0.008191	0.003323	0.012233	0.011477	-0.008217	0.023620
1782895674.984358	-0.562241	-0.020070	1.258496	0.008136	0.003317	0.012387	0.011477	-0.008217	0.023620
1782895674.993699	-0.562114	-0.020157	1.258880	0.005261	0.004048	0.011553	0.011853	-0.006654	0.029154
1782895675.003311	-0.561928	-0.020182	1.259184	0.005037	0.004397	0.011577	0.011853	-0.006654	0.029154
1782895675.013636	-0.561819	-0.020188	1.259638	0.005434	0.006346	0.012732	0.018549	-0.010331	0.036627
1782895675.023969	-0.561819	-0.020188	1.259638	0.005434	0.006346	0.012732	0.018549	-0.010331	0.036627
1782895675.033571	-0.561703	-0.020148	1.259951	0.002427	0.008087	0.015619	0.015125	-0.007051	0.045382
1782895675.044041	-0.561548	-0.019901	1.260238	0.005046	0.008308	0.018513	0.015125	-0.007051	0.045382
1782895675.054281	-0.561536	-0.020100	1.261444	0.003325	0.008899	0.025917	0.021579	-0.009940	0.075152
1782895675.064895	-0.561536	-0.020100	1.261444	0.003325	0.008899	0.025917	0.021579	-0.009940	0.075152
1782895675.073996	-0.561407	-0.019985	1.262304	0.005521	0.008258	0.028388	0.023323	-0.008132	0.093897
1782895675.085302	-0.561250	-0.019919	1.263194	0.009010	0.008071	0.030392	0.023323	-0.008132	0.093897
1782895675.094752	-0.561043	-0.019897	1.264382	0.003717	0.011466	0.034714	0.023479	-0.008450	0.121454
1782895675.103991	-0.560906	-0.019865	1.265610	0.003428	0.009748	0.037081	0.023479	-0.008450	0.121454
1782895675.115335	-0.560906	-0.019865	1.265610	0.003428	0.009748	0.037081	0.025879	-0.007911	0.131895
1782895675.124285	-0.560812	-0.019706	1.266963	0.006714	0.010530	0.040338	0.025879	-0.007911	0.131895
1782895675.134216	-0.560670	-0.019712	1.268450	0.001281	0.011728	0.043689	0.025879	-0.007911	0.131895
1782895675.143807	-0.560403	-0.019533	1.270072	0.004960	0.010884	0.045909	0.023529	-0.008880	0.145590
1782895675.154426	-0.560260	-0.019537	1.271453	0.003627	0.011570	0.049720	0.031739	-0.008141	0.142988
1782895675.164432	-0.560168	-0.019331	1.273141	0.004756	0.010779	0.052107	0.031739	-0.008141	0.142988
1782895675.174236	-0.559997	-0.019241	1.274706	0.007216	0.009217	0.055686	0.028197	-0.006669	0.136296
1782895675.185613	-0.559595	-0.019220	1.277759	0.004101	0.008248	0.063159	0.027984	-0.009411	0.137832
1782895675.196129	-0.559595	-0.019220	1.277759	0.004101	0.008248	0.063159	0.027984	-0.009411	0.137832
1782895675.203334	-0.559392	-0.019171	1.279334	0.006427	0.008032	0.065477	0.027984	-0.009411	0.137832
1782895675.215829	-0.559392	-0.019171	1.279334	0.006427	0.008032	0.065477	0.027984	-0.009411	0.137832
1782895675.224472	-0.558752	-0.018835	1.282059	0.004204	0.008187	0.071511	0.033291	-0.009624	0.124437
1782895675.234967	-0.558752	-0.018835	1.282059	0.004204	0.008187	0.071511	0.033291	-0.009624	0.124437
1782895675.244662	-0.558598	-0.019096	1.283325	0.001617	0.008028	0.074544	0.033413	-0.009358	0.109586
1782895675.255633	-0.558448	-0.018794	1.284222	-0.000280	0.007579	0.078648	0.032364	-0.007355	0.089022
1782895675.265727	-0.557775	-0.018603	1.286238	0.002180	0.007288	0.086107	0.032364	-0.007355	0.089022
1782895675.275079	-0.557775	-0.018603	1.286238	0.002180	0.007288	0.086107	0.039161	-0.008264	0.067696
1782895675.284064	-0.557464	-0.018509	1.286968	-0.000787	0.008713	0.086823	0.039161	-0.008264	0.067696
1782895675.294731	-0.557063	-0.018431	1.287663	0.002950	0.009360	0.090137	0.039161	-0.008264	0.067696
1782895675.303483	-0.556960	-0.018241	1.288196	0.003330	0.005950	0.094589	0.045091	-0.010173	0.044102
1782895675.316284	-0.556960	-0.018241	1.288196	0.003330	0.005950	0.094589	0.040591	-0.012993	0.025714
1782895675.324952	-0.556685	-0.018315	1.288478	0.000834	0.007271	0.098390	0.040591	-0.012993	0.025714
1782895675.334084	-0.556193	-0.017934	1.289188	0.001658	0.007060	0.102815	0.040591	-0.012993	0.025714
1782895675.344012	-0.555808	-0.017884	1.289241	-0.004007	0.010265	0.106508	0.035896	-0.009436	0.017346
1782895675.355507	-0.555432	-0.017756	1.289324	-0.003470	0.008537	0.111090	0.043338	-0.009830	0.007025
1782895675.364626	-0.555432	-0.017756	1.289324	-0.003470	0.008537	0.111090	0.043338	-0.009830	0.007025
1782895675.375860	-0.555154	-0.017570	1.289195	0.001055	0.005230	0.115242	0.048804	-0.008732	-0.011785
1782895675.384232	-0.554575	-0.017364	1.288961	0.000082	0.004959	0.120352	0.048804	-0.008732	-0.011785
1782895675.394950	-0.554575	-0.017364	1.288961	0.000082	0.004959	0.120352	0.044398	-0.007599	-0.020587
1782895675.403425	-0.554246	-0.017241	1.288858	-0.002342	0.003904	0.123058	0.044398	-0.007599	-0.020587
1782895675.414365	-0.554246	-0.017241	1.288858	-0.002342	0.003904	0.123058	0.044398	-0.007599	-0.020587
1782895675.425202	-0.553833	-0.016947	1.288481	0.002685	0.003543	0.126462	0.048984	-0.010007	-0.011384
1782895675.433956	-0.553322	-0.016960	1.288181	-0.000383	0.004632	0.128834	0.049282	-0.010110	-0.026025
1782895675.444088	-0.553021	-0.016694	1.287904	-0.002171	0.003330	0.131949	0.049282	-0.010110	-0.026025
1782895675.454374	-0.552784	-0.016530	1.287764	-0.002484	0.001784	0.134198	0.046365	-0.006936	-0.003870
1782895675.464627	-0.552263	-0.016516	1.287724	-0.006690	0.001059	0.138026	0.046365	-0.006936	-0.003870
1782895675.475518	-0.551852	-0.016104	1.287495	0.000742	-0.001459	0.145530	0.052121	-0.010632	0.002878
1782895675.486182	-0.551852	-0.016104	1.287495	0.000742	-0.001459	0.145530	0.052121	-0.010632	0.002878
1782895675.494100	-0.551330	-0.015788	1.287507	0.001751	-0.001311	0.148840	0.052121	-0.010632	0.002878
1782895675.507154	-0.551014	-0.015761	1.287622	0.001535	-0.001375	0.151562	0.049200	-0.004472	0.016890
1782895675.515751	-0.551014	-0.015761	1.287622	0.001535	-0.001375	0.151562	0.050693	-0.010119	0.033951
1782895675.524005	-0.550729	-0.015550	1.287793	-0.000037	-0.002063	0.154809	0.050693	-0.010119	0.033951
1782895675.534053	-0.550292	-0.015328	1.288162	-0.004059	-0.002470	0.159619	0.050693	-0.010119	0.033951
1782895675.544217	-0.549817	-0.015277	1.288585	-0.000939	-0.001540	0.162277	0.046324	-0.004108	0.040290
1782895675.555190	-0.549291	-0.014781	1.289359	0.001706	-0.003026	0.168550	0.049665	-0.010077	0.054677
1782895675.565348	-0.549291	-0.014781	1.289359	0.001706	-0.003026	0.168550	0.049665	-0.010077	0.054677
1782895675.574123	-0.548957	-0.014527	1.289746	0.000824	-0.003166	0.171607	0.045938	-0.003959	0.050176
1782895675.586351	-0.548651	-0.014399	1.290403	0.003681	-0.005383	0.174548	0.045938	-0.003959	0.050176
1782895675.594339	-0.548390	-0.014207	1.290926	0.004549	-0.005821	0.178764	0.048800	-0.006747	0.059308
1782895675.603233	-0.548038	-0.014104	1.291493	-0.001477	-0.005331	0.183034	0.048800	-0.006747	0.059308
1782895675.614478	-0.548038	-0.014104	1.291493	-0.001477	-0.005331	0.183034	0.048800	-0.006747	0.059308
1782895675.623489	-0.547782	-0.013727	1.292289	0.000592	-0.005690	0.185512	0.040874	-0.005872	0.059531
1782895675.635011	-0.547516	-0.013673	1.292795	0.002581	-0.004596	0.189934	0.040874	-0.005872	0.059531
1782895675.644720	-0.547210	-0.013539	1.293234	0.003848	-0.005912	0.194021	0.045341	-0.007396	0.053539
1782895675.654907	-0.546469	-0.013202	1.294117	0.005366	-0.006548	0.201856	0.035619	-0.007877	0.043199
1782895675.665282	-0.546469	-0.013202	1.294117	0.005366	-0.006548	0.201856	0.035619	-0.007877	0.043199
1782895675.674360	-0.546228	-0.013096	1.294328	0.003321	-0.005098	0.204625	0.037246	-0.011116	0.046919
1782895675.684279	-0.545989	-0.012883	1.294807	0.004059	-0.005240	0.207523	0.037246	-0.011116	0.046919
1782895675.694261	-0.545610	-0.012673	1.295089	0.002800	-0.005753	0.210897	0.037246	-0.011116	0.046919
1782895675.703976	-0.545399	-0.012448	1.295238	0.005580	-0.006785	0.213799	0.042642	-0.013890	0.029957
1782895675.715482	-0.545399	-0.012448	1.295238	0.005580	-0.006785	0.213799	0.036969	-0.010872	0.006121
1782895675.724327	-0.545175	-0.012309	1.295350	0.006046	-0.007391	0.217772	0.036969	-0.010872	0.006121
1782895675.734334	-0.545129	-0.012363	1.295375	0.005977	-0.007418	0.221046	0.036969	-0.010872	0.006121
1782895675.745975	-0.544805	-0.012458	1.295431	0.008403	-0.008921	0.226364	0.034446	-0.010480	0.004088
1782895675.758106	-0.544489	-0.012235	1.295465	0.008380	-0.008800	0.229031	0.037806	-0.016781	-0.005122
1782895675.764224	-0.544216	-0.011893	1.295366	0.010844	-0.007931	0.232382	0.037806	-0.016781	-0.005122
1782895675.774377	-0.544095	-0.011567	1.295182	0.006318	-0.006728	0.235419	0.029954	-0.012881	-0.010648
1782895675.784307	-0.543854	-0.011444	1.294879	0.004602	-0.005195	0.238426	0.029954	-0.012881	-0.010648
1782895675.793571	-0.543576	-0.011582	1.294410	0.005302	-0.006593	0.243268	0.029954	-0.012881	-0.010648
1782895675.804920	-0.543576	-0.011582	1.294410	0.005302	-0.006593	0.243268	0.029175	-0.013121	0.004389
1782895675.815982	-0.543308	-0.011225	1.293947	0.000537	-0.007131	0.250066	0.029175	-0.013121	0.004389
1782895675.825578	-0.543203	-0.011163	1.293641	0.002767	-0.006190	0.253931	0.028492	-0.017146	-0.005379
1782895675.834696	-0.543031	-0.011139	1.293530	0.004767	-0.006914	0.257655	0.028492	-0.017146	-0.005379
1782895675.845200	-0.543031	-0.011139	1.293530	0.004767	-0.006914	0.257655	0.028534	-0.013456	0.000474
1782895675.855387	-0.542765	-0.010997	1.293378	0.003990	-0.006093	0.261525	0.030847	-0.015496	-0.000727
1782895675.864178	-0.542679	-0.010962	1.293298	0.004649	-0.007233	0.264670	0.030847	-0.015496	-0.000727
1782895675.876583	-0.542406	-0.010860	1.293149	0.004767	-0.006705	0.266885	0.029168	-0.017541	0.007429
1782895675.883290	-0.542290	-0.010703	1.292912	0.002265	-0.005328	0.270770	0.029168	-0.017541	0.007429
1782895675.896190	-0.542290	-0.010703	1.292912	0.002265	-0.005328	0.270770	0.029168	-0.017541	0.007429
1782895675.905156	-0.541957	-0.010537	1.292878	0.001832	-0.004018	0.275956	0.033957	-0.018844	-0.001238
1782895675.914109	-0.541914	-0.010321	1.292665	0.001789	-0.005745	0.280963	0.026623	-0.017773	-0.000040
1782895675.925751	-0.541914	-0.010321	1.292665	0.001789	-0.005745	0.280963	0.026623	-0.017773	-0.000040
1782895675.936123	-0.541648	-0.010344	1.292641	0.000302	-0.006035	0.283981	0.031749	-0.022224	0.006278
1782895675.944270	-0.541546	-0.010245	1.292579	0.006105	-0.006893	0.287140	0.031749	-0.022224	0.006278
1782895675.954263	-0.541517	-0.010069	1.292490	0.006492	-0.007105	0.290291	0.026175	-0.019001	-0.012187
1782895675.965612	-0.541278	-0.010196	1.292503	0.001061	-0.006220	0.297369	0.026175	-0.019001	-0.012187
1782895675.982166	-0.541234	-0.010288	1.292424	0.003916	-0.006472	0.300785	0.022711	-0.018523	0.007777
1782895675.994265	-0.541062	-0.010243	1.292444	0.006581	-0.006362	0.303206	0.022711	-0.018523	0.007777
1782895675.997752	-0.541062	-0.010243	1.292444	0.006581	-0.006362	0.303206	0.022882	-0.023158	0.009909
1782895676.003697	-0.541062	-0.010243	1.292444	0.006581	-0.006362	0.303206	0.022882	-0.023158	0.009909
1782895676.015360	-0.541069	-0.010099	1.292359	0.005139	-0.005666	0.304765	0.016358	-0.018031	0.014955
1782895676.025057	-0.540889	-0.009988	1.292405	0.007358	-0.005896	0.308326	0.016358	-0.018031	0.014955
1782895676.035191	-0.540728	-0.010220	1.292309	0.009557	-0.006362	0.312579	0.019013	-0.022368	0.027864
1782895676.046211	-0.540584	-0.010048	1.292496	0.012504	-0.004923	0.318399	0.019013	-0.022368	0.027864
1782895676.055280	-0.540548	-0.010059	1.292576	0.006873	-0.004077	0.321652	0.014862	-0.020342	0.027300
1782895676.063797	-0.540548	-0.010059	1.292576	0.006873	-0.004077	0.321652	0.014862	-0.020342	0.027300
1782895676.073787	-0.540518	-0.010012	1.292800	0.009656	-0.003595	0.325462	0.018179	-0.019647	0.028747
1782895676.083651	-0.540448	-0.010142	1.292911	0.008586	-0.002790	0.328883	0.018179	-0.019647	0.028747
1782895676.096880	-0.540267	-0.010143	1.293032	0.008756	-0.003055	0.332553	0.018179	-0.019647	0.028747
1782895676.105295	-0.540300	-0.010010	1.293169	0.003115	-0.001825	0.335208	0.014478	-0.020871	0.031753
1782895676.117594	-0.540023	-0.009978	1.293240	0.006409	-0.001134	0.338455	0.019963	-0.024048	0.036492
1782895676.129319	-0.539966	-0.010064	1.293507	0.007068	-0.001745	0.340634	0.019963	-0.024048	0.036492
1782895676.139935	-0.539966	-0.010064	1.293507	0.007068	-0.001745	0.340634	0.019963	-0.024048	0.036492
1782895676.147041	-0.539938	-0.010013	1.293948	0.006684	-0.000215	0.347325	0.020574	-0.021296	0.016274
1782895676.175020	-0.539938	-0.010013	1.293948	0.006684	-0.000215	0.347325	0.015158	-0.021368	0.018232
1782895676.180939	-0.539934	-0.010057	1.294075	0.009441	-0.000549	0.349110	0.015158	-0.021368	0.018232
1782895676.194090	-0.539934	-0.010057	1.294075	0.009441	-0.000549	0.349110	0.015158	-0.021368	0.018232
1782895676.198424	-0.539622	-0.010466	1.294067	0.005672	-0.001220	0.358568	0.011673	-0.021267	-0.005183
1782895676.204146	-0.539622	-0.010466	1.294067	0.005672	-0.001220	0.358568	0.011673	-0.021267	-0.005183
1782895676.211928	-0.539512	-0.010646	1.293931	0.009459	-0.002453	0.365340	0.009794	-0.021075	0.007731
1782895676.216950	-0.539512	-0.010646	1.293931	0.009459	-0.002453	0.365340	0.009794	-0.021075	0.007731
1782895676.226109	-0.539505	-0.010526	1.293914	0.007591	-0.001944	0.367998	0.009794	-0.021075	0.007731
1782895676.238066	-0.539398	-0.010396	1.293790	0.008232	-0.001173	0.369357	0.014571	-0.027395	0.005978
1782895676.244821	-0.539370	-0.010462	1.293703	0.008267	-0.000604	0.371549	0.014571	-0.027395	0.005978
1782895676.256894	-0.539223	-0.010539	1.293563	0.008538	-0.002109	0.376551	0.010682	-0.021432	-0.001732
1782895676.266931	-0.539150	-0.010611	1.293570	0.004438	-0.002726	0.378921	0.010682	-0.021432	-0.001732
1782895676.279518	-0.539055	-0.010643	1.293354	0.005896	-0.001050	0.382054	0.015627	-0.023525	0.010664
1782895676.289097	-0.539055	-0.010643	1.293354	0.005896	-0.001050	0.382054	0.015627	-0.023525	0.010664
1782895676.293378	-0.539055	-0.010643	1.293354	0.005896	-0.001050	0.382054	0.013804	-0.025604	0.006749
1782895676.304350	-0.539073	-0.010743	1.293281	0.005599	-0.000798	0.385913	0.013804	-0.025604	0.006749
1782895676.313727	-0.538966	-0.010799	1.293418	0.005186	-0.000004	0.387857	0.013804	-0.025604	0.006749
1782895676.323870	-0.538862	-0.010810	1.293407	0.007161	0.000785	0.390812	0.016019	-0.023547	0.015939
1782895676.334306	-0.538741	-0.010921	1.293433	0.005926	0.000234	0.394586	0.013615	-0.025132	0.013320
1782895676.344340	-0.538724	-0.010931	1.293604	0.004236	0.001732	0.396382	0.013615	-0.025132	0.013320
1782895676.353808	-0.538730	-0.010983	1.293764	0.002077	0.002379	0.400001	0.014929	-0.024334	0.018693
1782895676.364218	-0.538634	-0.010876	1.293844	0.003657	0.002823	0.401988	0.014929	-0.024334	0.018693
1782895676.373864	-0.538467	-0.010975	1.293800	0.003076	0.002549	0.405776	0.015026	-0.021477	0.018310
1782895676.385310	-0.538335	-0.011127	1.294165	0.005866	0.002954	0.410535	0.015026	-0.021477	0.018310
1782895676.393077	-0.538335	-0.011127	1.294165	0.005866	0.002954	0.410535	0.015026	-0.021477	0.018310
1782895676.403835	-0.538335	-0.011127	1.294165	0.005866	0.002954	0.410535	0.009935	-0.023796	0.026215
1782895676.413592	-0.538239	-0.011436	1.294306	0.005648	0.003455	0.414512	0.014376	-0.022263	0.021027
1782895676.424514	-0.538360	-0.011361	1.294587	0.002280	0.002929	0.417994	0.014376	-0.022263	0.021027
1782895676.434728	-0.538253	-0.011412	1.294876	0.003991	0.001382	0.420231	0.014376	-0.022263	0.021027
1782895676.443789	-0.538130	-0.011380	1.295122	0.002036	0.000330	0.423485	0.005032	-0.019724	0.017083
1782895676.453492	-0.537845	-0.011569	1.295538	0.004932	0.000540	0.427999	0.008123	-0.022783	0.028926
1782895676.464034	-0.537845	-0.011569	1.295538	0.004932	0.000540	0.427999	0.008123	-0.022783	0.028926
1782895676.473910	-0.537743	-0.011620	1.295619	0.005709	0.000557	0.430130	0.010802	-0.025118	0.015111
1782895676.486760	-0.537756	-0.011789	1.295732	0.008222	0.000099	0.432259	0.010802	-0.025118	0.015111
1782895676.494408	-0.537606	-0.011760	1.295652	0.007571	0.001148	0.435596	0.006951	-0.019179	0.009749
1782895676.503653	-0.537678	-0.011640	1.295644	0.008605	-0.002132	0.437795	0.006951	-0.019179	0.009749
1782895676.515994	-0.537678	-0.011640	1.295644	0.008605	-0.002132	0.437795	0.006951	-0.019179	0.009749
1782895676.524734	-0.537368	-0.011766	1.295502	0.008164	-0.001512	0.441708	0.015009	-0.026371	0.010946
1782895676.535083	-0.537179	-0.011901	1.295537	0.005683	-0.000377	0.448378	0.015009	-0.026371	0.010946
1782895676.544155	-0.537179	-0.011901	1.295537	0.005683	-0.000377	0.448378	0.012193	-0.024499	-0.003991
1782895676.554700	-0.536988	-0.011949	1.295370	0.004712	0.000271	0.450852	0.012866	-0.023075	0.000962
1782895676.564350	-0.536889	-0.012109	1.295417	0.005498	0.000796	0.454350	0.012866	-0.023075	0.000962
1782895676.574101	-0.536827	-0.012219	1.295377	0.003881	0.000822	0.456555	0.012193	-0.027812	-0.004341
1782895676.584759	-0.536827	-0.012219	1.295377	0.003881	0.000822	0.456555	0.012193	-0.027812	-0.004341
1782895676.595004	-0.536671	-0.012203	1.295346	0.005295	0.000387	0.458817	0.012193	-0.027812	-0.004341
1782895676.605543	-0.536504	-0.012302	1.295339	0.005664	0.001225	0.461893	0.009238	-0.025574	-0.000271
1782895676.615690	-0.536504	-0.012302	1.295339	0.005664	0.001225	0.461893	0.009238	-0.025574	-0.000271
1782895676.627102	-0.536423	-0.012336	1.295315	0.008996	0.001456	0.464370	0.012170	-0.024524	-0.000525
1782895676.637189	-0.536493	-0.012375	1.295323	0.007365	0.002054	0.467542	0.006796	-0.024456	0.007215
1782895676.645062	-0.536398	-0.012364	1.295215	0.010567	0.000764	0.471164	0.006796	-0.024456	0.007215
1782895676.655360	-0.536116	-0.012526	1.295084	0.009417	-0.000401	0.474490	0.013950	-0.026490	0.008937
1782895676.664665	-0.535984	-0.012545	1.295191	0.006436	-0.000407	0.476987	0.013950	-0.026490	0.008937
1782895676.676765	-0.535942	-0.012536	1.295224	0.004387	0.000135	0.479194	0.013950	-0.026490	0.008937
1782895676.684895	-0.535725	-0.012549	1.295245	0.005451	0.000677	0.481997	0.009270	-0.023262	-0.004592
1782895676.695525	-0.535725	-0.012549	1.295245	0.005451	0.000677	0.481997	0.012275	-0.025872	0.007550
1782895676.704159	-0.535725	-0.012549	1.295245	0.005451	0.000677	0.481997	0.012275	-0.025872	0.007550
1782895676.715398	-0.535582	-0.012695	1.295261	0.004546	-0.000273	0.484507	0.015243	-0.025881	-0.008031
1782895676.723823	-0.535377	-0.012739	1.295136	0.004439	0.000776	0.487437	0.015243	-0.025881	-0.008031
1782895676.735994	-0.535377	-0.012739	1.295136	0.004439	0.000776	0.487437	0.006821	-0.019095	-0.010785
1782895676.745227	-0.535377	-0.012739	1.295136	0.004439	0.000776	0.487437	0.006821	-0.019095	-0.010785
1782895676.757333	-0.535328	-0.012772	1.295094	0.003344	0.000380	0.490223	0.010858	-0.022822	0.001348
1782895676.764740	-0.534943	-0.013006	1.294670	0.004018	-0.001898	0.497904	0.010858	-0.022822	0.001348
1782895676.776546	-0.534802	-0.012969	1.294459	0.001364	-0.000506	0.501124	0.007720	-0.021199	-0.018143
1782895676.784826	-0.534734	-0.012916	1.294280	-0.002661	0.000978	0.502860	0.007720	-0.021199	-0.018143
1782895676.795428	-0.534654	-0.012916	1.294304	-0.003583	0.001620	0.506158	0.004745	-0.018168	0.004390
1782895676.805028	-0.534654	-0.012916	1.294304	-0.003583	0.001620	0.506158	0.004745	-0.018168	0.004390
1782895676.815434	-0.534532	-0.012788	1.294091	-0.005409	0.001401	0.507774	0.008831	-0.021645	0.004926
1782895676.824758	-0.534284	-0.012856	1.293998	-0.001301	0.000913	0.513875	0.008831	-0.021645	0.004926
1782895676.835800	-0.534284	-0.012856	1.293998	-0.001301	0.000913	0.513875	0.008831	-0.021645	0.004926
1782895676.845129	-0.534059	-0.012969	1.293936	0.002612	0.000750	0.517299	0.004916	-0.015813	0.004486
1782895676.855473	-0.533925	-0.012886	1.294068	0.001787	0.000957	0.519072	0.010423	-0.021128	0.019993
1782895676.863928	-0.533837	-0.013004	1.294246	0.003086	0.001016	0.521069	0.010423	-0.021128	0.019993
1782895676.874444	-0.533788	-0.013087	1.294382	0.000668	-0.000246	0.524671	0.006585	-0.016352	0.010629
1782895676.886186	-0.533704	-0.013047	1.294569	0.004626	-0.001050	0.525672	0.006585	-0.016352	0.010629
1782895676.894624	-0.533578	-0.013135	1.294678	0.003978	-0.000611	0.527806	0.013109	-0.020426	0.022976
1782895676.905554	-0.533197	-0.013248	1.295208	0.007378	0.000890	0.533765	0.013109	-0.020426	0.022976
1782895676.914762	-0.533197	-0.013248	1.295208	0.007378	0.000890	0.533765	0.011230	-0.021698	0.017118
1782895676.925070	-0.533197	-0.013248	1.295208	0.007378	0.000890	0.533765	0.011230	-0.021698	0.017118
1782895676.934830	-0.533082	-0.012990	1.295558	0.007909	0.001653	0.538001	0.014241	-0.018198	0.021442
1782895676.944097	-0.533082	-0.012990	1.295558	0.007909	0.001653	0.538001	0.014241	-0.018198	0.021442
1782895676.955630	-0.533011	-0.012949	1.295773	0.006921	0.001297	0.540215	0.011367	-0.019998	0.020005
1782895676.964683	-0.532846	-0.013040	1.295872	0.007549	0.001068	0.542415	0.011367	-0.019998	0.020005
1782895676.973717	-0.532715	-0.013054	1.295987	0.004819	0.000805	0.545379	0.011367	-0.019998	0.020005
1782895676.983500	-0.532502	-0.013144	1.296210	0.006559	0.001131	0.548396	0.012163	-0.017988	0.011834
1782895676.997215	-0.532502	-0.013144	1.296210	0.006559	0.001131	0.548396	0.012163	-0.017988	0.011834
1782895677.003784	-0.532199	-0.013101	1.296647	0.010816	0.000800	0.552933	0.015930	-0.021300	0.017960
1782895677.016353	-0.532199	-0.013101	1.296647	0.010816	0.000800	0.552933	0.011119	-0.022701	0.016673
1782895677.024173	-0.532114	-0.013169	1.296736	0.010338	0.001494	0.554760	0.011119	-0.022701	0.016673
1782895677.035718	-0.531924	-0.013100	1.297004	0.009530	0.001349	0.556601	0.013487	-0.019909	0.019246
1782895677.044408	-0.531578	-0.013049	1.297188	0.012125	0.001736	0.559786	0.013487	-0.019909	0.019246
1782895677.060124	-0.531250	-0.013030	1.297384	0.009857	0.001885	0.564905	0.014730	-0.025107	0.021554
1782895677.072161	-0.530955	-0.012931	1.297580	0.010174	0.001720	0.566191	0.013213	-0.022834	0.016876
1782895677.085072	-0.530750	-0.012961	1.297845	0.010565	0.002013	0.568842	0.013213	-0.022834	0.016876
1782895677.088557	-0.530454	-0.012996	1.297852	0.008605	0.002727	0.572591	0.013213	-0.022834	0.016876
1782895677.099986	-0.530098	-0.013101	1.297947	0.008842	0.002841	0.575110	0.017299	-0.024594	0.020713
1782895677.103565	-0.530098	-0.013101	1.297947	0.008842	0.002841	0.575110	0.017299	-0.024594	0.020713
1782895677.115247	-0.529907	-0.013076	1.298138	0.007683	0.003230	0.577074	0.016723	-0.028663	0.018825
1782895677.126067	-0.529907	-0.013076	1.298138	0.007683	0.003230	0.577074	0.016723	-0.028663	0.018825
1782895677.139354	-0.529366	-0.013166	1.298395	0.010178	0.003336	0.580380	0.019158	-0.025710	0.016649
1782895677.145018	-0.529366	-0.013166	1.298395	0.010178	0.003336	0.580380	0.019158	-0.025710	0.016649
1782895677.153817	-0.528938	-0.012962	1.298743	0.009798	0.003345	0.581938	0.025015	-0.031232	0.016833
1782895677.164283	-0.528372	-0.013072	1.298944	0.011048	0.002415	0.585741	0.025015	-0.031232	0.016833
1782895677.174793	-0.528372	-0.013072	1.298944	0.011048	0.002415	0.585741	0.023505	-0.031909	0.008951
1782895677.184319	-0.528029	-0.013170	1.298988	0.012618	0.000268	0.588210	0.023505	-0.031909	0.008951
1782895677.193076	-0.527734	-0.013272	1.299103	0.011774	0.001175	0.591444	0.027363	-0.030821	0.006124
1782895677.203889	-0.527734	-0.013272	1.299103	0.011774	0.001175	0.591444	0.027363	-0.030821	0.006124
1782895677.213716	-0.527483	-0.013122	1.299214	0.010086	0.001231	0.592803	0.028767	-0.036999	0.000328
1782895677.223713	-0.527042	-0.013051	1.299318	0.007668	0.001085	0.594428	0.028767	-0.036999	0.000328
1782895677.234717	-0.526724	-0.013002	1.299308	0.009165	0.001028	0.594758	0.028767	-0.036999	0.000328
1782895677.243788	-0.525894	-0.013076	1.299220	0.010088	-0.000593	0.599642	0.022748	-0.035444	0.003309
1782895677.254651	-0.525616	-0.013211	1.299161	0.008919	0.000042	0.601829	0.027882	-0.034744	-0.005280
1782895677.263740	-0.525616	-0.013211	1.299161	0.008919	0.000042	0.601829	0.027882	-0.034744	-0.005280
1782895677.276039	-0.525256	-0.013375	1.299082	0.007679	-0.000550	0.604169	0.027882	-0.034744	-0.005280
1782895677.284029	-0.524910	-0.013532	1.298938	0.011138	-0.001720	0.606662	0.028116	-0.035609	-0.000047
1782895677.297195	-0.523959	-0.013528	1.299011	0.008168	-0.002169	0.608938	0.020967	-0.034523	-0.000108
1782895677.303261	-0.523959	-0.013528	1.299011	0.008168	-0.002169	0.608938	0.020967	-0.034523	-0.000108
1782895677.316172	-0.523959	-0.013528	1.299011	0.008168	-0.002169	0.608938	0.024734	-0.039392	0.003202
1782895677.325049	-0.523562	-0.013547	1.299075	0.005108	-0.001343	0.611852	0.024734	-0.039392	0.003202
1782895677.335266	-0.523219	-0.013502	1.299078	0.007552	-0.001931	0.611603	0.024734	-0.039392	0.003202
1782895677.344812	-0.522405	-0.013683	1.298982	0.009711	-0.002524	0.616953	0.019491	-0.038229	0.008668
1782895677.354375	-0.522405	-0.013683	1.298982	0.009711	-0.002524	0.616953	0.027725	-0.038341	0.002691
1782895677.363652	-0.522080	-0.013874	1.298851	0.007499	-0.001707	0.617855	0.027725	-0.038341	0.002691
1782895677.375479	-0.521839	-0.013931	1.298857	0.006283	-0.000893	0.620215	0.029821	-0.042717	0.004962
1782895677.384179	-0.521276	-0.014058	1.298794	0.007766	-0.001859	0.622964	0.029821	-0.042717	0.004962
1782895677.396599	-0.520660	-0.014064	1.298792	0.009327	-0.002628	0.625639	0.025183	-0.041635	-0.000019
1782895677.404268	-0.520315	-0.014108	1.298796	0.005587	-0.000977	0.626368	0.025183	-0.041635	-0.000019
1782895677.416043	-0.520315	-0.014108	1.298796	0.005587	-0.000977	0.626368	0.027393	-0.042015	0.006897
1782895677.424749	-0.519875	-0.014200	1.298837	0.004776	-0.000986	0.626248	0.027393	-0.042015	0.006897
1782895677.436806	-0.519018	-0.014231	1.299109	0.004213	0.001616	0.630927	0.026207	-0.044695	0.003065
1782895677.445281	-0.519018	-0.014231	1.299109	0.004213	0.001616	0.630927	0.026207	-0.044695	0.003065
1782895677.456357	-0.518530	-0.014319	1.298889	0.006394	0.000628	0.632536	0.021848	-0.041778	-0.000969
1782895677.464587	-0.518242	-0.014519	1.298799	0.006594	0.000176	0.634570	0.021848	-0.041778	-0.000969
1782895677.473747	-0.517794	-0.014584	1.298968	0.005917	0.000952	0.636797	0.025699	-0.044093	0.006766
1782895677.484274	-0.517346	-0.014716	1.299021	0.005897	0.000985	0.637802	0.025699	-0.044093	0.006766
1782895677.495965	-0.516810	-0.014764	1.298969	0.008615	0.000014	0.641079	0.025699	-0.044093	0.006766
1782895677.504512	-0.516319	-0.014776	1.299096	0.006818	-0.001526	0.642431	0.021631	-0.046334	0.002443
1782895677.514678	-0.516319	-0.014776	1.299096	0.006818	-0.001526	0.642431	0.021631	-0.046334	0.002443
1782895677.524618	-0.515822	-0.014879	1.299271	0.002910	-0.000369	0.642976	0.022010	-0.043039	0.003047
1782895677.537166	-0.515019	-0.015076	1.299111	0.007108	-0.001081	0.646159	0.027325	-0.049007	0.010931
1782895677.544162	-0.515019	-0.015076	1.299111	0.007108	-0.001081	0.646159	0.027325	-0.049007	0.010931
1782895677.556890	-0.514121	-0.015334	1.299099	0.006550	-0.001877	0.651428	0.023979	-0.046387	0.004979
1782895677.564735	-0.514121	-0.015334	1.299099	0.006550	-0.001877	0.651428	0.023979	-0.046387	0.004979
1782895677.576023	-0.513679	-0.015383	1.299204	0.006396	-0.001538	0.653590	0.029433	-0.046156	0.010022
1782895677.586309	-0.513307	-0.015560	1.299217	0.008282	-0.000978	0.655899	0.029433	-0.046156	0.010022
1782895677.594026	-0.512251	-0.015548	1.299421	0.005192	-0.001423	0.658496	0.031356	-0.051571	0.007343
1782895677.603764	-0.512251	-0.015548	1.299421	0.005192	-0.001423	0.658496	0.031356	-0.051571	0.007343
1782895677.616289	-0.511650	-0.015685	1.299517	0.001170	-0.000931	0.659962	0.029580	-0.048103	0.005109
1782895677.624606	-0.511650	-0.015685	1.299517	0.001170	-0.000931	0.659962	0.029580	-0.048103	0.005109
1782895677.635069	-0.511348	-0.015789	1.299398	0.005888	-0.000991	0.660215	0.029580	-0.048103	0.005109
1782895677.644502	-0.510680	-0.015993	1.299551	0.008034	-0.001665	0.663162	0.032695	-0.049615	0.005553
1782895677.653970	-0.510399	-0.016158	1.299491	0.005933	-0.003218	0.665423	0.028309	-0.051523	0.002230
1782895677.665797	-0.510007	-0.016236	1.299524	0.004169	-0.002958	0.667061	0.028309	-0.051523	0.002230
1782895677.676010	-0.509297	-0.016376	1.299792	0.003155	-0.002695	0.669378	0.027719	-0.047006	0.002897
1782895677.684758	-0.508995	-0.016475	1.299912	0.003067	-0.001656	0.670538	0.027719	-0.047006	0.002897
1782895677.696467	-0.508240	-0.016511	1.300050	0.000229	-0.003663	0.673384	0.027406	-0.049001	0.007636
1782895677.704397	-0.508240	-0.016511	1.300050	0.000229	-0.003663	0.673384	0.027406	-0.049001	0.007636
1782895677.716185	-0.508240	-0.016511	1.300050	0.000229	-0.003663	0.673384	0.023269	-0.049393	0.008553
1782895677.724246	-0.507788	-0.016592	1.300301	0.001216	-0.002795	0.674564	0.023269	-0.049393	0.008553
1782895677.736021	-0.507076	-0.016715	1.300302	0.002474	-0.002137	0.676706	0.025011	-0.045102	0.010808
1782895677.744177	-0.506628	-0.016894	1.300287	0.004120	-0.005275	0.679118	0.025011	-0.045102	0.010808
1782895677.754233	-0.506294	-0.017118	1.300388	0.007709	-0.004934	0.680858	0.021273	-0.046239	0.008538
1782895677.767111	-0.505802	-0.017165	1.300341	0.005594	-0.004930	0.682863	0.021273	-0.046239	0.008538
1782895677.776869	-0.504942	-0.017072	1.300606	0.006807	-0.003926	0.684456	0.020876	-0.045288	0.008688
1782895677.784161	-0.504942	-0.017072	1.300606	0.006807	-0.003926	0.684456	0.020876	-0.045288	0.008688
1782895677.793383	-0.504492	-0.017123	1.300703	0.006223	-0.003889	0.686076	0.020876	-0.045288	0.008688
1782895677.805488	-0.504050	-0.017257	1.300664	0.005183	-0.004696	0.687940	0.027509	-0.044358	0.008668
1782895677.815930	-0.503595	-0.017342	1.300803	-0.000283	-0.004419	0.690339	0.027509	-0.044358	0.008668
1782895677.825243	-0.503595	-0.017342	1.300803	-0.000283	-0.004419	0.690339	0.022963	-0.045480	0.001296
1782895677.834083	-0.503186	-0.017464	1.300837	0.002579	-0.004660	0.691362	0.022963	-0.045480	0.001296
1782895677.844128	-0.502830	-0.017652	1.300800	0.003353	-0.005098	0.692805	0.026066	-0.043914	0.000648
1782895677.855480	-0.502372	-0.017691	1.300647	0.003840	-0.005810	0.695613	0.031194	-0.043900	-0.010217
1782895677.866115	-0.501569	-0.017626	1.300593	0.002158	-0.003941	0.696023	0.031194	-0.043900	-0.010217
1782895677.874787	-0.501569	-0.017626	1.300593	0.002158	-0.003941	0.696023	0.026866	-0.043058	-0.011480
1782895677.884158	-0.501110	-0.017558	1.300654	0.000560	-0.004361	0.697473	0.026866	-0.043058	-0.011480
1782895677.893316	-0.500768	-0.017561	1.300590	0.001000	-0.004643	0.698768	0.026917	-0.040127	-0.010547
1782895677.904467	-0.500768	-0.017561	1.300590	0.001000	-0.004643	0.698768	0.026917	-0.040127	-0.010547
1782895677.914187	-0.500418	-0.017752	1.300455	-0.001183	-0.005354	0.701707	0.029576	-0.038812	-0.013839
1782895677.925076	-0.500047	-0.017829	1.300371	-0.002865	-0.005508	0.703333	0.029576	-0.038812	-0.013839
1782895677.933985	-0.499287	-0.017874	1.300038	-0.004059	-0.004881	0.705022	0.022857	-0.038751	-0.009307
1782895677.946286	-0.499287	-0.017874	1.300038	-0.004059	-0.004881	0.705022	0.022857	-0.038751	-0.009307
1782895677.954555	-0.498942	-0.017753	1.300083	-0.006620	-0.004343	0.705790	0.026181	-0.035805	-0.002912
1782895677.966531	-0.498700	-0.017724	1.300135	-0.006413	-0.003328	0.706758	0.026181	-0.035805	-0.002912
1782895677.976034	-0.498423	-0.017731	1.300104	-0.004689	-0.003112	0.708967	0.023065	-0.033512	-0.007057
1782895677.985438	-0.497642	-0.017698	1.299784	-0.003801	-0.003072	0.711438	0.023065	-0.033512	-0.007057
1782895677.994654	-0.497642	-0.017698	1.299784	-0.003801	-0.003072	0.711438	0.023065	-0.033512	-0.007057
1782895678.004042	-0.497289	-0.017746	1.299676	-0.003029	-0.004316	0.714073	0.017708	-0.033004	-0.001020
1782895678.014150	-0.497289	-0.017746	1.299676	-0.003029	-0.004316	0.714073	0.021082	-0.027936	0.003878
1782895678.025959	-0.496951	-0.017717	1.299794	-0.002227	-0.004126	0.715075	0.021082	-0.027936	0.003878
1782895678.035608	-0.496630	-0.017629	1.299853	-0.003379	-0.002783	0.716660	0.018878	-0.027558	0.000740
1782895678.044729	-0.496363	-0.017447	1.299901	-0.001393	-0.003650	0.717506	0.018878	-0.027558	0.000740
1782895678.054107	-0.496228	-0.017255	1.300074	-0.002063	-0.001889	0.716476	0.015559	-0.026269	0.004750
1782895678.065334	-0.495912	-0.017267	1.300016	-0.002087	-0.000736	0.718266	0.015559	-0.026269	0.004750
1782895678.074382	-0.495347	-0.017305	1.299928	0.002132	-0.002140	0.722643	0.019235	-0.024257	0.006477
1782895678.085383	-0.495347	-0.017305	1.299928	0.002132	-0.002140	0.722643	0.019235	-0.024257	0.006477
1782895678.095009	-0.495070	-0.017151	1.300137	0.000091	-0.001499	0.724443	0.017691	-0.024979	0.002520
1782895678.105079	-0.494923	-0.017047	1.300122	0.001302	-0.002167	0.725147	0.017691	-0.024979	0.002520
1782895678.114928	-0.494923	-0.017047	1.300122	0.001302	-0.002167	0.725147	0.018356	-0.021549	0.000604
1782895678.124751	-0.494749	-0.016859	1.300164	0.000876	-0.001365	0.725776	0.018356	-0.021549	0.000604
1782895678.136771	-0.494237	-0.016432	1.300214	0.001545	-0.001884	0.726274	0.018356	-0.021549	0.000604
1782895678.145342	-0.494237	-0.016432	1.300214	0.001545	-0.001884	0.726274	0.024800	-0.020475	-0.001042
1782895678.155836	-0.493737	-0.016258	1.300060	-0.002880	-0.000394	0.730305	0.025491	-0.022970	-0.001871
1782895678.165150	-0.493737	-0.016258	1.300060	-0.002880	-0.000394	0.730305	0.025491	-0.022970	-0.001871
1782895678.176335	-0.493411	-0.016008	1.300082	-0.001918	-0.000991	0.730670	0.024285	-0.020218	-0.003310
1782895678.185552	-0.493197	-0.015885	1.299973	0.002747	-0.000882	0.732582	0.024285	-0.020218	-0.003310
1782895678.197242	-0.492930	-0.015702	1.300094	0.003297	-0.001952	0.733137	0.028849	-0.018982	0.000178
1782895678.203668	-0.492691	-0.015422	1.300285	0.004119	-0.002822	0.733852	0.028849	-0.018982	0.000178
1782895678.217098	-0.492691	-0.015422	1.300285	0.004119	-0.002822	0.733852	0.027807	-0.021863	0.000440
1782895678.223841	-0.492429	-0.015356	1.300388	0.004230	-0.002608	0.734846	0.027807	-0.021863	0.000440
1782895678.235360	-0.492312	-0.015275	1.300551	0.003717	-0.002722	0.735906	0.025073	-0.016065	0.001040
1782895678.243936	-0.492229	-0.015165	1.300635	0.005743	-0.003049	0.737909	0.025073	-0.016065	0.001040
1782895678.254495	-0.492119	-0.014954	1.300653	0.004128	-0.003197	0.739863	0.028406	-0.017653	0.004860
1782895678.263997	-0.491908	-0.014777	1.300676	0.002445	-0.002187	0.740314	0.028406	-0.017653	0.004860
1782895678.274336	-0.491653	-0.014550	1.300830	0.000595	-0.001987	0.740618	0.023866	-0.017917	0.005320
1782895678.283709	-0.491487	-0.014227	1.300931	0.003085	-0.002022	0.742037	0.023866	-0.017917	0.005320
1782895678.296824	-0.491307	-0.013997	1.301161	0.005940	-0.004130	0.742513	0.023866	-0.017917	0.005320
1782895678.303384	-0.491117	-0.013875	1.301414	0.005018	-0.005143	0.744773	0.023328	-0.013080	0.007416
1782895678.315620	-0.491117	-0.013875	1.301414	0.005018	-0.005143	0.744773	0.025678	-0.015260	0.013113
1782895678.324018	-0.490952	-0.013632	1.301543	0.001862	-0.004631	0.745960	0.025678	-0.015260	0.013113
1782895678.334994	-0.490789	-0.013548	1.301803	0.008115	-0.007065	0.746942	0.019109	-0.013364	0.010281
1782895678.343598	-0.490446	-0.013031	1.302035	0.008031	-0.006865	0.751208	0.019109	-0.013364	0.010281
1782895678.355887	-0.490292	-0.012794	1.302142	0.009575	-0.006300	0.750984	0.019503	-0.012084	0.013461
1782895678.366615	-0.490097	-0.012674	1.302316	0.010281	-0.006727	0.752142	0.019503	-0.012084	0.013461
1782895678.374537	-0.490032	-0.012419	1.302435	0.011529	-0.007218	0.753394	0.019894	-0.015438	0.013201
1782895678.386106	-0.490032	-0.012419	1.302435	0.011529	-0.007218	0.753394	0.019894	-0.015438	0.013201
1782895678.396552	-0.489793	-0.012271	1.302530	0.010598	-0.007211	0.754389	0.016093	-0.012412	0.009617
1782895678.404788	-0.489686	-0.012125	1.302705	0.008730	-0.006620	0.756390	0.016093	-0.012412	0.009617
1782895678.416213	-0.489539	-0.011992	1.302912	0.007848	-0.007397	0.757834	0.018090	-0.011249	0.014469
1782895678.423426	-0.489539	-0.011992	1.302912	0.007848	-0.007397	0.757834	0.018090	-0.011249	0.014469
1782895678.436576	-0.489208	-0.011599	1.303120	0.007101	-0.006315	0.759832	0.019635	-0.016780	0.012319
1782895678.444064	-0.489208	-0.011599	1.303120	0.007101	-0.006315	0.759832	0.019635	-0.016780	0.012319
1782895678.456093	-0.489010	-0.011403	1.303234	0.006932	-0.006704	0.761011	0.015384	-0.013690	0.003415
1782895678.465448	-0.488797	-0.011160	1.303228	0.011329	-0.006263	0.762292	0.015384	-0.013690	0.003415
1782895678.474396	-0.488744	-0.010868	1.303391	0.014605	-0.007021	0.762224	0.019540	-0.014542	0.005454
1782895678.484053	-0.488563	-0.010948	1.303367	0.011795	-0.007097	0.765167	0.019540	-0.014542	0.005454
1782895678.494489	-0.488298	-0.010640	1.303493	0.011937	-0.007500	0.767872	0.019530	-0.016954	-0.004018
1782895678.504081	-0.488298	-0.010640	1.303493	0.011937	-0.007500	0.767872	0.019530	-0.016954	-0.004018
1782895678.515916	-0.488088	-0.010355	1.303606	0.010526	-0.007663	0.767787	0.019530	-0.016954	-0.004018
1782895678.524430	-0.488088	-0.010355	1.303606	0.010526	-0.007663	0.767787	0.016092	-0.019349	-0.011717
1782895678.536910	-0.488026	-0.010207	1.303560	0.010551	-0.008122	0.768502	0.010611	-0.012911	-0.019132
1782895678.544160	-0.487905	-0.009922	1.303551	0.008674	-0.007568	0.768808	0.010611	-0.012911	-0.019132
1782895678.555180	-0.487777	-0.009799	1.303268	0.008038	-0.009173	0.771226	0.013287	-0.017115	-0.010084
1782895678.564439	-0.487446	-0.009679	1.302770	0.010230	-0.009387	0.776059	0.013287	-0.017115	-0.010084
1782895678.573515	-0.487349	-0.009528	1.302762	0.008662	-0.008746	0.777920	0.009839	-0.022558	-0.010638
1782895678.584377	-0.487349	-0.009528	1.302762	0.008662	-0.008746	0.777920	0.009839	-0.022558	-0.010638
1782895678.595283	-0.487346	-0.009334	1.302708	0.011701	-0.008519	0.778753	0.007928	-0.016833	-0.012284
1782895678.603724	-0.487346	-0.009334	1.302708	0.011701	-0.008519	0.778753	0.007928	-0.016833	-0.012284
1782895678.618946	-0.487153	-0.009176	1.302642	0.013395	-0.008508	0.778574	0.007928	-0.016833	-0.012284
1782895678.624070	-0.486938	-0.009171	1.302566	0.012697	-0.009464	0.780377	0.012983	-0.023736	0.000888
1782895678.636331	-0.486938	-0.009171	1.302566	0.012697	-0.009464	0.780377	0.008702	-0.020251	-0.006979
1782895678.644195	-0.486858	-0.009125	1.302408	0.011626	-0.011212	0.782599	0.008702	-0.020251	-0.006979
1782895678.655406	-0.486852	-0.009099	1.302348	0.012385	-0.011163	0.782759	0.008372	-0.020912	0.006797
1782895678.666332	-0.486636	-0.009077	1.302365	0.011294	-0.010879	0.784787	0.008372	-0.020912	0.006797
1782895678.681334	-0.486421	-0.008819	1.302571	0.012482	-0.009327	0.787976	0.011395	-0.028623	0.008686
1782895678.685532	-0.486251	-0.008797	1.302620	0.013134	-0.008805	0.788569	0.011395	-0.028623	0.008686
1782895678.694065	-0.486251	-0.008797	1.302620	0.013134	-0.008805	0.788569	0.003743	-0.023332	-0.001941
1782895678.704406	-0.486251	-0.008797	1.302620	0.013134	-0.008805	0.788569	0.003743	-0.023332	-0.001941
1782895678.715242	-0.486092	-0.008734	1.302827	0.011255	-0.009359	0.790987	0.003743	-0.023332	-0.001941
1782895678.724442	-0.486092	-0.008734	1.302827	0.011255	-0.009359	0.790987	0.007255	-0.026484	0.011902
1782895678.734450	-0.485995	-0.008712	1.302849	0.011585	-0.007976	0.791907	0.007255	-0.026484	0.011902
1782895678.744801	-0.486009	-0.008783	1.302823	0.012461	-0.008694	0.793774	0.007109	-0.029497	0.002587
1782895678.754806	-0.485965	-0.008776	1.302716	0.011945	-0.009978	0.794960	0.001523	-0.024257	-0.007224
1782895678.764726	-0.485771	-0.008851	1.302805	0.013824	-0.009114	0.797112	0.001523	-0.024257	-0.007224
1782895678.775987	-0.485607	-0.008950	1.302983	0.013105	-0.007476	0.798509	0.003896	-0.029084	0.004614
1782895678.784156	-0.485452	-0.008953	1.302966	0.013044	-0.007179	0.800056	0.003896	-0.029084	0.004614
1782895678.793243	-0.485452	-0.008953	1.302966	0.013044	-0.007179	0.800056	0.000733	-0.032721	-0.008366
1782895678.804462	-0.485452	-0.008953	1.302966	0.013044	-0.007179	0.800056	0.000733	-0.032721	-0.008366
1782895678.814154	-0.485424	-0.009071	1.302871	0.012453	-0.008736	0.802027	-0.005177	-0.026270	-0.004676
1782895678.825858	-0.485300	-0.009176	1.302857	0.011635	-0.008098	0.803208	-0.005177	-0.026270	-0.004676
1782895678.835970	-0.485090	-0.009312	1.302717	0.012078	-0.008256	0.804959	-0.000862	-0.032365	0.005686
1782895678.845005	-0.485090	-0.009312	1.302717	0.012078	-0.008256	0.804959	-0.000862	-0.032365	0.005686
1782895678.853943	-0.484946	-0.009406	1.302792	0.012328	-0.008189	0.804877	-0.005567	-0.030775	-0.010300
1782895678.864304	-0.484807	-0.009672	1.302697	0.011924	-0.007434	0.807337	-0.005567	-0.030775	-0.010300
1782895678.874300	-0.484807	-0.009672	1.302697	0.011924	-0.007434	0.807337	-0.008926	-0.028343	0.002173
1782895678.886347	-0.484590	-0.009964	1.302687	0.010850	-0.008274	0.810824	-0.008926	-0.028343	0.002173
1782895678.925057	-0.484332	-0.010205	1.302518	0.010484	-0.008787	0.812330	-0.010019	-0.031095	-0.009596
1782895678.929662	-0.484158	-0.010400	1.302425	0.013619	-0.008849	0.814349	-0.010019	-0.031095	-0.009596
1782895678.940739	-0.483991	-0.010644	1.302336	0.017233	-0.008096	0.815028	-0.006332	-0.033242	0.006049
1782895678.949468	-0.483924	-0.010709	1.302258	0.019521	-0.007307	0.815565	-0.000711	-0.038775	-0.004095
1782895678.958956	-0.483800	-0.010841	1.302155	0.017264	-0.006154	0.815569	-0.000711	-0.038775	-0.004095
1782895678.968864	-0.483683	-0.011066	1.301910	0.013564	-0.006245	0.817514	-0.007487	-0.033108	-0.015535
1782895678.978642	-0.483578	-0.011173	1.301705	0.011328	-0.006378	0.819246	-0.007487	-0.033108	-0.015535
1782895678.990464	-0.483507	-0.011253	1.301641	0.010352	-0.005756	0.819343	-0.004770	-0.037668	-0.005187
1782895678.999128	-0.483382	-0.011493	1.301525	0.008618	-0.005241	0.821743	-0.004770	-0.037668	-0.005187
1782895679.009291	-0.483382	-0.011493	1.301525	0.008618	-0.005241	0.821743	-0.000152	-0.041658	-0.017925
1782895679.018580	-0.483222	-0.011592	1.301433	0.006576	-0.004221	0.821521	-0.000152	-0.041658	-0.017925
1782895679.029504	-0.483143	-0.011713	1.301244	0.004389	-0.002585	0.821855	-0.000152	-0.041658	-0.017925
1782895679.039379	-0.483063	-0.011821	1.301133	0.006857	-0.003395	0.823569	-0.006263	-0.033889	-0.021178
1782895679.051116	-0.482906	-0.012018	1.300936	0.008543	-0.004861	0.825378	-0.006263	-0.033889	-0.021178
1782895679.058639	-0.482757	-0.012154	1.300900	0.008560	-0.005455	0.826103	-0.001354	-0.039760	-0.003237
1782895679.068695	-0.482643	-0.012295	1.300754	0.007429	-0.005980	0.827388	-0.003752	-0.039960	-0.020853
1782895679.079535	-0.482496	-0.012553	1.300701	0.006584	-0.006884	0.828545	-0.003752	-0.039960	-0.020853
1782895679.088715	-0.482345	-0.012689	1.300417	0.012031	-0.007400	0.828824	-0.003752	-0.039960	-0.020853
1782895679.098995	-0.482364	-0.012659	1.300516	0.009903	-0.006272	0.829407	-0.010267	-0.034863	-0.005046
1782895679.109645	-0.482364	-0.012659	1.300516	0.009903	-0.006272	0.829407	-0.010267	-0.034863	-0.005046
1782895679.118754	-0.482275	-0.012894	1.300466	0.011543	-0.005973	0.829720	-0.004604	-0.040216	-0.002875
1782895679.131699	-0.482031	-0.013143	1.300450	0.011367	-0.005993	0.831916	-0.004604	-0.040216	-0.002875
1782895679.139387	-0.481995	-0.013255	1.300490	0.011160	-0.005442	0.833212	-0.011491	-0.031158	-0.012500
1782895679.150733	-0.481793	-0.013474	1.300533	0.010277	-0.006144	0.833461	-0.011491	-0.031158	-0.012500
1782895679.160786	-0.481632	-0.013818	1.300207	0.006162	-0.006889	0.835936	-0.010752	-0.034511	0.005355
1782895679.170086	-0.481599	-0.013946	1.300148	0.005569	-0.007316	0.836083	-0.007658	-0.037426	-0.008212
1782895679.180211	-0.481410	-0.014102	1.300167	0.007443	-0.007020	0.835948	-0.007658	-0.037426	-0.008212
1782895679.190814	-0.481294	-0.014308	1.300155	0.008839	-0.006780	0.836342	-0.007658	-0.037426	-0.008212
1782895679.199973	-0.481087	-0.014532	1.300110	0.010796	-0.006436	0.837026	-0.015853	-0.031420	-0.005559
1782895679.212625	-0.481087	-0.014532	1.300110	0.010796	-0.006436	0.837026	-0.015853	-0.031420	-0.005559
1782895679.220043	-0.481029	-0.014734	1.299972	0.006632	-0.004332	0.837110	-0.009514	-0.038497	0.005694
1782895679.243891	-0.480792	-0.014895	1.299805	0.005936	-0.004144	0.839017	-0.010920	-0.035594	-0.011323
1782895679.255421	-0.480665	-0.015124	1.299735	0.007853	-0.004662	0.839884	-0.016578	-0.031591	-0.007259
1782895679.266905	-0.480613	-0.015292	1.299620	0.009429	-0.004544	0.840043	-0.016578	-0.031591	-0.007259
1782895679.274955	-0.480488	-0.015491	1.299379	0.006497	-0.004226	0.841621	-0.008482	-0.038444	-0.002132
1782895679.283401	-0.480366	-0.015597	1.299341	0.005298	-0.003958	0.842009	-0.008482	-0.038444	-0.002132
1782895679.290661	-0.480366	-0.015597	1.299341	0.005298	-0.003958	0.842009	-0.008482	-0.038444	-0.002132
1782895679.296267	-0.480366	-0.015597	1.299341	0.005298	-0.003958	0.842009	-0.008482	-0.038444	-0.002132
1782895679.300857	-0.480349	-0.015654	1.299311	0.006616	-0.003771	0.842175	-0.008482	-0.038444	-0.002132
1782895679.310294	-0.480101	-0.016103	1.298994	0.005146	-0.005063	0.845272	-0.011133	-0.036506	-0.023975
1782895679.322008	-0.480101	-0.016103	1.298994	0.005146	-0.005063	0.845272	-0.016100	-0.035731	-0.012132
1782895679.330210	-0.480096	-0.016351	1.298894	0.005211	-0.005335	0.845573	-0.016100	-0.035731	-0.012132
1782895679.342864	-0.479978	-0.016475	1.298738	0.003086	-0.006083	0.846374	-0.007778	-0.039935	-0.016208
1782895679.357642	-0.480003	-0.016646	1.298571	0.002289	-0.005878	0.847627	-0.015740	-0.032360	-0.028346
1782895679.361427	-0.479808	-0.016845	1.298302	0.005469	-0.007204	0.847590	-0.015740	-0.032360	-0.028346
1782895679.373913	-0.479861	-0.017029	1.298151	0.005112	-0.004876	0.847514	-0.015740	-0.032360	-0.028346
1782895679.379751	-0.479764	-0.017296	1.297909	0.005063	-0.005358	0.847820	-0.015309	-0.034017	-0.012543
1782895679.388994	-0.479648	-0.017519	1.297713	0.007977	-0.005151	0.848015	-0.015309	-0.034017	-0.012543
1782895679.400038	-0.479463	-0.017849	1.297562	0.006346	-0.005395	0.850414	-0.014338	-0.037210	-0.021238
1782895679.408815	-0.479463	-0.017849	1.297562	0.006346	-0.005395	0.850414	-0.023200	-0.031981	-0.020651
1782895679.418421	-0.479399	-0.018046	1.297271	0.006653	-0.006837	0.850254	-0.023200	-0.031981	-0.020651
1782895679.428757	-0.479211	-0.018220	1.297147	0.006380	-0.007214	0.851907	-0.019414	-0.035126	-0.003854
1782895679.438602	-0.479197	-0.018477	1.296870	0.007581	-0.007240	0.852406	-0.019414	-0.035126	-0.003854
1782895679.449020	-0.479195	-0.018647	1.296789	0.009326	-0.007417	0.851895	-0.019414	-0.035126	-0.003854
1782895679.458214	-0.479123	-0.018764	1.296669	0.009844	-0.006897	0.852359	-0.020829	-0.032932	-0.023375
1782895679.468124	-0.479123	-0.019108	1.296625	0.007236	-0.005855	0.853052	-0.024276	-0.031665	-0.007787
1782895679.478070	-0.479027	-0.019276	1.296448	0.004015	-0.005313	0.853786	-0.024276	-0.031665	-0.007787
1782895679.488582	-0.478921	-0.019382	1.296402	0.005076	-0.005064	0.853937	-0.024276	-0.031665	-0.007787
1782895679.498235	-0.478846	-0.019642	1.296265	0.002751	-0.004979	0.854470	-0.018199	-0.036860	-0.011085
1782895679.508411	-0.478846	-0.019642	1.296265	0.002751	-0.004979	0.854470	-0.027317	-0.032027	-0.017932
1782895679.518053	-0.478811	-0.019933	1.296085	0.006015	-0.005933	0.855117	-0.027317	-0.032027	-0.017932
1782895679.528893	-0.478831	-0.020194	1.296030	0.006203	-0.007167	0.856538	-0.027317	-0.032027	-0.017932
1782895679.541488	-0.478764	-0.020454	1.295975	0.006068	-0.007399	0.857900	-0.024638	-0.036133	-0.001254
1782895679.549541	-0.478647	-0.020730	1.295838	0.005040	-0.007368	0.858261	-0.022133	-0.035222	-0.008262
1782895679.558686	-0.478730	-0.020933	1.295812	0.005395	-0.007101	0.859040	-0.022133	-0.035222	-0.008262
1782895679.568634	-0.478757	-0.021104	1.295765	0.005366	-0.006475	0.858433	-0.030663	-0.030278	0.002411
1782895679.579785	-0.478707	-0.021316	1.295757	0.005442	-0.006402	0.859264	-0.030663	-0.030278	0.002411
1782895679.589145	-0.478818	-0.021636	1.295729	0.004685	-0.006684	0.860032	-0.030663	-0.030278	0.002411
1782895679.599922	-0.478833	-0.021972	1.295686	0.003855	-0.007215	0.860306	-0.024909	-0.035926	0.010693
1782895679.610081	-0.478833	-0.021972	1.295686	0.003855	-0.007215	0.860306	-0.024909	-0.035926	0.010693
1782895679.620153	-0.478785	-0.022229	1.295657	0.005294	-0.008170	0.860571	-0.027021	-0.033538	-0.011031
1782895679.630163	-0.478802	-0.022436	1.295658	0.006454	-0.009478	0.860651	-0.027021	-0.033538	-0.011031
1782895679.643776	-0.478698	-0.022747	1.295685	0.004477	-0.008913	0.860159	-0.030912	-0.033361	-0.002171
1782895679.652111	-0.478618	-0.022975	1.295562	0.004663	-0.008472	0.861233	-0.023455	-0.035397	-0.006306
1782895679.658869	-0.478658	-0.023285	1.295500	0.007309	-0.008537	0.861171	-0.023455	-0.035397	-0.006306
1782895679.669315	-0.478548	-0.023693	1.295380	0.006201	-0.008140	0.860647	-0.028596	-0.031649	-0.021565
1782895679.678795	-0.478669	-0.023944	1.295315	0.006718	-0.009025	0.861731	-0.028596	-0.031649	-0.021565
1782895679.688666	-0.478662	-0.024172	1.295214	0.006014	-0.009780	0.861999	-0.028596	-0.031649	-0.021565
1782895679.699973	-0.478662	-0.024172	1.295214	0.006014	-0.009780	0.861999	-0.031368	-0.032590	-0.012378
1782895679.708688	-0.478600	-0.024527	1.294873	0.003354	-0.010753	0.862244	-0.025098	-0.032958	-0.021830
1782895679.718508	-0.478673	-0.024817	1.294814	0.002150	-0.011330	0.862690	-0.025098	-0.032958	-0.021830
1782895679.728551	-0.478674	-0.025156	1.294632	0.003488	-0.011228	0.861303	-0.025098	-0.032958	-0.021830
1782895679.738560	-0.478878	-0.025367	1.294432	0.003548	-0.011407	0.861698	-0.033184	-0.030638	-0.026743
1782895679.748994	-0.478937	-0.025635	1.294289	0.002289	-0.011046	0.861317	-0.033067	-0.031324	-0.016451
1782895679.759767	-0.479040	-0.026027	1.294241	0.005191	-0.011254	0.861265	-0.033067	-0.031324	-0.016451
1782895679.770481	-0.479069	-0.026248	1.293915	0.000953	-0.010533	0.862137	-0.033067	-0.031324	-0.016451
1782895679.780203	-0.479099	-0.026655	1.293761	0.001999	-0.011093	0.862796	-0.028283	-0.029120	-0.022694
1782895679.789079	-0.479275	-0.026909	1.293528	-0.000074	-0.009668	0.863048	-0.034112	-0.029572	-0.010568
1782895679.799146	-0.479263	-0.027183	1.293414	0.000813	-0.010150	0.863600	-0.034112	-0.029572	-0.010568
1782895679.809021	-0.479263	-0.027183	1.293414	0.000813	-0.010150	0.863600	-0.030890	-0.026507	-0.004192
1782895679.818502	-0.479378	-0.027514	1.293428	0.002048	-0.010571	0.863853	-0.030890	-0.026507	-0.004192
1782895679.828763	-0.479519	-0.027742	1.293364	-0.001373	-0.008566	0.863246	-0.033123	-0.028651	0.002441
1782895679.838572	-0.479713	-0.028122	1.293292	-0.000781	-0.008095	0.863703	-0.033123	-0.028651	0.002441
1782895679.848869	-0.479850	-0.028245	1.293449	0.001685	-0.008354	0.863675	-0.033123	-0.028651	0.002441
1782895679.858710	-0.479878	-0.028411	1.293490	0.001728	-0.007753	0.863092	-0.037089	-0.021249	0.005092
1782895679.868272	-0.480110	-0.028672	1.293655	0.002487	-0.007415	0.864064	-0.032167	-0.022708	0.023375
1782895679.878161	-0.480268	-0.028993	1.293909	0.002090	-0.007438	0.864207	-0.032167	-0.022708	0.023375
1782895679.888166	-0.480431	-0.029383	1.294094	-0.000071	-0.005487	0.864971	-0.032167	-0.022708	0.023375
1782895679.899789	-0.480498	-0.029698	1.294289	-0.000087	-0.004510	0.866003	-0.037739	-0.018323	0.017441
1782895679.909897	-0.480498	-0.029698	1.294289	-0.000087	-0.004510	0.866003	-0.037739	-0.018323	0.017441
1782895679.920836	-0.480661	-0.029846	1.294642	0.000474	-0.004135	0.865066	-0.037848	-0.014642	0.034701
1782895679.928828	-0.480745	-0.030059	1.294983	-0.001159	-0.002359	0.864688	-0.031715	-0.019757	0.032536
1782895679.938036	-0.480948	-0.030267	1.295309	-0.002112	-0.000845	0.865428	-0.031715	-0.019757	0.032536
1782895679.949097	-0.481149	-0.030540	1.295620	-0.003017	-0.000138	0.864944	-0.031715	-0.019757	0.032536
1782895679.958217	-0.481384	-0.030720	1.295856	-0.001483	-0.000873	0.864262	-0.037674	-0.011891	0.022062
1782895679.968594	-0.481517	-0.030930	1.296119	-0.003603	-0.001841	0.866079	-0.035875	-0.012879	0.033145
1782895679.978138	-0.481749	-0.031174	1.296597	-0.000207	-0.001774	0.866382	-0.035875	-0.012879	0.033145
1782895679.988131	-0.481956	-0.031287	1.296956	0.003685	-0.002048	0.865995	-0.035875	-0.012879	0.033145
1782895679.998275	-0.482235	-0.031437	1.297396	0.002658	0.000698	0.864931	-0.027430	-0.013665	0.019737
1782895680.008096	-0.482235	-0.031437	1.297396	0.002658	0.000698	0.864931	-0.027430	-0.013665	0.019737
1782895680.019347	-0.482396	-0.031670	1.297464	0.001180	0.001436	0.865910	-0.031647	-0.008671	0.005150
1782895680.030575	-0.482566	-0.031741	1.297589	0.001641	0.000646	0.866331	-0.034187	-0.007652	0.000957
1782895680.039200	-0.482592	-0.031965	1.297635	-0.002397	0.000888	0.866951	-0.034187	-0.007652	0.000957
1782895680.050270	-0.482773	-0.032109	1.297638	-0.000837	0.000411	0.866266	-0.034187	-0.007652	0.000957
1782895680.059235	-0.483064	-0.032061	1.297686	-0.000937	0.001464	0.864138	-0.029003	-0.007740	-0.007506
1782895680.075551	-0.483226	-0.032075	1.297580	0.000508	0.001450	0.863731	-0.025188	-0.007990	-0.014549
1782895680.079520	-0.483381	-0.032211	1.297443	0.000054	0.000977	0.864597	-0.025188	-0.007990	-0.014549
1782895680.088717	-0.483533	-0.032313	1.297324	-0.000539	0.000872	0.865639	-0.025188	-0.007990	-0.014549
1782895680.100458	-0.483720	-0.032572	1.297195	0.001094	0.000640	0.867585	-0.029406	-0.007292	-0.014483
1782895680.109342	-0.483720	-0.032572	1.297195	0.001094	0.000640	0.867585	-0.029406	-0.007292	-0.014483
1782895680.120192	-0.484018	-0.032497	1.297092	0.004061	0.000308	0.866519	-0.028328	-0.001282	-0.018462
1782895680.129008	-0.484147	-0.032460	1.297098	0.005000	0.000183	0.866265	-0.028328	-0.001282	-0.018462
1782895680.138837	-0.484280	-0.032594	1.296963	0.003494	0.001386	0.866533	-0.020671	-0.003978	-0.007779
1782895680.149625	-0.484523	-0.032646	1.296936	0.003552	0.000754	0.866386	-0.020671	-0.003978	-0.007779
1782895680.158875	-0.484761	-0.032746	1.296806	-0.000732	0.002287	0.867085	-0.022181	-0.003722	-0.013098
1782895680.170413	-0.484761	-0.032746	1.296806	-0.000732	0.002287	0.867085	-0.020834	-0.000285	0.004275
1782895680.182626	-0.485154	-0.032850	1.296818	-0.001078	0.002409	0.869231	-0.020834	-0.000285	0.004275
1782895680.189174	-0.485309	-0.032710	1.297033	0.000121	0.003205	0.868106	-0.020834	-0.000285	0.004275
1782895680.198614	-0.485500	-0.032639	1.297332	0.003567	0.004188	0.866925	-0.012323	-0.004703	0.009103
1782895680.208706	-0.485500	-0.032639	1.297332	0.003567	0.004188	0.866925	-0.012323	-0.004703	0.009103
1782895680.218668	-0.485579	-0.032583	1.297380	0.001813	0.005587	0.866794	-0.015767	0.001723	0.005673
1782895680.230015	-0.485660	-0.032469	1.297561	0.003077	0.004456	0.866727	-0.012228	-0.001362	0.027337
1782895680.238981	-0.485729	-0.032506	1.297805	0.004446	0.005317	0.867884	-0.012228	-0.001362	0.027337
1782895680.250811	-0.485852	-0.032497	1.298062	0.008117	0.002870	0.868759	-0.012228	-0.001362	0.027337
1782895680.259864	-0.486141	-0.032441	1.298458	0.004906	0.002073	0.868963	-0.006762	-0.002203	0.015279
1782895680.270699	-0.486306	-0.032429	1.298662	0.004874	0.002027	0.867648	-0.012248	0.001112	0.010993
1782895680.279441	-0.486537	-0.032371	1.299103	0.002169	0.003318	0.866809	-0.012248	0.001112	0.010993
1782895680.291865	-0.486694	-0.032366	1.299199	0.001963	0.004014	0.867127	-0.010337	0.000022	0.013513
1782895680.298556	-0.486721	-0.032346	1.299186	0.001437	0.003558	0.867139	-0.010337	0.000022	0.013513
1782895680.309242	-0.486721	-0.032346	1.299186	0.001437	0.003558	0.867139	-0.002501	0.000076	0.006401
1782895680.318540	-0.486772	-0.032266	1.299443	0.000354	0.003031	0.868421	-0.002501	0.000076	0.006401
1782895680.328635	-0.486921	-0.032086	1.299588	0.004741	0.000533	0.868388	-0.003701	-0.000269	-0.003999
1782895680.338925	-0.486930	-0.032023	1.299684	0.004196	0.002135	0.867407	-0.003701	-0.000269	-0.003999
1782895680.348952	-0.487001	-0.031770	1.299834	0.005379	0.002349	0.866793	-0.003701	-0.000269	-0.003999
1782895680.358574	-0.487169	-0.031589	1.299869	0.006695	0.001136	0.866294	-0.007562	-0.000186	-0.004111
1782895680.369305	-0.487302	-0.031646	1.299785	0.005253	0.001839	0.868006	-0.003428	0.002350	-0.007461
1782895680.379922	-0.487427	-0.031561	1.299776	0.004535	0.001699	0.867819	-0.003428	0.002350	-0.007461
1782895680.391360	-0.487518	-0.031305	1.299617	0.002519	0.002200	0.868067	0.001992	0.000455	-0.006462
1782895680.400235	-0.487601	-0.031134	1.299428	0.000288	0.003904	0.867786	0.001992	0.000455	-0.006462
1782895680.408400	-0.487601	-0.031134	1.299428	0.000288	0.003904	0.867786	0.001992	0.000455	-0.006462
1782895680.421402	-0.487719	-0.030816	1.299394	0.001218	0.004145	0.867953	-0.002102	-0.000594	-0.007311
1782895680.429033	-0.487840	-0.030597	1.299346	0.001346	0.004715	0.866569	-0.002879	0.006439	-0.002644
1782895680.439775	-0.487797	-0.030513	1.299326	-0.000617	0.005420	0.867229	-0.002879	0.006439	-0.002644
1782895680.451305	-0.487862	-0.030418	1.299322	-0.001916	0.004389	0.868713	-0.002879	0.006439	-0.002644
1782895680.458472	-0.487894	-0.030219	1.299459	-0.000777	0.004300	0.868656	0.006285	0.002095	0.010078
1782895680.468669	-0.487874	-0.030017	1.299585	0.000751	0.004458	0.868754	0.004026	0.004429	0.000859
1782895680.478261	-0.487896	-0.029732	1.299691	0.000859	0.005550	0.869482	0.004026	0.004429	0.000859
1782895680.488293	-0.487929	-0.029380	1.299768	0.002450	0.004661	0.867407	0.004026	0.004429	0.000859
1782895680.499780	-0.487972	-0.029160	1.300008	0.002017	0.003504	0.868159	0.003544	0.010026	0.009113
1782895680.508616	-0.487972	-0.029160	1.300008	0.002017	0.003504	0.868159	0.003544	0.010026	0.009113
1782895680.519737	-0.487926	-0.028940	1.300040	0.000481	0.003794	0.869807	0.012711	0.004192	0.024263
1782895680.529055	-0.487997	-0.028718	1.300184	0.002464	0.003987	0.870644	0.011809	0.005241	0.008097
1782895680.539014	-0.488014	-0.028412	1.300343	0.007365	0.002691	0.871291	0.011809	0.005241	0.008097
1782895680.550848	-0.487941	-0.028305	1.300496	0.005487	0.004154	0.871243	0.011809	0.005241	0.008097
1782895680.559346	-0.488032	-0.027782	1.300825	0.006985	0.003983	0.871144	0.008684	0.009692	0.016022
1782895680.569075	-0.487943	-0.027545	1.301213	0.006882	0.004696	0.870794	0.008684	0.009692	0.016022
1782895680.580377	-0.488102	-0.027364	1.301409	0.003295	0.004519	0.871477	0.019263	0.004321	0.021931
1782895680.588613	-0.488134	-0.027011	1.301372	0.002156	0.003589	0.871567	0.019263	0.004321	0.021931
1782895680.599242	-0.487990	-0.026736	1.301578	0.000032	0.003797	0.872112	0.021081	0.006270	0.001691
1782895680.608998	-0.487990	-0.026736	1.301578	0.000032	0.003797	0.872112	0.021081	0.006270	0.001691
1782895680.618767	-0.487894	-0.026533	1.301636	0.000961	0.003373	0.872577	0.015024	0.010934	-0.000866
1782895680.628697	-0.487883	-0.026229	1.301729	0.003075	0.002802	0.872098	0.015024	0.010934	-0.000866
1782895680.641657	-0.487834	-0.025709	1.301905	0.004427	0.003354	0.870953	0.019755	0.007976	-0.006417
1782895680.649049	-0.487603	-0.025393	1.301629	0.004545	0.000957	0.871975	0.019755	0.007976	-0.006417
1782895680.659288	-0.487495	-0.025093	1.301396	0.004596	-0.001727	0.873272	0.021964	0.006109	-0.013515
1782895680.668686	-0.487448	-0.024923	1.301243	0.005236	-0.002122	0.873342	0.021964	0.006109	-0.013515
1782895680.680174	-0.487416	-0.024657	1.301178	0.006495	-0.002003	0.873439	0.020686	0.006820	-0.030084
1782895680.688564	-0.487344	-0.024065	1.301200	0.009990	-0.001756	0.870201	0.020686	0.006820	-0.030084
1782895680.699554	-0.487152	-0.023778	1.300914	0.010119	-0.001918	0.870779	0.017086	0.008606	-0.027014
1782895680.708855	-0.487152	-0.023778	1.300914	0.010119	-0.001918	0.870779	0.017086	0.008606	-0.027014
1782895680.718911	-0.487135	-0.023344	1.300415	0.009647	-0.003686	0.872210	0.023839	0.007038	-0.028717
1782895680.728619	-0.487069	-0.023087	1.299911	0.008079	-0.003994	0.872344	0.023839	0.007038	-0.028717
1782895680.738506	-0.487058	-0.022782	1.299727	0.005433	-0.002382	0.873419	0.023432	0.008330	-0.035500
1782895680.748807	-0.487029	-0.022357	1.299435	0.005665	-0.003774	0.871000	0.023432	0.008330	-0.035500
1782895680.759118	-0.486864	-0.021954	1.299217	0.009262	-0.003902	0.870236	0.018819	0.007727	-0.029167
1782895680.769274	-0.486558	-0.021540	1.298859	0.006259	-0.004039	0.869923	0.023844	0.007346	-0.024263
1782895680.778496	-0.486539	-0.021231	1.298333	0.000228	-0.002589	0.871153	0.023844	0.007346	-0.024263
1782895680.788537	-0.486514	-0.020851	1.298107	0.000454	-0.003378	0.872577	0.023844	0.007346	-0.024263
1782895680.798563	-0.486514	-0.020851	1.298107	0.000454	-0.003378	0.872577	0.025464	0.006601	-0.018408
1782895680.808505	-0.486373	-0.020571	1.297984	-0.000717	-0.003135	0.873235	0.025464	0.006601	-0.018408
1782895680.818916	-0.486397	-0.020060	1.297716	0.001442	-0.004451	0.873580	0.022354	0.008154	-0.011423
1782895680.829688	-0.486212	-0.019662	1.297673	0.004691	-0.004717	0.873415	0.022354	0.008154	-0.011423
1782895680.839008	-0.485934	-0.019446	1.297582	0.010066	-0.006885	0.872300	0.028230	0.007694	-0.007424
1782895680.850811	-0.485829	-0.019051	1.297571	0.008537	-0.006051	0.872185	0.029494	0.003104	-0.002408
1782895680.858922	-0.485726	-0.018537	1.297602	0.008636	-0.007573	0.871893	0.029494	0.003104	-0.002408
1782895680.871429	-0.485615	-0.018072	1.297631	0.006223	-0.005709	0.872311	0.026837	0.009465	0.003578
1782895680.879244	-0.485526	-0.017752	1.297639	0.005735	-0.005568	0.873297	0.026837	0.009465	0.003578
1782895680.890360	-0.485343	-0.017558	1.297553	0.003700	-0.005220	0.873659	0.033028	0.003934	0.014631
1782895680.898513	-0.485343	-0.017558	1.297553	0.003700	-0.005220	0.873659	0.033028	0.003934	0.014631
1782895680.909574	-0.485231	-0.017213	1.297792	0.007350	-0.006695	0.874601	0.033028	0.003934	0.014631
1782895680.920137	-0.485017	-0.016846	1.298109	0.008486	-0.007015	0.874560	0.031084	0.004658	0.011731
1782895680.929274	-0.484954	-0.016541	1.298413	0.004865	-0.006393	0.875183	0.031084	0.004658	0.011731
1782895680.938761	-0.484728	-0.016105	1.298853	0.006879	-0.005791	0.874733	0.031969	0.007117	0.027330
1782895680.950063	-0.484527	-0.015807	1.299248	0.005638	-0.005791	0.875007	0.031969	0.007117	0.027330
1782895680.958754	-0.484366	-0.015464	1.299592	0.008261	-0.007914	0.875570	0.036812	0.001481	0.026553
1782895680.969234	-0.484309	-0.015075	1.299829	0.012979	-0.010025	0.876578	0.030242	0.007962	0.016532
1782895681.010201	-0.484090	-0.014428	1.300490	0.009629	-0.009167	0.876988	0.030242	0.007962	0.016532
1782895681.050843	-0.483626	-0.013490	1.301496	0.011423	-0.008209	0.876704	0.036640	0.000162	0.020123
1782895681.089067	-0.481945	-0.011747	1.301402	0.013442	0.016842	0.871472	0.039425	0.005904	0.039746
1782895681.123872	-0.478305	-0.010037	1.299745	0.036835	0.071485	0.846202	0.061406	0.006523	0.023387
1782895681.166801	-0.473496	-0.008116	1.296629	0.057890	0.121266	0.818494	0.116088	-0.017969	-0.030844
1782895681.204910	-0.465413	-0.005105	1.288346	0.077781	0.188496	0.777465	0.191109	-0.038684	-0.125735
1782895681.241338	-0.457315	-0.002068	1.279122	0.087482	0.234375	0.739694	0.284135	-0.055270	-0.169518
1782895681.279326	-0.443470	0.003019	1.264944	0.092993	0.275105	0.690638	0.430249	-0.090497	-0.191504
1782895681.321819	-0.430400	0.007691	1.253682	0.087804	0.285977	0.655836	0.518055	-0.102604	-0.200316
1782895681.359637	-0.409477	0.015520	1.238115	0.083768	0.279836	0.616822	0.626642	-0.118652	-0.196360
1782895681.396212	-0.383813	0.024760	1.221673	0.080024	0.256495	0.583137	0.729094	-0.134727	-0.228956
1782895681.434537	-0.369520	0.029929	1.212430	0.082679	0.238900	0.569598	0.824209	-0.147110	-0.291492
1782895681.522514	-0.338451	0.040370	1.192264	0.074987	0.203561	0.542324	0.898961	-0.161357	-0.362516
1782895681.577955	-0.268469	0.063594	1.142842	0.051156	0.131705	0.486383	0.977574	-0.157586	-0.533042
1782895681.662467	-0.221223	0.078266	1.107237	0.039664	0.084517	0.456060	0.993032	-0.153796	-0.603931
1782895681.738980	-0.153408	0.098117	1.055221	0.023455	0.031109	0.418663	0.971782	-0.133644	-0.661590
1782895681.787393	-0.086177	0.116047	1.009541	0.017605	-0.009526	0.387131	0.927683	-0.111116	-0.544298
1782895681.827839	-0.048941	0.125379	0.989017	0.024149	-0.026447	0.369468	0.899959	-0.102532	-0.465637
1782895681.863682	-0.012782	0.134245	0.973244	0.028683	-0.030883	0.352802	0.881267	-0.088978	-0.350276
1782895681.897557	0.022374	0.142269	0.962553	0.029092	-0.024335	0.337801	0.868247	-0.080606	-0.248970
1782895681.938771	0.039410	0.146263	0.959148	0.029210	-0.019457	0.328947	0.853076	-0.073743	-0.156670
1782895681.971486	0.072897	0.153479	0.954959	0.033806	-0.011634	0.311089	0.843692	-0.073375	-0.076934
1782895682.004229	0.105556	0.159690	0.954318	0.038644	-0.009610	0.299690	0.836039	-0.067749	-0.060110
1782895682.049042	0.121548	0.162591	0.954829	0.040034	-0.008916	0.290447	0.830380	-0.067319	-0.028523
1782895682.095547	0.160726	0.168754	0.956927	0.040538	-0.016902	0.272959	0.821031	-0.071329	-0.037367
1782895682.130214	0.183699	0.171755	0.958287	0.053224	-0.022106	0.261918	0.807819	-0.079016	-0.054448
1782895682.168707	0.213246	0.174803	0.958468	0.051395	-0.030573	0.248241	0.782186	-0.098936	-0.086995
1782895682.206717	0.234643	0.176455	0.957860	0.049844	-0.040139	0.234670	0.752688	-0.098952	-0.105008
1782895682.296644	0.255556	0.177541	0.956808	0.048680	-0.042939	0.228388	0.725680	-0.109624	-0.141416
1782895682.374431	0.307253	0.178283	0.951868	0.052590	-0.053670	0.198907	0.653894	-0.116472	-0.129284
1782895682.416481	0.352759	0.175865	0.945294	0.050835	-0.059555	0.171996	0.590529	-0.135168	-0.141238
1782895682.458924	0.368406	0.173791	0.942451	0.045026	-0.059789	0.162163	0.547184	-0.168852	-0.159970
1782895682.497861	0.388039	0.169652	0.937799	0.043013	-0.058839	0.152602	0.510163	-0.194599	-0.136314
1782895682.534951	0.401439	0.165859	0.934447	0.036287	-0.054405	0.148168	0.461158	-0.213786	-0.125208
1782895682.610551	0.417816	0.159317	0.929452	0.033016	-0.048243	0.146308	0.416702	-0.237088	-0.119630
1782895682.659482	0.442218	0.145352	0.921340	0.010944	-0.028722	0.144048	0.358162	-0.261426	-0.096006
1782895682.697446	0.456489	0.134419	0.915229	0.004191	-0.017808	0.145497	0.306678	-0.272147	-0.087085
1782895682.731461	0.461558	0.129592	0.912698	-0.002244	-0.011297	0.144339	0.273662	-0.271519	-0.082300
1782895682.772893	0.471060	0.120266	0.907942	-0.005224	-0.004499	0.144620	0.267856	-0.272843	-0.084309
1782895682.814529	0.479640	0.110892	0.903440	-0.005580	0.004843	0.139772	0.235283	-0.265247	-0.074314
1782895682.857884	0.485372	0.104004	0.900229	-0.013441	0.009281	0.136949	0.202528	-0.252558	-0.064713
1782895682.897626	0.492200	0.095123	0.896031	-0.015297	0.015160	0.132219	0.178900	-0.240357	-0.075833
1782895682.937527	0.496887	0.088795	0.893046	-0.018398	0.017958	0.128746	0.168203	-0.232732	-0.071303
1782895682.976969	0.502768	0.081031	0.889503	-0.018750	0.024797	0.120002	0.154601	-0.220983	-0.047483
1782895683.015973	0.508439	0.073529	0.886667	-0.022265	0.028537	0.114024	0.150182	-0.218102	-0.046838
1782895683.061632	0.512132	0.068541	0.885299	-0.014289	0.028021	0.106642	0.134239	-0.199340	-0.017198
1782895683.094923	0.518434	0.060734	0.884153	-0.017804	0.035275	0.097199	0.113013	-0.179722	0.020602
1782895683.130089	0.521046	0.058028	0.884240	-0.018488	0.036001	0.090619	0.114188	-0.172249	0.016199
1782895683.168649	0.525500	0.052994	0.884469	-0.020085	0.039188	0.081237	0.087831	-0.152307	0.018108
1782895683.205257	0.528454	0.049519	0.884694	-0.013957	0.039195	0.073360	0.082376	-0.145826	0.034083
1782895683.239652	0.531359	0.046834	0.885377	-0.013140	0.041441	0.065379	0.064637	-0.132103	0.027532
1782895683.276799	0.535205	0.043167	0.885806	-0.015718	0.046241	0.056115	0.053809	-0.121310	0.048547
1782895683.322624	0.537676	0.040648	0.886248	-0.017398	0.046221	0.051666	0.056098	-0.118846	0.036440
1782895683.366978	0.541103	0.037800	0.886882	-0.013488	0.049626	0.044109	0.035465	-0.107886	0.039792
1782895683.401639	0.544621	0.035446	0.887389	-0.010844	0.049281	0.038533	0.033601	-0.105578	0.028259
1782895683.437502	0.546897	0.033615	0.887041	-0.009109	0.055167	0.032347	0.023183	-0.100280	0.010007
1782895683.481257	0.549383	0.031899	0.886362	-0.008971	0.055370	0.031938	0.029732	-0.108909	0.008364
1782895683.520126	0.553593	0.029035	0.885526	-0.005386	0.055107	0.028347	0.017854	-0.099199	0.001515
1782895683.560674	0.556301	0.027138	0.885076	-0.006900	0.057078	0.025655	0.024900	-0.106444	0.011226
1782895683.599221	0.559694	0.024955	0.883878	-0.006548	0.056254	0.024961	0.018704	-0.101448	0.011582
1782895683.640527	0.561158	0.023981	0.883477	-0.006637	0.057089	0.021986	0.003942	-0.092714	-0.000231
1782895683.727444	0.564833	0.021720	0.882519	-0.008485	0.055503	0.022384	0.005585	-0.092302	-0.009491
1782895683.765727	0.572068	0.016983	0.879949	-0.011871	0.053855	0.013879	-0.013302	-0.079085	-0.002216
1782895683.800987	0.574499	0.015611	0.878967	-0.012430	0.052660	0.011618	-0.013315	-0.074181	-0.010215
1782895683.844047	0.576654	0.014314	0.877798	-0.011231	0.051311	0.008872	-0.021551	-0.069593	-0.005033
1782895683.891949	0.579719	0.012775	0.876412	-0.012292	0.052119	0.005983	-0.027842	-0.059481	-0.002580
1782895683.935862	0.582588	0.011220	0.875417	-0.008986	0.054116	0.002915	-0.025611	-0.060101	0.006727
1782895684.000825	0.587434	0.008946	0.875023	-0.005655	0.055681	-0.001677	-0.040935	-0.041625	0.032449
1782895684.032755	0.589200	0.008130	0.875241	0.000106	0.055402	-0.004908	-0.042054	-0.040449	0.036305
1782895684.069791	0.591203	0.007454	0.875533	0.000552	0.055614	-0.006962	-0.047395	-0.033356	0.038831
1782895684.108634	0.593473	0.006212	0.875805	0.000299	0.055009	-0.011619	-0.043300	-0.038803	0.040953
1782895684.148304	0.594519	0.005726	0.876121	0.004238	0.054932	-0.011806	-0.054564	-0.030366	0.037576
1782895684.183657	0.596946	0.004489	0.876381	0.000357	0.058112	-0.017784	-0.049685	-0.031873	0.018593
1782895684.221357	0.598526	0.003528	0.876100	0.000101	0.057660	-0.021225	-0.053345	-0.030316	0.009393
1782895684.268638	0.599821	0.002467	0.875409	0.002742	0.058268	-0.022474	-0.051713	-0.038510	0.000518
1782895684.303451	0.601334	0.001160	0.874738	0.001465	0.054119	-0.024842	-0.055223	-0.038729	0.017688
1782895684.340630	0.602356	-0.000053	0.874137	0.002925	0.052815	-0.026373	-0.066170	-0.033870	0.016008
1782895684.380762	0.603647	-0.001474	0.873900	-0.000679	0.052716	-0.028475	-0.066804	-0.037100	0.006648
1782895684.409688	0.604627	-0.003280	0.873574	-0.005617	0.055186	-0.027542	-0.064513	-0.042576	0.013947
1782895684.441359	0.605230	-0.004381	0.873191	-0.005149	0.056657	-0.029177	-0.074604	-0.037689	0.010527
1782895684.481333	0.605704	-0.005979	0.872937	-0.003205	0.054550	-0.029264	-0.070319	-0.042938	0.006072
1782895684.515012	0.606181	-0.008113	0.872699	-0.002618	0.052503	-0.029733	-0.072932	-0.044651	0.023986
1782895684.559347	0.606616	-0.008980	0.872285	-0.007091	0.054347	-0.030261	-0.077521	-0.039325	-0.002474
1782895684.605279	0.606658	-0.011604	0.871191	-0.005851	0.052724	-0.030094	-0.084505	-0.036821	-0.001130
1782895684.642991	0.606669	-0.013220	0.871053	-0.004102	0.051269	-0.031768	-0.077770	-0.042520	-0.000174
1782895684.725635	0.606585	-0.015521	0.870477	-0.003419	0.051029	-0.030624	-0.082461	-0.040043	0.013150
1782895684.849235	0.605570	-0.019105	0.869781	-0.006202	0.051863	-0.031365	-0.083538	-0.037523	0.008313
1782895684.889310	0.602840	-0.024581	0.869872	-0.007973	0.050500	-0.038576	-0.095506	-0.018601	0.011083
1782895684.927522	0.601814	-0.025577	0.869902	-0.012431	0.051199	-0.037933	-0.093752	-0.018954	0.001343
1782895684.959998	0.600636	-0.026555	0.869984	-0.013116	0.052999	-0.039617	-0.094356	-0.011856	0.010557
1782895684.999002	0.599333	-0.027904	0.869897	-0.014363	0.055623	-0.039703	-0.094687	-0.013851	0.007627
1782895685.044025	0.598087	-0.028556	0.870386	-0.014306	0.059398	-0.040703	-0.093761	-0.006011	0.014399
1782895685.075515	0.596514	-0.029638	0.870808	-0.009793	0.058813	-0.040035	-0.093196	-0.001765	0.030213
1782895685.118557	0.595486	-0.030292	0.871645	-0.010721	0.060378	-0.039574	-0.092377	-0.003262	0.019863
1782895685.156858	0.594239	-0.030654	0.872616	-0.007613	0.061768	-0.039830	-0.088603	-0.000945	0.038183
1782895685.190228	0.592679	-0.031293	0.873668	-0.009700	0.061015	-0.037226	-0.084660	0.000175	0.036241
1782895685.224149	0.591610	-0.031514	0.874628	-0.012187	0.064741	-0.037771	-0.090678	0.011491	0.024467
1782895685.265116	0.590673	-0.031961	0.875476	-0.005426	0.060430	-0.037718	-0.079725	0.006962	0.031621
1782895685.348471	0.589325	-0.032551	0.877006	-0.011083	0.063853	-0.036864	-0.078805	0.009700	0.042854
1782895685.406706	0.587381	-0.033183	0.879501	-0.001331	0.061330	-0.033651	-0.073116	0.018486	0.023391
1782895685.470429	0.586323	-0.033355	0.881157	-0.003613	0.060255	-0.033266	-0.064322	0.016467	0.026953
1782895685.509251	0.584911	-0.033881	0.883309	-0.005032	0.059848	-0.032040	-0.060427	0.023554	0.038174
1782895685.553373	0.584269	-0.034100	0.884459	-0.003725	0.059279	-0.030121	-0.053168	0.016445	0.037672
1782895685.587200	0.583568	-0.034480	0.885727	-0.003106	0.058712	-0.028624	-0.048093	0.017030	0.032602
1782895685.624546	0.583094	-0.034943	0.886746	0.000160	0.055677	-0.027188	-0.054894	0.023759	0.026756
1782895685.666520	0.582724	-0.035009	0.887557	0.002195	0.058185	-0.028336	-0.047253	0.015242	0.019388
1782895685.703134	0.581929	-0.035405	0.888630	0.001768	0.054080	-0.026368	-0.045704	0.016032	0.032144
1782895685.739419	0.581187	-0.035991	0.889069	0.004515	0.056035	-0.028304	-0.051700	0.016241	0.004813
1782895685.780542	0.580528	-0.036374	0.889363	0.006711	0.053553	-0.027501	-0.039192	0.008536	-0.005025
1782895685.823341	0.579608	-0.037573	0.889285	-0.000320	0.052976	-0.026522	-0.045715	0.008882	-0.004829
1782895685.889169	0.579039	-0.038422	0.888588	0.005230	0.050732	-0.028563	-0.045594	0.002684	-0.025303
1782895685.959742	0.577558	-0.039840	0.887088	0.002247	0.050783	-0.031391	-0.045746	-0.002152	-0.024803
1782895685.997871	0.575380	-0.041941	0.885208	0.003105	0.047882	-0.030073	-0.050142	-0.001703	-0.011154
1782895686.028711	0.574408	-0.042972	0.884839	-0.002176	0.050804	-0.032143	-0.049362	-0.004493	0.001147
1782895686.061319	0.573565	-0.043911	0.884764	-0.004562	0.049433	-0.031239	-0.048261	-0.001516	0.010588
1782895686.105848	0.571892	-0.045284	0.885119	-0.008124	0.050627	-0.029786	-0.047720	-0.002319	0.014349
1782895686.146309	0.571148	-0.046142	0.885666	-0.007035	0.052139	-0.030769	-0.042414	-0.004892	0.020854
1782895686.180845	0.569483	-0.047393	0.886530	-0.009533	0.054680	-0.027081	-0.038656	-0.001929	0.031085
1782895686.214206	0.568774	-0.048117	0.887531	-0.006505	0.056919	-0.030056	-0.041790	0.006467	0.033420
1782895686.254811	0.567650	-0.048867	0.888397	-0.008722	0.056233	-0.027974	-0.036339	0.002412	0.026268
1782895686.290692	0.566688	-0.049809	0.889690	-0.006994	0.059225	-0.026191	-0.028033	-0.000634	0.035440
1782895686.325908	0.565822	-0.050563	0.890436	0.000688	0.056520	-0.023405	-0.032200	0.008362	0.033685
1782895686.369084	0.564950	-0.051270	0.891513	-0.003733	0.058074	-0.023101	-0.023199	-0.000664	0.034379
1782895686.408760	0.563998	-0.052358	0.892453	-0.004749	0.058405	-0.021416	-0.026675	0.010433	0.022917
1782895686.444776	0.563589	-0.052655	0.893118	-0.002106	0.059793	-0.019903	-0.015763	0.001778	0.012574
1782895686.481256	0.562779	-0.053394	0.893277	-0.001988	0.056833	-0.018928	-0.013840	0.005867	0.015821
1782895686.521054	0.562215	-0.053885	0.893086	-0.006002	0.057875	-0.018663	-0.009975	0.006822	-0.019874
1782895686.560540	0.561949	-0.054483	0.892752	-0.007429	0.057066	-0.016908	-0.000199	0.004049	-0.007697
1782895686.593421	0.561686	-0.055009	0.892172	-0.008475	0.055545	-0.016563	-0.002666	0.008949	-0.031376
1782895686.641104	0.561529	-0.055295	0.891723	-0.008977	0.055490	-0.017019	0.003413	0.007160	-0.007605
1782895686.681132	0.561393	-0.055896	0.891334	-0.009140	0.055226	-0.016290	0.007039	0.007837	-0.002353
1782895686.717235	0.561351	-0.056336	0.891516	-0.005064	0.053011	-0.016991	0.002620	0.013672	0.007964
1782895686.755570	0.561243	-0.056743	0.891717	-0.001945	0.050931	-0.017769	0.010146	0.010067	0.000340
1782895686.799361	0.561234	-0.057107	0.891971	-0.001817	0.048316	-0.018504	0.012731	0.010950	-0.006554
1782895686.841329	0.561234	-0.057548	0.891831	-0.001815	0.048863	-0.019331	0.005522	0.013237	-0.012542
1782895686.883657	0.561299	-0.057932	0.891327	-0.004758	0.048143	-0.022253	0.010069	0.011092	-0.029261
1782895686.919351	0.561149	-0.058275	0.890442	-0.006843	0.046927	-0.021597	0.010357	0.014196	-0.029355
1782895687.004305	0.561181	-0.058317	0.889520	-0.008684	0.048150	-0.023150	0.012096	0.013523	-0.036286
1782895687.053229	0.560944	-0.058652	0.888075	-0.004627	0.050642	-0.025362	0.006482	0.021144	-0.005812
1782895687.099133	0.560776	-0.058842	0.888551	-0.003255	0.051277	-0.024903	0.009105	0.018716	0.025513
1782895687.134055	0.560767	-0.058967	0.889190	0.002705	0.049122	-0.024485	0.006301	0.021409	0.018220
1782895687.169311	0.560671	-0.058978	0.890754	-0.003027	0.052051	-0.026040	0.015385	0.015254	0.018095
1782895687.206575	0.560718	-0.058995	0.891533	-0.003235	0.051952	-0.025250	0.008163	0.020111	0.018600
1782895687.254645	0.560748	-0.059204	0.892496	0.000649	0.051333	-0.026174	0.020421	0.012906	0.008801
1782895687.294725	0.560788	-0.059450	0.893086	0.001226	0.051009	-0.027285	0.017471	0.013820	0.006774
