时间(s)	位置x(m)	位置y(m)	位置z(m)	欧拉角roll(rad)	欧拉角pitch(rad)	欧拉角yaw(rad)	速度x(m/s)	速度y(m/s)	速度z(m/s)
1782895744.539914	-0.539671	-0.047249	1.251012	-0.000666	-0.000582	0.010738	0.042724	0.008455	0.055100
1782895744.543747	-0.539671	-0.047249	1.251012	-0.000666	-0.000582	0.010738	0.042724	0.008455	0.055100
1782895744.546849	-0.539458	-0.047328	1.251722	0.001605	-0.002535	0.010814	0.042724	0.008455	0.055100
1782895744.557223	-0.539098	-0.047208	1.252338	-0.000893	-0.003309	0.010791	0.046136	0.006452	0.055702
1782895744.567008	-0.538748	-0.047123	1.252683	0.000204	-0.003651	0.010717	0.042631	0.001678	0.059174
1782895744.578313	-0.538422	-0.046867	1.253088	0.000985	-0.003934	0.013527	0.042631	0.001678	0.059174
1782895744.586914	-0.538058	-0.046582	1.253726	-0.004782	-0.002886	0.016217	0.042631	0.001678	0.059174
1782895744.597135	-0.538058	-0.046582	1.253726	-0.004782	-0.002886	0.016217	0.041629	0.008562	0.063887
1782895744.607600	-0.537692	-0.046386	1.254364	-0.002329	-0.001129	0.018693	0.041629	0.008562	0.063887
1782895744.617159	-0.537537	-0.046215	1.255402	0.001323	-0.002066	0.022472	0.047094	0.000277	0.090519
1782895744.627090	-0.537155	-0.045980	1.256072	-0.007019	-0.001374	0.025036	0.047094	0.000277	0.090519
1782895744.637172	-0.537039	-0.045949	1.257176	0.000946	-0.003538	0.028367	0.040949	0.004649	0.099279
1782895744.647265	-0.536764	-0.045709	1.258373	-0.001623	-0.002547	0.031718	0.040949	0.004649	0.099279
1782895744.657577	-0.536501	-0.045604	1.259529	-0.001881	-0.005212	0.035076	0.046774	-0.000617	0.134910
1782895744.668896	-0.536387	-0.045183	1.260923	-0.003259	-0.003211	0.037975	0.046774	-0.000617	0.134910
1782895744.678431	-0.535932	-0.044969	1.262607	-0.001696	-0.004384	0.040512	0.038544	0.007498	0.139186
1782895744.688002	-0.535932	-0.044969	1.262607	-0.001696	-0.004384	0.040512	0.038544	0.007498	0.139186
1782895744.696917	-0.535939	-0.044846	1.264053	-0.002656	-0.004877	0.044333	0.042460	0.003215	0.165260
1782895744.708462	-0.535717	-0.044636	1.265755	0.000234	-0.004554	0.047231	0.042460	0.003215	0.165260
1782895744.717751	-0.535547	-0.044294	1.267594	-0.003510	-0.003433	0.048947	0.035633	0.008146	0.153124
1782895744.728432	-0.535159	-0.044297	1.269161	-0.000934	-0.005227	0.052373	0.035633	0.008146	0.153124
1782895744.740374	-0.535164	-0.043989	1.270972	-0.002388	-0.005560	0.056178	0.035633	0.008146	0.153124
1782895744.747619	-0.535004	-0.043683	1.272687	-0.004917	-0.005185	0.058946	0.036296	0.003602	0.149533
1782895744.757266	-0.534922	-0.043534	1.274047	-0.005237	-0.005763	0.062910	0.036296	0.003602	0.149533
1782895744.768161	-0.534803	-0.043218	1.275587	-0.003442	-0.006149	0.067441	0.029193	0.004839	0.135882
1782895744.777301	-0.534708	-0.042924	1.276976	-0.007288	-0.004504	0.068310	0.029193	0.004839	0.135882
1782895744.788432	-0.534708	-0.042924	1.276976	-0.007288	-0.004504	0.068310	0.026471	0.008014	0.124946
1782895744.796608	-0.534693	-0.042610	1.278465	-0.003580	-0.004691	0.070691	0.026471	0.008014	0.124946
1782895744.806635	-0.534374	-0.042353	1.279578	-0.001798	-0.006808	0.073398	0.026471	0.008014	0.124946
1782895744.817589	-0.534388	-0.042149	1.280862	-0.006754	-0.005092	0.078456	0.026471	0.008014	0.124946
1782895744.829193	-0.534253	-0.042070	1.281714	-0.002877	-0.006138	0.081830	0.031044	0.009029	0.087476
1782895744.836882	-0.534316	-0.041729	1.282650	-0.004720	-0.005778	0.084979	0.031044	0.009029	0.087476
1782895744.847873	-0.534130	-0.041373	1.283535	-0.009667	-0.003000	0.086980	0.031044	0.009029	0.087476
1782895744.856674	-0.534146	-0.040971	1.284392	-0.003591	-0.005445	0.089014	0.022830	0.007298	0.067811
1782895744.867299	-0.533924	-0.040666	1.284800	-0.003321	-0.005421	0.092668	0.022830	0.007298	0.067811
1782895744.878151	-0.534001	-0.040391	1.285357	-0.010094	-0.002756	0.097061	0.019990	0.009747	0.049397
1782895744.886634	-0.534024	-0.040268	1.285743	-0.003978	-0.004638	0.099907	0.019990	0.009747	0.049397
1782895744.896684	-0.534024	-0.040268	1.285743	-0.003978	-0.004638	0.099907	0.020424	0.011320	0.038800
1782895744.907489	-0.534035	-0.039676	1.285940	-0.005279	-0.003462	0.103357	0.020424	0.011320	0.038800
1782895744.916641	-0.533982	-0.039318	1.286312	-0.001658	-0.004433	0.105851	0.019300	0.010720	0.030109
1782895744.928724	-0.533983	-0.039045	1.286418	-0.005570	-0.003240	0.108685	0.019300	0.010720	0.030109
1782895744.937797	-0.534073	-0.038612	1.286571	-0.005701	-0.003566	0.112543	0.012394	0.013961	0.024872
1782895744.948143	-0.534100	-0.038338	1.286639	-0.005422	-0.004045	0.115734	0.014309	0.016429	0.018073
1782895744.956998	-0.534239	-0.037924	1.286640	-0.005550	-0.003910	0.119991	0.014309	0.016429	0.018073
1782895744.967077	-0.534190	-0.037512	1.286718	-0.006148	-0.003420	0.122353	0.016373	0.014935	0.014589
1782895744.978233	-0.534254	-0.037159	1.286801	-0.006307	-0.002256	0.124505	0.016373	0.014935	0.014589
1782895744.987768	-0.534279	-0.036851	1.286735	-0.006312	-0.001592	0.128195	0.016373	0.014935	0.014589
1782895744.997119	-0.534279	-0.036851	1.286735	-0.006312	-0.001592	0.128195	0.012021	0.018026	0.018609
1782895745.008051	-0.534243	-0.036361	1.286770	-0.000995	-0.002163	0.130361	0.016435	0.020552	0.021647
1782895745.016987	-0.534278	-0.035944	1.286757	0.000290	-0.002170	0.135765	0.016435	0.020552	0.021647
1782895745.027988	-0.534427	-0.035590	1.286881	-0.005393	-0.001773	0.138319	0.016435	0.020552	0.021647
1782895745.037361	-0.534384	-0.035201	1.287075	-0.004578	-0.002357	0.141209	0.012017	0.021027	0.024666
1782895745.048130	-0.534501	-0.034665	1.287264	-0.006053	-0.001590	0.144675	0.012017	0.021027	0.024666
1782895745.057524	-0.534461	-0.034202	1.287171	-0.008508	0.001022	0.148510	0.013036	0.025199	0.030362
1782895745.067510	-0.534629	-0.033731	1.287509	-0.006456	0.000526	0.150284	0.013748	0.023466	0.029689
1782895745.077441	-0.534629	-0.033731	1.287509	-0.006456	0.000526	0.150284	0.013748	0.023466	0.029689
1782895745.087525	-0.534727	-0.032857	1.288016	-0.003666	0.000868	0.154899	0.013748	0.023466	0.029689
1782895745.097287	-0.534727	-0.032857	1.288016	-0.003666	0.000868	0.154899	0.011797	0.024966	0.036651
1782895745.108450	-0.534678	-0.032363	1.288382	-0.003010	-0.000721	0.158136	0.011797	0.024966	0.036651
1782895745.117333	-0.534781	-0.031860	1.288599	-0.000941	-0.001038	0.161019	0.016673	0.025135	0.031404
1782895745.127005	-0.534930	-0.031529	1.288765	-0.002698	0.000473	0.165333	0.016673	0.025135	0.031404
1782895745.137421	-0.534996	-0.030919	1.289058	-0.003215	-0.000565	0.168197	0.011028	0.026170	0.032033
1782895745.148466	-0.535165	-0.030659	1.289174	-0.003782	-0.000030	0.171900	0.014581	0.026003	0.033478
1782895745.158076	-0.535225	-0.030104	1.289454	-0.004218	-0.000687	0.175618	0.014581	0.026003	0.033478
1782895745.167022	-0.535314	-0.029657	1.289768	-0.000717	-0.002233	0.178812	0.013808	0.028605	0.016468
1782895745.177045	-0.535409	-0.029100	1.289800	0.000777	-0.000947	0.181145	0.013808	0.028605	0.016468
1782895745.187039	-0.535459	-0.028695	1.289937	-0.001530	0.000504	0.183147	0.013808	0.028605	0.016468
1782895745.197824	-0.535459	-0.028695	1.289937	-0.001530	0.000504	0.183147	0.005395	0.030628	0.020271
1782895745.207090	-0.535563	-0.028140	1.290315	0.001090	-0.001139	0.184546	0.005395	0.030628	0.020271
1782895745.217059	-0.535577	-0.027690	1.290190	0.002263	-0.001737	0.188086	0.012423	0.028618	0.018850
1782895745.227140	-0.535684	-0.027091	1.290238	-0.001388	-0.000199	0.192034	0.012423	0.028618	0.018850
1782895745.237084	-0.535693	-0.026693	1.290234	-0.002451	-0.000036	0.193880	0.003405	0.032578	0.002765
1782895745.247697	-0.535879	-0.026170	1.290281	-0.002834	-0.000784	0.197722	0.003405	0.032578	0.002765
1782895745.257448	-0.536036	-0.025728	1.290315	-0.000366	-0.001306	0.199970	0.004620	0.032525	0.016526
1782895745.267465	-0.536014	-0.025365	1.290214	0.002663	-0.001426	0.203015	0.007693	0.028083	0.008781
1782895745.277372	-0.536185	-0.024602	1.290425	0.001288	-0.001669	0.206532	0.007693	0.028083	0.008781
1782895745.287701	-0.536331	-0.024300	1.290395	-0.000521	-0.001110	0.208397	0.007693	0.028083	0.008781
1782895745.300985	-0.536331	-0.024300	1.290395	-0.000521	-0.001110	0.208397	0.000988	0.034918	0.008510
1782895745.308370	-0.536506	-0.023772	1.290387	0.003109	-0.001149	0.211442	0.000988	0.034918	0.008510
1782895745.317690	-0.536552	-0.023319	1.290462	0.005514	-0.002156	0.213673	0.005411	0.028559	0.027048
1782895745.326961	-0.536832	-0.022750	1.290381	0.006273	-0.001581	0.217478	0.005411	0.028559	0.027048
1782895745.336901	-0.536884	-0.022215	1.290513	0.006778	-0.001747	0.220203	0.000993	0.034027	0.016781
1782895745.347055	-0.536980	-0.021623	1.290796	0.004012	-0.001171	0.223331	0.000993	0.034027	0.016781
1782895745.357228	-0.537170	-0.021227	1.290877	0.003109	-0.001136	0.225946	0.002861	0.031461	0.040385
1782895745.367096	-0.537345	-0.020797	1.291165	0.001186	-0.002152	0.229551	-0.000458	0.032528	0.029840
1782895745.377027	-0.537523	-0.020207	1.291285	0.003315	-0.001775	0.232318	-0.000458	0.032528	0.029840
1782895745.387015	-0.537693	-0.019844	1.291371	0.006071	-0.001544	0.235483	-0.000458	0.032528	0.029840
1782895745.396888	-0.537693	-0.019844	1.291371	0.006071	-0.001544	0.235483	0.002586	0.033471	0.041424
1782895745.409008	-0.537785	-0.019443	1.291823	0.003434	-0.000085	0.239522	0.002586	0.033471	0.041424
1782895745.417504	-0.538018	-0.018869	1.292265	0.006432	-0.001082	0.243126	0.001150	0.030677	0.035029
1782895745.428052	-0.538175	-0.018382	1.292493	0.007394	0.000991	0.245828	0.001150	0.030677	0.035029
1782895745.436889	-0.538189	-0.017798	1.292722	0.004762	0.001717	0.249711	0.002945	0.032420	0.036032
1782895745.446957	-0.538396	-0.017284	1.292882	0.004129	0.003626	0.251707	0.002945	0.032420	0.036032
1782895745.458637	-0.538400	-0.017023	1.292992	0.008398	0.003471	0.254510	0.003570	0.029899	0.034652
1782895745.467308	-0.538662	-0.016301	1.293287	0.007209	0.004433	0.259945	0.003570	0.029899	0.034652
1782895745.478076	-0.538745	-0.015926	1.293645	0.004578	0.004414	0.263412	-0.000793	0.030127	0.022069
1782895745.487050	-0.538879	-0.015514	1.293674	0.001893	0.004791	0.265795	-0.000793	0.030127	0.022069
1782895745.498064	-0.538879	-0.015514	1.293674	0.001893	0.004791	0.265795	0.007969	0.028866	0.025873
1782895745.507057	-0.539050	-0.015065	1.293865	0.007018	0.004124	0.269705	0.007969	0.028866	0.025873
1782895745.517424	-0.539216	-0.014591	1.294023	0.003974	0.006132	0.272479	-0.000577	0.032535	0.006730
1782895745.527158	-0.539295	-0.013992	1.294195	0.008334	0.004992	0.276283	-0.000577	0.032535	0.006730
1782895745.537365	-0.539461	-0.013621	1.294423	0.005430	0.006131	0.277507	-0.000250	0.030350	0.015429
1782895745.546912	-0.539631	-0.013280	1.294341	0.005417	0.007539	0.281377	-0.000250	0.030350	0.015429
1782895745.556993	-0.539778	-0.012720	1.294349	0.005899	0.007138	0.284852	0.003810	0.024650	0.007225
1782895745.568092	-0.539902	-0.012288	1.294376	0.004586	0.007045	0.287321	0.003810	0.024650	0.007225
1782895745.581254	-0.539902	-0.012288	1.294376	0.004586	0.007045	0.287321	-0.002751	0.029756	0.001865
1782895745.590190	-0.539884	-0.011895	1.294391	0.007079	0.006125	0.291083	-0.002751	0.029756	0.001865
1782895745.598833	-0.540073	-0.011461	1.294426	0.005806	0.005299	0.295051	0.001251	0.025216	0.013004
1782895745.607512	-0.540261	-0.011129	1.294231	0.007826	0.005774	0.297850	0.001251	0.025216	0.013004
1782895745.617942	-0.540434	-0.010607	1.294273	0.006467	0.005599	0.301111	-0.000755	0.024568	0.003776
1782895745.629868	-0.540562	-0.010394	1.294200	0.005757	0.005353	0.303248	0.003229	0.023557	0.012511
1782895745.637456	-0.540633	-0.010038	1.294057	0.009702	0.006072	0.307251	0.003229	0.023557	0.012511
1782895745.647430	-0.540741	-0.009600	1.293971	0.010047	0.005932	0.308832	0.003229	0.023557	0.012511
1782895745.659429	-0.540844	-0.009275	1.293956	0.016694	0.005980	0.312684	0.003007	0.022260	0.002062
1782895745.667433	-0.540844	-0.009275	1.293956	0.016694	0.005980	0.312684	0.005845	0.019932	0.011177
1782895745.680256	-0.540973	-0.008841	1.294124	0.012236	0.005876	0.316657	0.005845	0.019932	0.011177
1782895745.687398	-0.540904	-0.008501	1.294080	0.014116	0.005814	0.319145	0.005845	0.019932	0.011177
1782895745.697657	-0.540904	-0.008501	1.294080	0.014116	0.005814	0.319145	0.005845	0.019932	0.011177
1782895745.708748	-0.541046	-0.007856	1.294029	0.008446	0.006021	0.325436	0.009238	0.017165	-0.003780
1782895745.719503	-0.541147	-0.007504	1.293964	0.006267	0.006919	0.327806	0.002965	0.020800	-0.004913
1782895745.727389	-0.541139	-0.007198	1.293960	0.004029	0.006945	0.330840	0.002965	0.020800	-0.004913
1782895745.740168	-0.541336	-0.006887	1.293846	0.006777	0.005587	0.334555	0.011362	0.012257	-0.003585
1782895745.747479	-0.541263	-0.006589	1.293693	0.011154	0.004575	0.337534	0.011362	0.012257	-0.003585
1782895745.756832	-0.541273	-0.006406	1.293665	0.013493	0.002792	0.340703	0.006249	0.015351	-0.013007
1782895745.767718	-0.541418	-0.006260	1.293678	0.013209	0.002883	0.343935	0.006249	0.015351	-0.013007
1782895745.776545	-0.541346	-0.005986	1.293645	0.013271	0.003194	0.347228	0.008085	0.011897	-0.000138
1782895745.787110	-0.541346	-0.005986	1.293645	0.013271	0.003194	0.347228	0.008085	0.011897	-0.000138
1782895745.805565	-0.541260	-0.005611	1.293615	0.014903	0.001630	0.350575	0.005116	0.009434	-0.002761
1782895745.813385	-0.541277	-0.005331	1.293605	0.015212	0.002403	0.352925	0.005116	0.009434	-0.002761
1782895745.818931	-0.541353	-0.005225	1.293375	0.009848	0.004088	0.356445	0.008680	0.007214	0.008734
1782895745.827570	-0.541262	-0.004949	1.293599	0.009063	0.004212	0.357334	0.008680	0.007214	0.008734
1782895745.837793	-0.541257	-0.004730	1.293637	0.007496	0.003808	0.360412	0.003004	0.006348	0.006206
1782895745.847389	-0.541260	-0.004468	1.293723	0.011542	0.003269	0.364528	0.003004	0.006348	0.006206
1782895745.857437	-0.541199	-0.004219	1.293882	0.010866	0.003472	0.367540	0.006819	0.003756	0.022952
1782895745.867512	-0.541199	-0.004219	1.293882	0.010866	0.003472	0.367540	0.003285	0.003620	0.006398
1782895745.877434	-0.541255	-0.004141	1.293905	0.013313	0.002293	0.370054	0.003285	0.003620	0.006398
1782895745.886904	-0.541205	-0.004105	1.293998	0.013970	0.001136	0.374380	0.003285	0.003620	0.006398
1782895745.896978	-0.541322	-0.003978	1.294151	0.012183	0.001053	0.376463	0.002974	0.001424	0.024569
1782895745.906975	-0.541251	-0.003954	1.294170	0.009527	0.001144	0.380004	0.002974	0.001424	0.024569
1782895745.916780	-0.541286	-0.003807	1.294196	0.009606	0.000798	0.382947	0.008629	-0.004279	0.014218
1782895745.926793	-0.541258	-0.003749	1.294348	0.011417	0.000810	0.385786	0.008629	-0.004279	0.014218
1782895745.937524	-0.541264	-0.003665	1.294379	0.010900	0.001531	0.387698	0.001728	0.001370	0.010664
1782895745.947229	-0.541349	-0.003598	1.294497	0.012147	0.002412	0.389813	0.001728	0.001370	0.010664
1782895745.957441	-0.541194	-0.003467	1.294547	0.008092	0.003745	0.392759	0.008844	-0.007276	0.013639
1782895745.966588	-0.541149	-0.003456	1.294799	0.006919	0.004143	0.395414	0.008844	-0.007276	0.013639
1782895745.976651	-0.541135	-0.003175	1.294858	0.007222	0.004011	0.397353	0.003613	-0.010397	0.015040
1782895745.986560	-0.540961	-0.003257	1.294825	0.011078	0.003348	0.401699	0.003613	-0.010397	0.015040
1782895745.997359	-0.540961	-0.003257	1.294825	0.011078	0.003348	0.401699	0.006902	-0.005554	0.013421
1782895746.006800	-0.541021	-0.003109	1.295097	0.010828	0.002759	0.404373	0.006902	-0.005554	0.013421
1782895746.017275	-0.540978	-0.003149	1.295123	0.011669	0.002474	0.407677	0.001118	-0.008863	0.008129
1782895746.028391	-0.540876	-0.003246	1.295266	0.007688	0.002786	0.411253	0.001118	-0.008863	0.008129
1782895746.037291	-0.540842	-0.003214	1.295344	0.005655	0.003916	0.414550	0.003065	-0.007788	0.013786
1782895746.047579	-0.540831	-0.003294	1.295432	0.007921	0.002888	0.416749	0.003065	-0.007788	0.013786
1782895746.057432	-0.540722	-0.003182	1.295545	0.009112	0.003205	0.418214	0.000825	-0.009110	0.006007
1782895746.066991	-0.540641	-0.003121	1.295569	0.007727	0.004047	0.421267	-0.001565	-0.010527	0.014746
1782895746.076930	-0.540509	-0.003210	1.295681	0.009028	0.004822	0.422608	-0.001565	-0.010527	0.014746
1782895746.087035	-0.540363	-0.003220	1.295631	0.011998	0.005003	0.425863	-0.001565	-0.010527	0.014746
1782895746.097699	-0.540363	-0.003220	1.295631	0.011998	0.005003	0.425863	0.008069	-0.016554	0.011501
1782895746.107422	-0.540284	-0.003293	1.295671	0.012633	0.005318	0.428311	0.008069	-0.016554	0.011501
1782895746.117805	-0.540214	-0.003340	1.295597	0.009853	0.004306	0.430831	0.004628	-0.015173	-0.014676
1782895746.127182	-0.540133	-0.003405	1.295531	0.008948	0.004152	0.433073	0.004628	-0.015173	-0.014676
1782895746.137186	-0.539993	-0.003540	1.295503	0.005937	0.004473	0.435683	0.003730	-0.013925	-0.005875
1782895746.148996	-0.540015	-0.003565	1.295433	0.005692	0.004295	0.438430	0.003730	-0.013925	-0.005875
1782895746.157458	-0.540015	-0.003565	1.295433	0.005692	0.004295	0.438430	0.007341	-0.020594	-0.011080
1782895746.168326	-0.539769	-0.003525	1.295092	0.008755	0.004003	0.444959	0.002519	-0.015418	-0.016770
1782895746.177514	-0.539767	-0.003645	1.294979	0.003885	0.005609	0.447024	0.002519	-0.015418	-0.016770
1782895746.187031	-0.539520	-0.003739	1.294948	0.004208	0.006411	0.448624	0.002519	-0.015418	-0.016770
1782895746.197094	-0.539520	-0.003739	1.294948	0.004208	0.006411	0.448624	0.006475	-0.019934	-0.006593
1782895746.207124	-0.539392	-0.003781	1.294735	0.004228	0.005633	0.453201	0.006475	-0.019934	-0.006593
1782895746.217725	-0.539301	-0.003816	1.294795	0.004013	0.006009	0.454395	0.002878	-0.019323	-0.005799
1782895746.227041	-0.539169	-0.003869	1.294730	0.004584	0.005475	0.456625	0.002878	-0.019323	-0.005799
1782895746.237585	-0.539077	-0.003991	1.294854	0.002700	0.006392	0.459093	0.006335	-0.019552	0.006114
1782895746.247086	-0.538938	-0.004066	1.294861	0.003250	0.005533	0.461690	0.006335	-0.019552	0.006114
1782895746.257726	-0.538736	-0.004209	1.294888	0.000781	0.005465	0.463936	0.000320	-0.018851	0.011161
1782895746.269089	-0.538625	-0.004314	1.295244	-0.001340	0.006660	0.468004	0.005272	-0.018908	0.020025
1782895746.277271	-0.538433	-0.004446	1.295408	-0.000289	0.007217	0.470914	0.005272	-0.018908	0.020025
1782895746.287289	-0.538290	-0.004501	1.295581	0.003861	0.006540	0.471627	0.005272	-0.018908	0.020025
1782895746.298946	-0.538290	-0.004501	1.295581	0.003861	0.006540	0.471627	-0.000814	-0.017900	0.010528
1782895746.307118	-0.538247	-0.004670	1.295712	0.005328	0.004024	0.474811	-0.000814	-0.017900	0.010528
1782895746.317829	-0.537871	-0.004914	1.295784	0.007835	0.003702	0.477478	-0.000814	-0.017900	0.010528
1782895746.327474	-0.537749	-0.004803	1.295945	0.010012	0.003111	0.480048	0.004005	-0.022384	0.020079
1782895746.337101	-0.537484	-0.004909	1.296069	0.008938	0.002151	0.481419	0.005349	-0.022691	0.003939
1782895746.347098	-0.537287	-0.005055	1.296218	0.007949	0.003099	0.482904	0.001994	-0.019560	0.001674
1782895746.356845	-0.537019	-0.004911	1.296214	0.008250	0.003734	0.485936	0.001994	-0.019560	0.001674
1782895746.367296	-0.536777	-0.005117	1.296174	0.008153	0.002533	0.487331	0.001994	-0.019560	0.001674
1782895746.378339	-0.536594	-0.005243	1.295951	0.008773	0.002211	0.490971	0.010207	-0.025448	0.003954
1782895746.387033	-0.536594	-0.005243	1.295951	0.008773	0.002211	0.490971	0.010207	-0.025448	0.003954
1782895746.396843	-0.536456	-0.005297	1.296030	0.003824	0.003098	0.491726	0.006225	-0.022851	-0.019618
1782895746.406897	-0.536243	-0.005442	1.295764	0.005067	0.002817	0.493681	0.006225	-0.022851	-0.019618
1782895746.417008	-0.536112	-0.005564	1.295452	0.000617	0.002894	0.497054	0.006752	-0.022141	-0.003389
1782895746.429692	-0.535896	-0.005684	1.295273	0.000931	0.002571	0.499165	0.006752	-0.022141	-0.003389
1782895746.437747	-0.535586	-0.005832	1.295124	0.001297	0.003614	0.501879	0.007977	-0.025191	-0.013041
1782895746.447915	-0.535453	-0.005927	1.295133	-0.000311	0.005920	0.503280	0.007977	-0.025191	-0.013041
1782895746.457038	-0.535275	-0.005864	1.294983	0.000331	0.004609	0.504336	0.007437	-0.021870	-0.007355
1782895746.467003	-0.535215	-0.005971	1.295036	0.002354	0.004060	0.506367	0.008490	-0.023472	-0.003338
1782895746.477406	-0.534846	-0.006096	1.294934	0.001261	0.004888	0.510589	0.008490	-0.023472	-0.003338
1782895746.496330	-0.534846	-0.006096	1.294934	0.001261	0.004888	0.510589	0.008490	-0.023472	-0.003338
1782895746.499775	-0.534599	-0.006166	1.294983	0.000459	0.005186	0.512362	0.006056	-0.022110	0.004620
1782895746.508290	-0.534436	-0.006174	1.295033	0.001877	0.004903	0.514382	0.006056	-0.022110	0.004620
1782895746.517501	-0.534325	-0.006397	1.294984	-0.000640	0.004933	0.517042	0.010000	-0.022052	0.004375
1782895746.529204	-0.534017	-0.006497	1.295158	0.000003	0.004899	0.518641	0.006545	-0.020722	0.015660
1782895746.537561	-0.533881	-0.006459	1.295377	-0.000986	0.004546	0.519999	0.006545	-0.020722	0.015660
1782895746.547209	-0.533739	-0.006491	1.295700	-0.000457	0.004544	0.523747	0.006545	-0.020722	0.015660
1782895746.557167	-0.533668	-0.006622	1.295881	-0.000257	0.005368	0.526669	0.011513	-0.019778	0.007225
1782895746.567082	-0.533475	-0.006672	1.295977	-0.000396	0.005784	0.527891	0.003037	-0.015946	0.009941
1782895746.578142	-0.533305	-0.006626	1.296141	-0.001486	0.006231	0.529571	0.003037	-0.015946	0.009941
1782895746.587880	-0.533012	-0.006528	1.296303	0.001673	0.005873	0.530545	0.010683	-0.020340	0.016798
1782895746.597218	-0.533012	-0.006528	1.296303	0.001673	0.005873	0.530545	0.010683	-0.020340	0.016798
1782895746.607458	-0.532786	-0.006623	1.296352	0.000206	0.006588	0.532641	0.010683	-0.020340	0.016798
1782895746.617320	-0.532509	-0.006635	1.296636	0.000600	0.007040	0.534341	0.007568	-0.017917	-0.004525
1782895746.627351	-0.532347	-0.006693	1.296766	0.003228	0.005693	0.535927	0.007568	-0.017917	-0.004525
1782895746.637934	-0.532204	-0.006772	1.296782	0.003569	0.004890	0.537469	0.003499	-0.014676	0.006839
1782895746.647652	-0.532020	-0.006817	1.296780	0.001647	0.003626	0.539456	0.011133	-0.021307	0.005404
1782895746.657078	-0.531949	-0.006849	1.296829	0.000427	0.004830	0.541634	0.011133	-0.021307	0.005404
1782895746.667598	-0.531845	-0.006858	1.296955	-0.001065	0.005297	0.543779	0.003991	-0.012696	-0.007063
1782895746.678447	-0.531630	-0.006884	1.296901	-0.000052	0.004936	0.545715	0.003991	-0.012696	-0.007063
1782895746.686876	-0.531630	-0.006884	1.296901	-0.000052	0.004936	0.545715	0.003991	-0.012696	-0.007063
1782895746.698597	-0.531359	-0.006816	1.296912	-0.002765	0.005969	0.548088	0.008633	-0.014844	0.011218
1782895746.707183	-0.531173	-0.006716	1.296970	-0.000412	0.006087	0.550255	0.008633	-0.014844	0.011218
1782895746.717057	-0.530997	-0.006573	1.296941	-0.000615	0.006468	0.551289	0.011428	-0.016535	-0.004717
1782895746.727834	-0.530936	-0.006467	1.296880	-0.002255	0.008199	0.553212	0.011428	-0.016535	-0.004717
1782895746.737077	-0.530884	-0.006266	1.297069	-0.007854	0.007860	0.555028	0.006818	-0.008930	-0.003636
1782895746.747401	-0.530658	-0.006254	1.297243	-0.005298	0.006679	0.557635	0.006818	-0.008930	-0.003636
1782895746.756717	-0.530267	-0.006265	1.297233	-0.003379	0.004507	0.562079	0.013888	-0.015083	0.003963
1782895746.766689	-0.530236	-0.006232	1.297172	-0.003528	0.003359	0.563742	0.010785	-0.011772	-0.007202
1782895746.777468	-0.530015	-0.006276	1.297353	-0.003211	0.004227	0.563783	0.010785	-0.011772	-0.007202
1782895746.786746	-0.529948	-0.006237	1.297505	-0.002636	0.004930	0.566300	0.010785	-0.011772	-0.007202
1782895746.800084	-0.529948	-0.006237	1.297505	-0.002636	0.004930	0.566300	0.014028	-0.011146	0.012089
1782895746.809970	-0.529568	-0.005951	1.297853	0.000761	0.004782	0.567925	0.014028	-0.011146	0.012089
1782895746.816926	-0.529568	-0.005951	1.297853	0.000761	0.004782	0.567925	0.014107	-0.014816	0.002156
1782895746.827880	-0.529595	-0.005883	1.298006	0.002774	0.004130	0.570539	0.012427	-0.009368	0.012075
1782895746.836928	-0.529336	-0.005764	1.298323	0.003566	0.005309	0.572107	0.012427	-0.009368	0.012075
1782895746.848036	-0.529243	-0.005669	1.298598	0.007069	0.004368	0.574589	0.012427	-0.009368	0.012075
1782895746.857581	-0.528979	-0.005579	1.298694	0.003997	0.004502	0.576674	0.016060	-0.013726	0.017729
1782895746.867843	-0.528823	-0.005485	1.299132	0.006220	0.003192	0.578768	0.013291	-0.009595	0.010859
1782895746.877914	-0.528679	-0.005322	1.299353	0.004619	0.003380	0.581417	0.013291	-0.009595	0.010859
1782895746.889685	-0.528607	-0.005139	1.299554	0.006187	0.003748	0.583224	0.016225	-0.010017	0.021137
1782895746.898083	-0.528607	-0.005139	1.299554	0.006187	0.003748	0.583224	0.016225	-0.010017	0.021137
1782895746.911128	-0.528398	-0.005188	1.299765	0.005557	0.004590	0.585242	0.012996	-0.012096	0.011601
1782895746.918860	-0.528398	-0.005188	1.299765	0.005557	0.004590	0.585242	0.012996	-0.012096	0.011601
1782895746.927126	-0.528083	-0.004903	1.300360	0.003511	0.004926	0.588031	0.012996	-0.012096	0.011601
1782895746.939868	-0.527882	-0.004700	1.300578	0.002311	0.006252	0.589027	0.011680	-0.007856	0.010849
1782895746.948357	-0.527797	-0.004557	1.300734	-0.002076	0.006132	0.591639	0.014356	-0.012219	0.008147
1782895746.957104	-0.527659	-0.004421	1.300889	-0.001506	0.005990	0.593762	0.014356	-0.012219	0.008147
1782895746.966994	-0.527438	-0.004500	1.300784	0.000573	0.004825	0.597232	0.008706	-0.012816	0.003735
1782895746.978023	-0.527362	-0.004421	1.301062	0.003085	0.005943	0.600298	0.008706	-0.012816	0.003735
1782895746.986506	-0.527362	-0.004421	1.301062	0.003085	0.005943	0.600298	0.008706	-0.012816	0.003735
1782895746.997848	-0.527064	-0.004339	1.301355	0.007078	0.004430	0.600990	0.014558	-0.012067	0.003014
1782895747.006566	-0.526922	-0.004209	1.301279	0.008621	0.004900	0.603059	0.014558	-0.012067	0.003014
1782895747.018579	-0.526779	-0.004012	1.301414	0.007717	0.004513	0.603878	0.014558	-0.012067	0.003014
1782895747.026671	-0.526518	-0.003967	1.301606	0.011445	0.003780	0.605530	0.016425	-0.013595	-0.003393
1782895747.037787	-0.526376	-0.003941	1.301548	0.008474	0.004175	0.606773	0.013402	-0.014565	-0.005603
1782895747.046749	-0.526257	-0.003774	1.301367	0.010408	0.003093	0.608186	0.013402	-0.014565	-0.005603
1782895747.056602	-0.525892	-0.003830	1.301178	0.011963	0.003475	0.612064	0.021353	-0.016292	-0.011490
1782895747.067029	-0.525669	-0.003625	1.301058	0.007705	0.004339	0.613657	0.021353	-0.016292	-0.011490
1782895747.079242	-0.525354	-0.003415	1.300768	0.011034	0.006178	0.614717	0.021353	-0.016292	-0.011490
1782895747.087219	-0.525354	-0.003415	1.300768	0.011034	0.006178	0.614717	0.019638	-0.016505	-0.022795
1782895747.097121	-0.525127	-0.003180	1.300488	0.007986	0.006484	0.616331	0.017394	-0.016250	-0.025445
1782895747.107018	-0.524959	-0.003022	1.300233	0.005147	0.006542	0.618177	0.017394	-0.016250	-0.025445
1782895747.118332	-0.524858	-0.003051	1.300152	0.005790	0.005975	0.619031	0.023779	-0.016686	-0.027395
1782895747.127086	-0.524658	-0.003034	1.299909	0.006975	0.005144	0.620965	0.023779	-0.016686	-0.027395
1782895747.143249	-0.524493	-0.003116	1.299479	0.006469	0.004244	0.623491	0.019511	-0.017608	-0.038552
1782895747.147802	-0.524156	-0.003023	1.299267	0.005445	0.004134	0.625654	0.015790	-0.016564	-0.030091
1782895747.156954	-0.523956	-0.002775	1.299079	0.007876	0.003524	0.625973	0.015790	-0.016564	-0.030091
1782895747.166862	-0.523644	-0.002714	1.298928	0.004410	0.003516	0.627207	0.021644	-0.017288	-0.031836
1782895747.177192	-0.523443	-0.002560	1.298714	0.005871	0.003554	0.629501	0.021644	-0.017288	-0.031836
1782895747.187454	-0.523171	-0.002512	1.298496	0.003540	0.003002	0.630329	0.021644	-0.017288	-0.031836
1782895747.198739	-0.523171	-0.002512	1.298496	0.003540	0.003002	0.630329	0.014636	-0.014443	-0.035864
1782895747.207009	-0.522843	-0.002410	1.298284	0.004749	0.003239	0.630855	0.014636	-0.014443	-0.035864
1782895747.217242	-0.522735	-0.002246	1.297954	0.004397	0.003465	0.632938	0.015446	-0.015329	-0.018918
1782895747.227068	-0.522445	-0.002141	1.297587	0.003775	0.001000	0.634564	0.015446	-0.015329	-0.018918
1782895747.239410	-0.522077	-0.002030	1.297497	0.002657	0.000699	0.635218	0.015446	-0.015329	-0.018918
1782895747.248256	-0.521793	-0.002202	1.297288	0.003031	-0.000344	0.637955	0.019001	-0.017636	-0.028574
1782895747.257432	-0.521683	-0.001860	1.297187	0.004350	0.000356	0.639067	0.012567	-0.013012	-0.014569
1782895747.267794	-0.521383	-0.001798	1.297230	0.004153	0.000018	0.638703	0.018786	-0.020111	-0.007877
1782895747.277096	-0.521193	-0.001708	1.297199	0.004011	0.000536	0.640515	0.018786	-0.020111	-0.007877
1782895747.287143	-0.520925	-0.001547	1.297077	0.006657	-0.000065	0.641890	0.018786	-0.020111	-0.007877
1782895747.300566	-0.520925	-0.001547	1.297077	0.006657	-0.000065	0.641890	0.012590	-0.013543	-0.012022
1782895747.306887	-0.520643	-0.001562	1.297066	0.008907	0.000072	0.642059	0.012590	-0.013543	-0.012022
1782895747.318004	-0.520461	-0.001517	1.297126	0.006440	0.000779	0.643562	0.017450	-0.019599	0.012779
1782895747.328418	-0.520102	-0.001508	1.297194	0.006033	0.000588	0.645419	0.014129	-0.017846	-0.005064
1782895747.337035	-0.519929	-0.001440	1.297342	0.007961	0.000033	0.647353	0.014129	-0.017846	-0.005064
1782895747.347454	-0.519617	-0.001345	1.297483	0.006163	-0.000540	0.648416	0.014129	-0.017846	-0.005064
1782895747.358095	-0.519412	-0.001290	1.297540	0.002933	-0.000617	0.649664	0.013503	-0.018049	0.014638
1782895747.368100	-0.519273	-0.001223	1.297674	0.005539	-0.001457	0.651599	0.013503	-0.018049	0.014638
1782895747.378907	-0.518976	-0.001123	1.298089	0.005408	-0.000783	0.653363	0.018032	-0.024530	0.010626
1782895747.386975	-0.518781	-0.001123	1.298284	0.004871	-0.000307	0.653963	0.018032	-0.024530	0.010626
1782895747.397975	-0.518781	-0.001123	1.298284	0.004871	-0.000307	0.653963	0.018032	-0.024530	0.010626
1782895747.407364	-0.518479	-0.001176	1.298627	0.002132	0.000529	0.657076	0.009991	-0.015915	0.005670
1782895747.419467	-0.518270	-0.001102	1.298723	0.001395	0.001222	0.657151	0.015217	-0.023281	0.022784
1782895747.427360	-0.518117	-0.001040	1.298870	0.003832	0.000617	0.658386	0.015217	-0.023281	0.022784
1782895747.438496	-0.517862	-0.001020	1.299106	0.002162	-0.000098	0.660126	0.011388	-0.021697	0.003393
1782895747.447489	-0.517713	-0.000989	1.299288	0.001683	-0.000643	0.661312	0.011388	-0.021697	0.003393
1782895747.457194	-0.517519	-0.001082	1.299495	0.001933	-0.000825	0.661840	0.007905	-0.017940	0.010605
1782895747.467587	-0.517303	-0.001206	1.299541	0.002299	-0.000949	0.664766	0.012754	-0.024480	0.010399
1782895747.476900	-0.517257	-0.001072	1.299809	0.001685	-0.002043	0.666385	0.012754	-0.024480	0.010399
1782895747.486925	-0.517102	-0.001064	1.299900	0.001946	-0.001702	0.666936	0.012754	-0.024480	0.010399
1782895747.500218	-0.517102	-0.001064	1.299900	0.001946	-0.001702	0.666936	0.006518	-0.019668	-0.008821
1782895747.507876	-0.516934	-0.001019	1.300002	0.004318	-0.001469	0.668803	0.006518	-0.019668	-0.008821
1782895747.519354	-0.516634	-0.001068	1.299964	0.006229	-0.001080	0.668904	0.006643	-0.019976	0.001521
1782895747.527142	-0.516524	-0.001049	1.300011	0.009207	-0.002777	0.670541	0.006643	-0.019976	0.001521
1782895747.538287	-0.516283	-0.001110	1.299821	0.006215	-0.001724	0.673535	0.009721	-0.025709	-0.003508
1782895747.546967	-0.516159	-0.001172	1.299874	0.007847	-0.002702	0.674939	0.009721	-0.025709	-0.003508
1782895747.556851	-0.515981	-0.001177	1.299668	0.006692	-0.001247	0.675761	0.003447	-0.018608	-0.014767
1782895747.567466	-0.515782	-0.001266	1.299619	0.003952	-0.000228	0.678554	0.006647	-0.020696	-0.003020
1782895747.577269	-0.515670	-0.001246	1.299700	0.005315	0.000224	0.678418	0.006647	-0.020696	-0.003020
1782895747.587249	-0.515670	-0.001246	1.299700	0.005315	0.000224	0.678418	0.006647	-0.020696	-0.003020
1782895747.597320	-0.515566	-0.001305	1.299536	0.003407	0.000828	0.679679	0.006642	-0.024627	-0.016983
1782895747.607283	-0.515469	-0.001244	1.299480	0.003832	0.000345	0.681633	0.006642	-0.024627	-0.016983
1782895747.617852	-0.515400	-0.001382	1.299409	0.002422	0.001290	0.681326	0.001640	-0.019713	-0.015285
1782895747.627525	-0.515252	-0.001516	1.299245	0.002512	-0.000211	0.684658	0.001640	-0.019713	-0.015285
1782895747.637429	-0.515154	-0.001543	1.299147	0.002144	0.000362	0.686399	0.007876	-0.025959	-0.010379
1782895747.648310	-0.515087	-0.001673	1.299186	0.001241	0.000781	0.686798	0.007876	-0.025959	-0.010379
1782895747.656980	-0.514838	-0.001703	1.299050	0.003007	0.000999	0.689563	0.001937	-0.022694	-0.013591
1782895747.667413	-0.514746	-0.001715	1.298953	0.002286	0.001241	0.690476	0.005414	-0.023418	0.000249
1782895747.677521	-0.514705	-0.001750	1.299093	0.005482	0.000693	0.691380	0.005414	-0.023418	0.000249
1782895747.687008	-0.514705	-0.001750	1.299093	0.005482	0.000693	0.691380	0.005414	-0.023418	0.000249
1782895747.698305	-0.514457	-0.001838	1.299248	0.003211	0.001375	0.692026	0.004928	-0.026194	-0.003596
1782895747.707017	-0.514407	-0.001827	1.299322	0.003489	0.001616	0.693153	0.004928	-0.026194	-0.003596
1782895747.718636	-0.514344	-0.001899	1.299507	0.007370	0.001243	0.694478	0.004928	-0.026194	-0.003596
1782895747.727996	-0.514191	-0.001954	1.299659	0.008138	0.001244	0.696136	0.003171	-0.021492	0.002571
1782895747.739722	-0.514124	-0.002095	1.299843	0.004501	0.002328	0.698136	0.007017	-0.027734	0.005388
1782895747.747615	-0.513950	-0.002081	1.299912	0.006657	0.001595	0.698403	0.007017	-0.027734	0.005388
1782895747.757271	-0.513834	-0.002094	1.300256	0.007055	0.001841	0.701250	0.002323	-0.024049	0.004186
1782895747.767697	-0.513685	-0.002319	1.300449	0.005599	0.000965	0.702742	0.006631	-0.024936	0.011488
1782895747.777586	-0.513685	-0.002319	1.300449	0.005599	0.000965	0.702742	0.006631	-0.024936	0.011488
1782895747.787522	-0.513462	-0.002578	1.300983	0.006126	0.001048	0.705435	0.006631	-0.024936	0.011488
1782895747.797528	-0.513462	-0.002578	1.300983	0.006126	0.001048	0.705435	0.004346	-0.025099	0.007743
1782895747.807000	-0.513400	-0.002557	1.301162	0.003821	0.001232	0.706811	0.004346	-0.025099	0.007743
1782895747.817717	-0.513114	-0.002585	1.301396	0.006602	0.001882	0.707622	0.004471	-0.022378	0.012425
1782895747.826926	-0.513104	-0.002601	1.301529	0.004130	0.002976	0.708464	0.004471	-0.022378	0.012425
1782895747.839781	-0.513022	-0.002629	1.301710	0.000992	0.002708	0.709870	0.007426	-0.024727	0.008143
1782895747.847009	-0.512914	-0.002825	1.301837	0.001110	0.003265	0.711180	0.007426	-0.024727	0.008143
1782895747.856949	-0.512738	-0.003024	1.301972	-0.000052	0.003115	0.713753	0.001557	-0.023156	0.006884
1782895747.866960	-0.512524	-0.003086	1.302094	0.001351	0.003797	0.714758	0.001557	-0.023156	0.006884
1782895747.877270	-0.512458	-0.003109	1.302285	0.000183	0.005011	0.715599	0.005597	-0.021314	0.005316
1782895747.887484	-0.512458	-0.003109	1.302285	0.000183	0.005011	0.715599	0.003438	-0.022541	-0.002723
1782895747.897449	-0.512273	-0.003086	1.302328	0.001879	0.005238	0.716285	0.003438	-0.022541	-0.002723
1782895747.907280	-0.512281	-0.003041	1.302447	0.000539	0.005667	0.717152	-0.000933	-0.019102	-0.001538
1782895747.916934	-0.512079	-0.003046	1.302453	0.000051	0.006109	0.718095	-0.000933	-0.019102	-0.001538
1782895747.927219	-0.512024	-0.003048	1.302469	0.001377	0.005983	0.718882	0.005991	-0.020272	-0.008549
1782895747.937908	-0.511937	-0.003129	1.302360	0.001441	0.004306	0.720735	0.005991	-0.020272	-0.008549
1782895747.948037	-0.511689	-0.003169	1.302374	-0.000809	0.004410	0.722222	0.005991	-0.020272	-0.008549
1782895747.957456	-0.511673	-0.003208	1.302242	0.002529	0.004515	0.723267	0.003485	-0.019171	-0.015692
1782895747.967663	-0.511528	-0.003025	1.302037	0.004463	0.004894	0.724368	0.000679	-0.017318	-0.016609
1782895747.978403	-0.511523	-0.002891	1.301950	0.002076	0.006065	0.726000	0.000679	-0.017318	-0.016609
1782895747.987780	-0.511523	-0.002891	1.301950	0.002076	0.006065	0.726000	0.000679	-0.017318	-0.016609
1782895747.999812	-0.511339	-0.002951	1.301815	0.002722	0.004791	0.726769	0.000679	-0.017318	-0.016609
1782895748.011497	-0.511339	-0.002951	1.301815	0.002722	0.004791	0.726769	0.009998	-0.014619	-0.032457
1782895748.018097	-0.511196	-0.003085	1.301152	0.002684	0.002548	0.731395	0.009998	-0.014619	-0.032457
1782895748.027534	-0.511192	-0.003015	1.300810	-0.001765	0.003877	0.731325	0.009998	-0.014619	-0.032457
1782895748.037396	-0.511003	-0.002837	1.300639	-0.003592	0.005400	0.732715	0.006320	-0.015567	-0.030217
1782895748.047292	-0.510856	-0.002695	1.300270	-0.006454	0.006447	0.731548	0.006320	-0.015567	-0.030217
1782895748.056868	-0.510771	-0.002630	1.300050	-0.000908	0.006138	0.732206	0.012953	-0.014647	-0.031223
1782895748.066574	-0.510686	-0.002505	1.299655	0.000795	0.006670	0.734411	0.012953	-0.014647	-0.031223
1782895748.076653	-0.510662	-0.002393	1.299369	-0.000357	0.007004	0.735325	0.013409	-0.013173	-0.036591
1782895748.087409	-0.510456	-0.002472	1.299041	0.001806	0.005379	0.737168	0.013409	-0.013173	-0.036591
1782895748.096779	-0.510456	-0.002472	1.299041	0.001806	0.005379	0.737168	0.009827	-0.012267	-0.028832
1782895748.107158	-0.510316	-0.002527	1.298900	0.001752	0.005128	0.738392	0.009827	-0.012267	-0.028832
1782895748.117178	-0.510375	-0.002366	1.298650	0.000043	0.004135	0.739450	0.017123	-0.011230	-0.025324
1782895748.126806	-0.510256	-0.002096	1.298389	-0.003302	0.004936	0.738836	0.017123	-0.011230	-0.025324
1782895748.137023	-0.510144	-0.001976	1.298226	-0.003093	0.005003	0.738864	0.013275	-0.010461	-0.025756
1782895748.146801	-0.510175	-0.001889	1.298088	-0.003535	0.004288	0.741137	0.013275	-0.010461	-0.025756
1782895748.157019	-0.510052	-0.001766	1.298009	-0.002653	0.004019	0.741748	0.013752	-0.008396	-0.014077
1782895748.167741	-0.509971	-0.001615	1.297873	-0.000900	0.003471	0.742808	0.013752	-0.008396	-0.014077
1782895748.178152	-0.509889	-0.001594	1.297865	-0.000567	0.003009	0.744070	0.016968	-0.008355	-0.015748
1782895748.186624	-0.509922	-0.001403	1.297910	-0.001944	0.002887	0.745627	0.016968	-0.008355	-0.015748
1782895748.198495	-0.509922	-0.001403	1.297910	-0.001944	0.002887	0.745627	0.016968	-0.008355	-0.015748
1782895748.207491	-0.509835	-0.001241	1.297861	-0.000191	0.002707	0.746817	0.010402	-0.006671	-0.006106
1782895748.218507	-0.509770	-0.001119	1.297910	-0.000686	0.002803	0.747555	0.014864	-0.005764	0.001401
1782895748.228700	-0.509727	-0.000890	1.298014	0.000599	0.002981	0.747649	0.014864	-0.005764	0.001401
1782895748.238767	-0.509609	-0.000717	1.298099	-0.000133	0.003842	0.747881	0.011394	-0.004462	0.001675
1782895748.247024	-0.509579	-0.000487	1.298164	-0.001380	0.003920	0.748856	0.011394	-0.004462	0.001675
1782895748.257423	-0.509447	-0.000320	1.298214	-0.002464	0.003631	0.749944	0.008176	-0.000437	0.012604
1782895748.267284	-0.509449	-0.000217	1.298338	-0.000105	0.002686	0.751079	0.008176	-0.000437	0.012604
1782895748.276977	-0.509478	-0.000023	1.298609	0.001528	0.002807	0.751902	0.013349	0.000208	0.006041
1782895748.287025	-0.509478	-0.000023	1.298609	0.001528	0.002807	0.751902	0.013349	0.000208	0.006041
1782895748.299138	-0.509380	0.000189	1.298810	0.002138	0.001557	0.753490	0.016863	-0.001499	0.004017
1782895748.309409	-0.509353	0.000447	1.299122	0.002202	0.002111	0.753924	0.008191	0.003271	0.013792
1782895748.318829	-0.509331	0.000540	1.299306	0.005185	0.002595	0.755196	0.008191	0.003271	0.013792
1782895748.327276	-0.509289	0.000738	1.299542	0.002768	0.003363	0.755184	0.008191	0.003271	0.013792
1782895748.338288	-0.509365	0.000956	1.299726	0.002861	0.003032	0.755903	0.013345	0.002536	0.005710
1782895748.346850	-0.509355	0.001080	1.299801	0.002819	0.003366	0.756948	0.006364	0.003820	0.011021
1782895748.356561	-0.509398	0.001283	1.300001	0.003681	0.002527	0.758282	0.006364	0.003820	0.011021
1782895748.368619	-0.509441	0.001335	1.300113	0.004790	0.002940	0.760021	0.011205	0.004518	0.001873
1782895748.378628	-0.509369	0.001540	1.300248	0.002551	0.002816	0.762808	0.011205	0.004518	0.001873
1782895748.387288	-0.509472	0.001783	1.300373	0.000539	0.003055	0.763014	0.016182	0.000744	0.001013
1782895748.397327	-0.509472	0.001783	1.300373	0.000539	0.003055	0.763014	0.016182	0.000744	0.001013
1782895748.409927	-0.509398	0.002149	1.300463	0.005324	0.003396	0.762468	0.010393	-0.000109	-0.006847
1782895748.417456	-0.509346	0.002340	1.300538	0.004772	0.004746	0.762660	0.010393	-0.000109	-0.006847
1782895748.427402	-0.509463	0.002585	1.300536	0.002879	0.005721	0.762710	0.010393	-0.000109	-0.006847
1782895748.437130	-0.509321	0.002651	1.300770	0.005580	0.004267	0.763908	0.010584	0.003066	-0.005763
1782895748.448383	-0.509361	0.002736	1.300720	0.006363	0.003928	0.765226	0.015259	-0.000802	-0.007130
1782895748.456995	-0.509320	0.002840	1.300798	0.006288	0.003318	0.766734	0.015259	-0.000802	-0.007130
1782895748.467267	-0.509352	0.003078	1.300790	0.004946	0.003837	0.767757	0.009560	-0.001252	-0.011476
1782895748.479374	-0.509324	0.003280	1.300715	0.008018	0.004813	0.768246	0.009560	-0.001252	-0.011476
1782895748.487983	-0.509254	0.003439	1.300689	0.009151	0.004924	0.768091	0.011827	0.000748	-0.012046
1782895748.496989	-0.509254	0.003439	1.300689	0.009151	0.004924	0.768091	0.011827	0.000748	-0.012046
1782895748.507416	-0.509190	0.003510	1.300766	0.008743	0.005395	0.768600	0.012747	-0.005031	-0.012670
1782895748.517543	-0.509170	0.003656	1.300662	0.010756	0.005534	0.769925	0.012747	-0.005031	-0.012670
1782895748.527296	-0.509355	0.003893	1.300620	0.010672	0.005572	0.770715	0.007760	-0.003124	-0.015595
1782895748.537699	-0.509249	0.003973	1.300482	0.009300	0.004426	0.773425	0.007760	-0.003124	-0.015595
1782895748.547155	-0.509227	0.004163	1.300599	0.013241	0.003795	0.775135	0.011280	-0.002994	-0.004004
1782895748.556982	-0.509281	0.004351	1.300569	0.012520	0.004122	0.776060	0.011280	-0.002994	-0.004004
1782895748.567860	-0.509207	0.004470	1.300618	0.010691	0.004686	0.776238	0.011280	-0.002994	-0.004004
1782895748.577081	-0.509182	0.004573	1.300726	0.009334	0.004947	0.777173	0.009121	-0.008041	-0.007808
1782895748.587725	-0.509201	0.004768	1.300777	0.010775	0.004617	0.777488	0.006971	-0.004642	-0.001370
1782895748.598005	-0.509201	0.004768	1.300777	0.010775	0.004617	0.777488	0.006971	-0.004642	-0.001370
1782895748.607268	-0.509197	0.004863	1.300921	0.012262	0.004044	0.777534	0.006971	-0.004642	-0.001370
1782895748.618788	-0.509132	0.004958	1.300963	0.012253	0.003662	0.779337	0.011291	-0.010116	0.004153
1782895748.627773	-0.509004	0.005058	1.301069	0.010697	0.003713	0.779815	0.011291	-0.010116	0.004153
1782895748.637760	-0.508970	0.005086	1.301130	0.013418	0.002852	0.779981	0.005791	-0.009557	0.002003
1782895748.658689	-0.508861	0.005116	1.301435	0.012562	0.002308	0.783545	0.009312	-0.009338	0.012594
1782895748.667417	-0.508769	0.005233	1.301603	0.013270	0.001987	0.783658	0.009312	-0.009338	0.012594
1782895748.672399	-0.508769	0.005233	1.301603	0.013270	0.001987	0.783658	0.009312	-0.009338	0.012594
1782895748.682118	-0.508678	0.005218	1.301707	0.015739	0.002340	0.784366	0.009312	-0.009338	0.012594
1782895748.689097	-0.508591	0.005257	1.301884	0.014426	0.002854	0.784869	0.011749	-0.016249	0.010861
1782895748.700428	-0.508591	0.005257	1.301884	0.014426	0.002854	0.784869	0.006751	-0.012744	0.006508
1782895748.710484	-0.508435	0.005363	1.302037	0.015523	0.002808	0.784426	0.011456	-0.017970	0.012178
1782895748.717856	-0.508241	0.005197	1.302032	0.017320	0.001530	0.786603	0.011456	-0.017970	0.012178
1782895748.730244	-0.508119	0.005109	1.302032	0.017848	0.001376	0.789223	0.011962	-0.024022	0.002385
1782895748.737397	-0.507964	0.005172	1.302184	0.013632	0.001557	0.790080	0.011962	-0.024022	0.002385
1782895748.748421	-0.507756	0.005146	1.302201	0.016782	0.001730	0.790685	0.011962	-0.024022	0.002385
1782895748.757423	-0.507594	0.005111	1.302363	0.015010	0.002505	0.791559	0.006450	-0.020801	-0.003033
1782895748.768435	-0.507526	0.005228	1.302386	0.015064	0.003672	0.791097	0.006450	-0.020801	-0.003033
1782895748.777997	-0.507266	0.005213	1.302461	0.017732	0.002631	0.791380	0.012904	-0.025468	0.002458
1782895748.787508	-0.507069	0.005166	1.302400	0.017119	0.002839	0.792639	0.012904	-0.025468	0.002458
1782895748.797253	-0.507069	0.005166	1.302400	0.017119	0.002839	0.792639	0.010316	-0.030454	-0.008009
1782895748.807533	-0.506753	0.004989	1.302311	0.018844	0.001347	0.793896	0.010316	-0.030454	-0.008009
1782895748.818070	-0.506445	0.004795	1.302177	0.018238	0.001081	0.796205	0.006398	-0.025592	-0.010407
1782895748.826650	-0.506255	0.004635	1.302091	0.017573	0.001127	0.797317	0.013046	-0.033904	-0.005140
1782895748.836874	-0.506017	0.004652	1.302160	0.017514	0.001973	0.797424	0.013046	-0.033904	-0.005140
1782895748.846611	-0.505607	0.004454	1.302034	0.016972	0.003389	0.797386	0.013046	-0.033904	-0.005140
1782895748.857123	-0.505570	0.004440	1.301934	0.019854	0.003410	0.797508	0.009733	-0.036469	-0.015873
1782895748.866999	-0.505319	0.004265	1.301898	0.013897	0.005221	0.797266	0.005067	-0.034225	-0.014232
1782895748.877162	-0.505007	0.004009	1.301657	0.009827	0.005513	0.799560	0.005067	-0.034225	-0.014232
1782895748.886612	-0.504724	0.003928	1.301594	0.010551	0.003917	0.801258	0.005067	-0.034225	-0.014232
1782895748.896849	-0.504724	0.003928	1.301594	0.010551	0.003917	0.801258	0.012633	-0.042355	-0.007551
1782895748.906761	-0.504463	0.003724	1.301499	0.010331	0.004495	0.800504	0.006394	-0.038994	-0.021038
1782895748.918480	-0.504155	0.003598	1.301368	0.011969	0.004280	0.801806	0.006394	-0.038994	-0.021038
1782895748.926732	-0.503959	0.003468	1.301283	0.014324	0.004693	0.802055	0.006394	-0.038994	-0.021038
1782895748.938016	-0.503470	0.003211	1.301222	0.016063	0.004014	0.801279	0.006517	-0.039897	-0.005404
1782895748.947485	-0.503161	0.003034	1.301152	0.014940	0.003433	0.803347	0.006517	-0.039897	-0.005404
1782895748.957437	-0.502840	0.002677	1.300964	0.013208	0.002335	0.804852	0.012523	-0.047205	-0.010195
1782895748.968829	-0.502513	0.002529	1.300972	0.012259	0.001992	0.804521	0.012523	-0.047205	-0.010195
1782895748.977835	-0.502223	0.002294	1.300930	0.010930	0.001507	0.805196	0.004088	-0.040348	-0.016431
1782895748.987076	-0.502223	0.002294	1.300930	0.010930	0.001507	0.805196	0.004088	-0.040348	-0.016431
1782895748.997127	-0.502014	0.002076	1.300784	0.009379	0.000126	0.807095	0.008888	-0.046611	0.001628
1782895749.007031	-0.501493	0.001979	1.300718	0.010038	0.001851	0.808160	0.008888	-0.046611	0.001628
1782895749.018939	-0.501159	0.001767	1.300782	0.011613	0.001787	0.808112	0.009662	-0.048914	-0.014773
1782895749.027999	-0.500860	0.001638	1.300586	0.011665	0.001806	0.807978	0.009662	-0.048914	-0.014773
1782895749.037765	-0.500510	0.001419	1.300721	0.010193	0.002511	0.807538	0.003943	-0.043648	-0.004970
1782895749.047723	-0.500183	0.001131	1.300478	0.007893	0.001241	0.808595	0.010616	-0.050067	0.001901
1782895749.058865	-0.499754	0.000849	1.300433	0.005779	0.000551	0.811404	0.010616	-0.050067	0.001901
1782895749.069087	-0.499395	0.000671	1.300402	0.007277	-0.000097	0.810851	0.010616	-0.050067	0.001901
1782895749.087224	-0.499014	0.000317	1.300451	0.007611	0.000206	0.810864	0.006447	-0.047980	-0.012415
1782895749.100385	-0.499014	0.000317	1.300451	0.007611	0.000206	0.810864	0.001996	-0.047122	-0.001496
1782895749.105953	-0.498746	0.000061	1.300406	0.007430	0.001130	0.811224	0.001996	-0.047122	-0.001496
1782895749.110372	-0.498323	-0.000134	1.300515	0.007254	0.000744	0.810439	0.001996	-0.047122	-0.001496
1782895749.118573	-0.497862	-0.000375	1.300304	0.008627	0.000384	0.810693	0.001996	-0.047122	-0.001496
1782895749.128885	-0.497528	-0.000702	1.300352	0.003179	0.000798	0.811110	0.010993	-0.051481	-0.005146
1782895749.137160	-0.497170	-0.001055	1.300271	0.004840	-0.001186	0.811847	0.005681	-0.049938	-0.017532
1782895749.146666	-0.496858	-0.001315	1.300162	0.000828	-0.000542	0.812253	0.005681	-0.049938	-0.017532
1782895749.156534	-0.496550	-0.001470	1.299986	0.002099	-0.000926	0.813295	-0.000232	-0.047058	-0.011741
1782895749.166642	-0.496206	-0.001670	1.299889	0.001569	-0.001428	0.812736	0.005047	-0.050576	-0.013840
1782895749.177148	-0.496206	-0.001670	1.299889	0.001569	-0.001428	0.812736	0.005047	-0.050576	-0.013840
1782895749.186734	-0.495511	-0.002277	1.299610	0.000480	0.000033	0.811881	0.005047	-0.050576	-0.013840
1782895749.198046	-0.495511	-0.002277	1.299610	0.000480	0.000033	0.811881	0.004202	-0.051490	-0.025857
1782895749.206871	-0.495068	-0.002618	1.299412	-0.000001	-0.000019	0.811409	-0.003657	-0.050067	-0.020363
1782895749.216740	-0.494773	-0.003134	1.298936	0.000858	-0.002093	0.813638	-0.003657	-0.050067	-0.020363
1782895749.227762	-0.494607	-0.003315	1.298717	0.004848	-0.003339	0.813929	-0.003657	-0.050067	-0.020363
1782895749.237382	-0.494335	-0.003518	1.298481	-0.001136	-0.000821	0.812051	0.000209	-0.048206	-0.022028
1782895749.246802	-0.493912	-0.003792	1.298428	-0.003164	-0.000469	0.812044	0.000209	-0.048206	-0.022028
1782895749.256917	-0.493492	-0.004018	1.298138	-0.005687	-0.000301	0.812610	0.002774	-0.049413	-0.025499
1782895749.268040	-0.493253	-0.004375	1.298029	-0.008185	0.000563	0.813827	0.002774	-0.049413	-0.025499
1782895749.277270	-0.492945	-0.004683	1.297698	-0.003749	0.000503	0.814677	-0.002973	-0.049372	-0.016528
1782895749.286924	-0.492945	-0.004683	1.297698	-0.003749	0.000503	0.814677	-0.002973	-0.049372	-0.016528
1782895749.297262	-0.492716	-0.004952	1.297480	-0.001574	-0.000239	0.814389	-0.001256	-0.046308	-0.012435
1782895749.306680	-0.492426	-0.005283	1.297410	-0.003196	-0.000847	0.815093	0.001900	-0.049718	-0.003771
1782895749.316624	-0.492062	-0.005533	1.297381	-0.002220	-0.001022	0.814842	0.001900	-0.049718	-0.003771
1782895749.327885	-0.491794	-0.005921	1.297308	-0.001546	-0.001985	0.814971	0.001900	-0.049718	-0.003771
1782895749.338661	-0.491609	-0.006152	1.297435	0.000489	-0.002787	0.813812	-0.003118	-0.047116	-0.004484
1782895749.347069	-0.491441	-0.006423	1.297555	0.000165	-0.003020	0.814927	-0.001094	-0.045423	0.021859
1782895749.357037	-0.491171	-0.006732	1.297703	-0.002488	-0.003032	0.815419	-0.001094	-0.045423	0.021859
1782895749.367195	-0.490904	-0.007047	1.297975	-0.001501	-0.003573	0.816653	-0.002486	-0.046907	0.023715
1782895749.376927	-0.490798	-0.007315	1.298048	-0.000886	-0.002588	0.817263	-0.002486	-0.046907	0.023715
1782895749.387487	-0.490445	-0.007658	1.298362	-0.000747	-0.002576	0.818588	-0.002486	-0.046907	0.023715
1782895749.397270	-0.490445	-0.007658	1.298362	-0.000747	-0.002576	0.818588	-0.009796	-0.041281	0.029909
1782895749.407471	-0.490342	-0.007994	1.298687	-0.000455	-0.001927	0.818607	-0.009796	-0.041281	0.029909
1782895749.418630	-0.490118	-0.008115	1.299167	0.001038	-0.002132	0.818138	-0.005302	-0.046671	0.045506
1782895749.427398	-0.489873	-0.008492	1.299623	-0.000742	-0.002227	0.817813	-0.005302	-0.046671	0.045506
1782895749.437654	-0.489634	-0.008809	1.299953	0.001582	-0.003748	0.816914	-0.007109	-0.043827	0.025214
1782895749.447184	-0.489453	-0.009210	1.300218	0.004393	-0.005004	0.819212	-0.007109	-0.043827	0.025214
1782895749.456942	-0.489173	-0.009431	1.300427	0.006778	-0.004400	0.819194	-0.014461	-0.039436	0.027559
1782895749.467821	-0.488955	-0.009657	1.300614	0.006259	-0.003619	0.818878	-0.008761	-0.042282	0.016820
1782895749.477558	-0.488803	-0.009904	1.300878	0.006284	-0.002576	0.818183	-0.008761	-0.042282	0.016820
1782895749.518680	-0.488407	-0.010788	1.300283	0.002278	-0.001085	0.819233	-0.008715	-0.041801	-0.013143
1782895749.522809	-0.488407	-0.010788	1.300283	0.002278	-0.001085	0.819233	-0.008715	-0.041801	-0.013143
1782895749.532183	-0.488062	-0.011235	1.299999	0.000588	0.000954	0.816520	-0.008715	-0.041801	-0.013143
1782895749.545039	-0.488051	-0.011385	1.300006	-0.001211	0.001089	0.816015	-0.011748	-0.045296	-0.019608
1782895749.554165	-0.487974	-0.011693	1.299905	-0.000757	0.000684	0.817209	-0.016372	-0.041415	-0.032570
1782895749.562169	-0.487692	-0.012049	1.299611	-0.001239	0.001864	0.818812	-0.016372	-0.041415	-0.032570
1782895749.572310	-0.487527	-0.012403	1.299017	0.001113	0.000513	0.819813	-0.017281	-0.035964	-0.031326
1782895749.582213	-0.487423	-0.012584	1.298802	0.003230	0.000769	0.818288	-0.017281	-0.035964	-0.031326
1782895749.593091	-0.487380	-0.012822	1.298409	-0.000416	0.003014	0.818102	-0.017281	-0.035964	-0.031326
1782895749.607537	-0.487380	-0.012822	1.298409	-0.000416	0.003014	0.818102	-0.009200	-0.041144	-0.020626
1782895749.614654	-0.487272	-0.013052	1.297997	-0.000225	0.003494	0.817507	-0.009200	-0.041144	-0.020626
1782895749.623636	-0.487144	-0.013218	1.297751	-0.000691	0.003203	0.817124	-0.013099	-0.036344	-0.030288
1782895749.634661	-0.486936	-0.013668	1.297414	-0.001070	0.002748	0.818789	-0.015256	-0.035194	-0.011068
1782895749.642296	-0.486771	-0.013878	1.297151	-0.001513	0.002059	0.819435	-0.015256	-0.035194	-0.011068
1782895749.655321	-0.486732	-0.014131	1.296979	0.002036	0.001872	0.818650	-0.007367	-0.037051	-0.004722
1782895749.662071	-0.486594	-0.014488	1.297022	0.005009	0.001438	0.816442	-0.007367	-0.037051	-0.004722
1782895749.672093	-0.486460	-0.014728	1.296960	0.006022	0.001496	0.817467	-0.012978	-0.034594	-0.004580
1782895749.683538	-0.486302	-0.015109	1.296711	0.004219	0.002224	0.817355	-0.012978	-0.034594	-0.004580
1782895749.691960	-0.486205	-0.015248	1.296691	0.001924	0.002354	0.817314	-0.013592	-0.030994	0.005957
1782895749.702490	-0.486205	-0.015248	1.296691	0.001924	0.002354	0.817314	-0.013592	-0.030994	0.005957
1782895749.716168	-0.486094	-0.015370	1.296743	0.000980	0.002833	0.817344	-0.007540	-0.030305	0.010401
1782895749.723282	-0.485981	-0.015590	1.296576	-0.002564	0.004083	0.817622	-0.007540	-0.030305	0.010401
1782895749.732404	-0.485892	-0.015606	1.296671	-0.000779	0.003646	0.816252	-0.007540	-0.030305	0.010401
1782895749.745191	-0.485879	-0.015740	1.296649	-0.002890	0.005188	0.816308	-0.011294	-0.032019	0.009616
1782895749.753094	-0.485745	-0.015904	1.296565	-0.004847	0.006711	0.816279	-0.013128	-0.024830	0.006669
1782895749.764193	-0.485727	-0.016014	1.296659	-0.004336	0.006369	0.816404	-0.013128	-0.024830	0.006669
1782895749.773490	-0.485665	-0.016294	1.296802	-0.001751	0.004711	0.817146	-0.008465	-0.027569	0.021809
1782895749.782407	-0.485508	-0.016485	1.296757	-0.002461	0.004415	0.818089	-0.008465	-0.027569	0.021809
1782895749.791948	-0.485401	-0.016734	1.296911	-0.003895	0.004085	0.817231	-0.007471	-0.028054	0.010238
1782895749.802229	-0.485401	-0.016734	1.296911	-0.003895	0.004085	0.817231	-0.007471	-0.028054	0.010238
1782895749.814694	-0.485253	-0.016951	1.297096	0.000692	0.003450	0.816157	-0.011020	-0.018507	0.009443
1782895749.826257	-0.485224	-0.016950	1.297278	0.000727	0.004167	0.815546	-0.011020	-0.018507	0.009443
1782895749.832248	-0.485092	-0.016977	1.297288	-0.002521	0.004846	0.814839	-0.011020	-0.018507	0.009443
1782895749.842923	-0.485018	-0.017182	1.297391	-0.002428	0.004423	0.816820	-0.003316	-0.024551	0.021113
1782895749.854393	-0.484890	-0.017134	1.297441	-0.001947	0.003215	0.817016	-0.000368	-0.022924	0.007834
1782895749.863225	-0.484797	-0.017212	1.297657	-0.004518	0.003649	0.816646	-0.000368	-0.022924	0.007834
1782895749.873456	-0.484760	-0.017296	1.297724	-0.003785	0.004897	0.816785	-0.008053	-0.016630	0.009564
1782895749.883388	-0.484750	-0.017245	1.297932	-0.004585	0.004856	0.816007	-0.008053	-0.016630	0.009564
1782895749.893075	-0.484750	-0.017245	1.297932	-0.004585	0.004856	0.816007	-0.003395	-0.017302	0.015482
1782895749.903370	-0.484659	-0.017350	1.298080	-0.001441	0.003471	0.815493	-0.003395	-0.017302	0.015482
1782895749.913033	-0.484597	-0.017379	1.298153	-0.003189	0.003559	0.815896	0.001738	-0.015365	0.004122
1782895749.922841	-0.484623	-0.017444	1.298237	-0.004452	0.003589	0.816487	0.001738	-0.015365	0.004122
1782895749.931984	-0.484539	-0.017442	1.298311	-0.000921	0.002073	0.815547	0.001738	-0.015365	0.004122
1782895749.943935	-0.484451	-0.017471	1.298369	-0.001578	0.002900	0.815287	-0.003351	-0.013674	0.002115
1782895749.951823	-0.484436	-0.017373	1.298349	0.000030	0.003157	0.815140	-0.003742	-0.010700	0.000786
1782895749.961647	-0.484315	-0.017311	1.298338	0.000730	0.002190	0.814175	-0.003742	-0.010700	0.000786
1782895749.973588	-0.484383	-0.017386	1.298292	0.000183	0.001933	0.814373	0.001539	-0.009660	0.005561
1782895749.983935	-0.484326	-0.017358	1.298388	0.000787	0.001359	0.815621	0.001539	-0.009660	0.005561
1782895749.992085	-0.484310	-0.017274	1.298358	0.000978	0.000806	0.814801	0.001539	-0.009660	0.005561
1782895750.003780	-0.484310	-0.017274	1.298358	0.000978	0.000806	0.814801	0.001476	-0.013386	0.004101
1782895750.012233	-0.484296	-0.017258	1.298223	0.004370	0.000576	0.814250	-0.004679	-0.005043	-0.001694
1782895750.022108	-0.484267	-0.017196	1.298269	0.003137	0.000752	0.814488	-0.004679	-0.005043	-0.001694
1782895750.034114	-0.484275	-0.017143	1.298317	0.002259	0.000789	0.814236	-0.002096	-0.006581	0.014162
1782895750.042249	-0.484421	-0.016937	1.298170	0.001865	0.000915	0.813789	-0.002096	-0.006581	0.014162
1782895750.051867	-0.484275	-0.016993	1.298186	-0.001710	0.000302	0.815186	0.002121	-0.008732	0.006576
1782895750.061950	-0.484350	-0.016970	1.298100	-0.000174	-0.000025	0.814637	0.002121	-0.008732	0.006576
1782895750.072532	-0.484374	-0.016826	1.298210	0.000201	0.000383	0.814291	-0.005349	-0.002022	0.000170
1782895750.084013	-0.484334	-0.016575	1.298304	-0.001450	0.002578	0.812891	-0.005349	-0.002022	0.000170
1782895750.092385	-0.484327	-0.016495	1.298244	-0.000266	0.001754	0.812719	-0.004668	-0.003542	0.013780
1782895750.102007	-0.484327	-0.016495	1.298244	-0.000266	0.001754	0.812719	-0.004668	-0.003542	0.013780
1782895750.114435	-0.484335	-0.016312	1.298241	0.000729	0.002143	0.812664	0.001835	-0.004632	0.002695
1782895750.123980	-0.484356	-0.016322	1.298217	0.001889	0.000517	0.813343	0.001835	-0.004632	0.002695
1782895750.134331	-0.484363	-0.016266	1.298154	0.001230	0.000660	0.813710	-0.003004	-0.003167	-0.002093
1782895750.142675	-0.484415	-0.016163	1.298112	0.000928	0.000240	0.813176	-0.003004	-0.003167	-0.002093
1782895750.154051	-0.484424	-0.015965	1.298213	-0.001019	0.001795	0.812178	-0.005839	-0.001724	-0.000433
1782895750.163784	-0.484420	-0.015801	1.298054	-0.000490	0.001749	0.811473	-0.005839	-0.001724	-0.000433
1782895750.172627	-0.484555	-0.015740	1.298015	-0.000034	0.001170	0.812029	0.000367	-0.002251	-0.004524
1782895750.182299	-0.484520	-0.015693	1.297874	-0.001577	0.001184	0.811683	0.000367	-0.002251	-0.004524
1782895750.196057	-0.484506	-0.015735	1.297744	-0.003923	0.000961	0.812398	0.000367	-0.002251	-0.004524
1782895750.209203	-0.484506	-0.015735	1.297744	-0.003923	0.000961	0.812398	0.000874	-0.006520	-0.003930
1782895750.217904	-0.484495	-0.015562	1.297734	-0.002115	0.000704	0.811534	0.000874	-0.006520	-0.003930
1782895750.223567	-0.484462	-0.015408	1.297713	-0.001759	0.001332	0.810405	-0.005450	-0.001751	-0.004732
1782895750.231690	-0.484517	-0.015257	1.297553	-0.001339	0.001655	0.810919	-0.005450	-0.001751	-0.004732
1782895750.241932	-0.484491	-0.015212	1.297509	-0.000039	0.000755	0.811598	-0.004294	-0.001104	0.006068
1782895750.254222	-0.484590	-0.015152	1.297500	0.002613	0.000090	0.811960	0.001228	-0.006082	0.010030
1782895750.261444	-0.484530	-0.015125	1.297546	-0.000054	0.000156	0.812790	0.001228	-0.006082	0.010030
1782895750.271601	-0.484711	-0.015054	1.297563	0.001694	-0.000263	0.813502	0.001228	-0.006082	0.010030
1782895750.282683	-0.484840	-0.014815	1.297684	0.004593	-0.000608	0.813625	-0.008088	0.002898	0.009998
1782895750.291458	-0.484840	-0.014815	1.297684	0.004593	-0.000608	0.813625	-0.008088	0.002898	0.009998
1782895750.304518	-0.484875	-0.014712	1.298017	0.001730	0.001269	0.812303	-0.002502	-0.001432	0.022862
1782895750.313134	-0.484827	-0.014588	1.298088	0.003975	0.000322	0.813145	0.000830	-0.002156	0.008178
1782895750.322062	-0.484877	-0.014610	1.298138	0.000017	0.000859	0.812351	0.000830	-0.002156	0.008178
1782895750.331616	-0.484924	-0.014660	1.298271	0.000076	0.000168	0.812223	-0.006713	-0.002133	0.008692
1782895750.342002	-0.484798	-0.014600	1.298449	0.002395	-0.000524	0.813012	-0.006713	-0.002133	0.008692
1782895750.351989	-0.485008	-0.014490	1.298616	0.005723	-0.002939	0.811949	-0.005653	-0.000665	0.007543
1782895750.361881	-0.484946	-0.014366	1.298776	0.003800	-0.002491	0.811855	-0.005653	-0.000665	0.007543
1782895750.372359	-0.485043	-0.014206	1.298765	0.004178	-0.001685	0.810851	-0.001961	-0.001783	0.006640
1782895750.385705	-0.485142	-0.014071	1.298775	0.004418	-0.003092	0.810313	-0.001961	-0.001783	0.006640
1782895750.392453	-0.485191	-0.014224	1.298897	0.006318	-0.003522	0.812333	-0.004898	-0.001176	0.006489
1782895750.402808	-0.485191	-0.014224	1.298897	0.006318	-0.003522	0.812333	-0.004898	-0.001176	0.006489
1782895750.413779	-0.485262	-0.014135	1.298829	0.002807	-0.001618	0.812888	-0.009518	0.005333	0.005346
1782895750.423264	-0.485345	-0.014028	1.298824	0.002007	-0.001390	0.813445	-0.009518	0.005333	0.005346
1782895750.432096	-0.485418	-0.013885	1.299021	0.007181	-0.003220	0.812717	-0.001646	-0.003277	0.017031
1782895750.442206	-0.485406	-0.013822	1.298938	0.002653	-0.001191	0.812687	-0.001646	-0.003277	0.017031
1782895750.453845	-0.485569	-0.013622	1.299236	0.003179	-0.000480	0.812092	-0.006264	-0.000197	0.001482
1782895750.462981	-0.485579	-0.013489	1.299328	0.004222	-0.000301	0.811611	-0.006264	-0.000197	0.001482
1782895750.474341	-0.485641	-0.013539	1.299593	0.004198	-0.002084	0.812686	-0.011240	0.005741	0.011349
1782895750.482136	-0.485645	-0.013572	1.299552	0.004555	-0.001778	0.812878	-0.011240	0.005741	0.011349
1782895750.491865	-0.485626	-0.013441	1.299698	0.003597	-0.001904	0.812224	-0.011240	0.005741	0.011349
1782895750.501927	-0.485626	-0.013441	1.299698	0.003597	-0.001904	0.812224	-0.002766	0.000571	0.015255
1782895750.517075	-0.485615	-0.013361	1.299826	0.004171	-0.000673	0.811262	-0.002766	0.000571	0.015255
1782895750.523597	-0.485615	-0.013361	1.299826	0.004171	-0.000673	0.811262	-0.008144	0.003787	-0.002289
1782895750.532704	-0.485715	-0.013187	1.299976	0.004662	0.000857	0.810214	-0.008144	0.003787	-0.002289
1782895750.544075	-0.485723	-0.013218	1.299907	0.003553	0.000745	0.810496	-0.012040	0.004590	0.006242
1782895750.599318	-0.485872	-0.013047	1.299953	0.005202	-0.000508	0.809775	-0.004097	0.001798	-0.007489
1782895750.642651	-0.486171	-0.012898	1.299530	-0.000606	-0.000325	0.810236	-0.007713	0.000735	-0.007895
1782895750.687558	-0.484916	-0.012184	1.297755	0.014442	0.031782	0.799281	0.014296	0.005862	0.011936
1782895750.725208	-0.481759	-0.011466	1.295126	0.032410	0.085811	0.774076	0.045898	-0.005587	-0.018224
1782895750.763667	-0.475726	-0.010252	1.288593	0.059652	0.157629	0.734394	0.117493	-0.027651	-0.082924
1782895750.801728	-0.467287	-0.008247	1.278037	0.079063	0.225012	0.688886	0.192954	-0.047575	-0.165113
1782895750.844535	-0.458553	-0.006162	1.267406	0.090207	0.267553	0.653747	0.314071	-0.077786	-0.188659
1782895750.881674	-0.443735	-0.002247	1.252921	0.083888	0.293239	0.610700	0.426895	-0.095935	-0.192646
1782895750.920890	-0.429782	0.001895	1.241378	0.086040	0.299514	0.584045	0.544329	-0.118247	-0.188272
1782895750.958927	-0.407032	0.008418	1.225798	0.081198	0.281596	0.552035	0.662982	-0.137177	-0.203953
1782895751.003704	-0.386958	0.014140	1.212814	0.069407	0.253991	0.523373	0.761126	-0.150986	-0.258349
1782895751.046547	-0.357323	0.022560	1.193386	0.066913	0.225368	0.504859	0.840167	-0.166064	-0.322510
1782895751.080109	-0.324008	0.031592	1.171113	0.063294	0.189663	0.478392	0.901253	-0.166198	-0.399234
1782895751.118144	-0.297503	0.038636	1.152940	0.056986	0.161777	0.460383	0.938799	-0.166175	-0.455224
1782895751.180778	-0.269663	0.045718	1.133547	0.044370	0.135288	0.441672	0.960635	-0.169956	-0.474005
1782895751.214662	-0.211295	0.059866	1.093810	0.027400	0.088520	0.406642	0.995591	-0.153825	-0.543365
1782895751.307213	-0.181464	0.066829	1.074106	0.021473	0.065248	0.388164	1.003753	-0.151897	-0.543904
1782895751.360585	-0.100751	0.083935	1.025823	0.020109	0.020194	0.348106	0.976925	-0.125378	-0.509856
1782895751.395812	-0.041315	0.095603	0.998515	0.021465	-0.006075	0.320721	0.948459	-0.113510	-0.390926
1782895751.435076	-0.021986	0.099071	0.991686	0.026609	-0.016256	0.313586	0.936367	-0.107815	-0.360204
1782895751.479527	0.016117	0.105426	0.981166	0.028158	-0.019699	0.300150	0.902369	-0.108182	-0.234447
1782895751.520921	0.052905	0.110814	0.974584	0.031206	-0.020009	0.288834	0.893501	-0.108799	-0.199482
1782895751.555353	0.088694	0.115291	0.970583	0.034318	-0.019048	0.274403	0.862148	-0.112604	-0.132912
1782895751.595177	0.105989	0.117483	0.968758	0.033776	-0.018002	0.267550	0.848622	-0.113719	-0.119125
1782895751.640245	0.139914	0.120648	0.966613	0.027096	-0.018842	0.257664	0.843614	-0.112507	-0.108712
1782895751.754054	0.180869	0.123846	0.964537	0.032742	-0.022526	0.241828	0.815886	-0.117530	-0.100682
1782895751.843057	0.257446	0.126707	0.959606	0.029706	-0.034098	0.216724	0.757491	-0.127635	-0.125016
1782895751.908516	0.313125	0.126449	0.953323	0.025614	-0.046934	0.197411	0.700803	-0.133047	-0.167931
1782895751.942652	0.345575	0.124930	0.948156	0.017513	-0.052028	0.183974	0.659070	-0.137431	-0.171872
1782895751.983397	0.369781	0.123257	0.943611	0.015808	-0.058371	0.177568	0.633515	-0.146783	-0.162934
1782895752.021468	0.387039	0.121709	0.940133	0.015732	-0.060682	0.171930	0.597618	-0.149796	-0.148161
1782895752.066387	0.408843	0.118817	0.935573	0.008831	-0.058859	0.166565	0.557452	-0.142980	-0.137632
1782895752.099778	0.428500	0.115924	0.931671	0.013491	-0.056796	0.156975	0.516555	-0.142509	-0.138059
1782895752.138383	0.442108	0.113157	0.928984	0.016925	-0.057536	0.151319	0.496724	-0.148841	-0.110148
1782895752.179811	0.454602	0.110132	0.926320	0.021482	-0.054834	0.146152	0.432146	-0.164299	-0.088597
1782895752.223803	0.469560	0.105328	0.922861	0.019138	-0.051032	0.139229	0.377904	-0.170267	-0.084535
1782895752.266814	0.482546	0.100059	0.920053	0.015216	-0.041718	0.131852	0.343690	-0.182343	-0.064475
1782895752.298718	0.493604	0.094186	0.917074	0.007871	-0.033398	0.128374	0.297837	-0.184574	-0.040860
1782895752.391728	0.498555	0.091060	0.915661	0.013551	-0.028473	0.125531	0.288084	-0.193441	-0.046071
1782895752.427987	0.516907	0.076515	0.908630	0.003939	-0.004926	0.113792	0.205780	-0.192478	-0.055640
1782895752.462921	0.521822	0.071302	0.905919	-0.002443	0.001417	0.109924	0.193500	-0.199379	-0.056621
1782895752.506708	0.527527	0.064645	0.901831	-0.002392	0.006964	0.105577	0.163152	-0.191730	-0.053234
1782895752.547790	0.531519	0.059783	0.899179	-0.005641	0.013703	0.100401	0.147193	-0.187929	-0.072904
1782895752.585043	0.536259	0.053501	0.895282	-0.011565	0.018342	0.097920	0.131184	-0.184663	-0.045595
1782895752.619573	0.539540	0.048811	0.892770	-0.012164	0.023015	0.092566	0.109738	-0.175604	-0.046379
1782895752.663846	0.543440	0.042973	0.889563	-0.008781	0.025868	0.086582	0.104510	-0.170541	-0.032732
1782895752.704026	0.547113	0.037630	0.887306	-0.006989	0.030702	0.080864	0.086867	-0.157607	-0.014716
1782895752.740264	0.549784	0.033860	0.885991	-0.009998	0.034689	0.075484	0.076060	-0.150970	-0.004260
1782895752.776720	0.552838	0.029267	0.885536	-0.019657	0.040311	0.069888	0.066143	-0.144953	0.033826
1782895752.826502	0.554432	0.026959	0.885801	-0.022220	0.043089	0.067262	0.059841	-0.141297	0.026041
1782895752.872876	0.557949	0.021880	0.886320	-0.017647	0.047427	0.061441	0.051431	-0.134040	0.048612
1782895752.906656	0.561734	0.017225	0.887481	-0.017226	0.049053	0.056815	0.037172	-0.119410	0.041831
1782895752.939573	0.563147	0.015718	0.888187	-0.014808	0.050466	0.054145	0.036575	-0.118268	0.045671
1782895752.981023	0.566143	0.012422	0.888916	-0.016164	0.050230	0.050833	0.021983	-0.102935	0.044942
1782895753.016520	0.568623	0.010590	0.889349	-0.013788	0.051450	0.046996	0.025230	-0.101591	0.032262
1782895753.055932	0.570603	0.008484	0.889610	-0.019164	0.052878	0.045989	0.016918	-0.096958	0.025085
1782895753.092648	0.573566	0.006189	0.889116	-0.015189	0.054924	0.041516	0.015499	-0.088047	0.014530
1782895753.136113	0.576088	0.004858	0.888339	-0.013933	0.057081	0.038527	0.003939	-0.076331	-0.002555
1782895753.177532	0.579015	0.002928	0.887085	-0.011078	0.059396	0.035602	0.001770	-0.071676	0.006865
1782895753.210891	0.582114	0.001281	0.886109	-0.007649	0.058192	0.032911	0.001268	-0.069778	-0.005523
1782895753.255988	0.584524	0.000063	0.885425	-0.000195	0.060574	0.028056	-0.001600	-0.067564	0.009039
1782895753.299177	0.587575	-0.001238	0.884325	-0.000679	0.060101	0.026017	-0.005124	-0.058523	0.002923
1782895753.346171	0.590213	-0.002224	0.883729	-0.000884	0.061547	0.023485	-0.001437	-0.059820	0.011183
1782895753.386563	0.594312	-0.003594	0.882779	-0.003195	0.061915	0.019359	-0.008216	-0.052471	0.031610
1782895753.476366	0.596876	-0.004416	0.882538	-0.002580	0.059574	0.018377	-0.020626	-0.042014	0.025807
1782895753.522795	0.603862	-0.006479	0.882152	-0.005062	0.055176	0.010308	-0.024270	-0.035517	0.015362
1782895753.566160	0.606753	-0.006936	0.881907	-0.006416	0.049260	0.009335	-0.036305	-0.025322	0.020620
1782895753.605638	0.609302	-0.007501	0.881676	-0.002883	0.049954	0.003972	-0.045655	-0.019179	0.006114
1782895753.640429	0.610787	-0.008013	0.881209	-0.005677	0.047383	0.002959	-0.049227	-0.021028	0.012159
1782895753.680829	0.612697	-0.008277	0.880961	-0.000788	0.048634	-0.002236	-0.066400	-0.013301	0.013821
1782895753.727094	0.613581	-0.008732	0.880580	0.001194	0.048662	-0.002103	-0.064978	-0.014878	0.012866
1782895753.770049	0.614695	-0.009072	0.880088	-0.003591	0.050358	-0.006617	-0.079303	-0.014596	0.017122
1782895753.806154	0.615544	-0.009588	0.879622	-0.001419	0.052006	-0.008193	-0.091271	-0.008026	-0.000589
1782895753.845501	0.615803	-0.010121	0.879251	-0.000382	0.052827	-0.009658	-0.087266	-0.014592	-0.004121
1782895753.890252	0.615845	-0.010992	0.878709	0.003642	0.055802	-0.011952	-0.094737	-0.013760	0.003448
1782895753.937568	0.615790	-0.011840	0.877710	0.001306	0.055016	-0.011210	-0.099870	-0.013545	-0.011356
1782895753.975984	0.615684	-0.012726	0.876615	0.004417	0.057047	-0.014450	-0.101931	-0.015444	-0.009387
1782895754.008721	0.615292	-0.013729	0.875958	0.001462	0.059057	-0.014161	-0.099457	-0.014848	-0.002679
1782895754.053300	0.615133	-0.014172	0.875601	-0.001535	0.064228	-0.016313	-0.103215	-0.012321	0.001192
1782895754.090955	0.614508	-0.015696	0.875149	-0.001432	0.064983	-0.017585	-0.102227	-0.010026	0.016429
1782895754.125928	0.614401	-0.016717	0.875583	0.002976	0.065294	-0.016519	-0.096953	-0.012884	0.026744
1782895754.166111	0.614037	-0.017607	0.876116	0.003968	0.065791	-0.016266	-0.096695	-0.009416	0.033062
1782895754.208813	0.613801	-0.019153	0.877580	-0.002597	0.068068	-0.014557	-0.093209	-0.010492	0.036508
1782895754.245644	0.613805	-0.020496	0.879576	0.000726	0.066728	-0.015043	-0.086053	-0.016606	0.047862
1782895754.279975	0.613586	-0.021681	0.881130	0.004238	0.066807	-0.013497	-0.082631	-0.015878	0.064900
1782895754.321287	0.613466	-0.022911	0.882857	0.005539	0.069407	-0.014586	-0.086101	-0.008487	0.052403
1782895754.375773	0.613303	-0.024902	0.884499	0.005076	0.068334	-0.012978	-0.075811	-0.016499	0.043098
1782895754.419168	0.613575	-0.027063	0.886396	0.002840	0.067485	-0.013971	-0.068406	-0.018189	0.032361
1782895754.459020	0.613781	-0.028266	0.887188	-0.000382	0.069865	-0.014688	-0.073531	-0.010802	0.015103
1782895754.530909	0.613901	-0.030077	0.887587	-0.001404	0.068522	-0.013192	-0.063363	-0.014159	-0.000302
1782895754.608432	0.614263	-0.034630	0.886292	-0.004071	0.063447	-0.014104	-0.063311	-0.009761	-0.012818
1782895754.650021	0.614307	-0.035899	0.885364	-0.002939	0.060686	-0.016556	-0.058455	-0.010870	-0.030428
1782895754.689909	0.614228	-0.038379	0.883662	0.000780	0.055219	-0.018384	-0.059362	-0.009450	-0.032244
1782895754.786535	0.614133	-0.039580	0.882690	-0.003144	0.056561	-0.020907	-0.058163	-0.009347	-0.019983
1782895754.906886	0.612940	-0.042720	0.880210	-0.007772	0.053634	-0.022304	-0.069428	-0.005514	-0.007396
1782895754.962868	0.610223	-0.046495	0.880440	-0.015871	0.051529	-0.023020	-0.075660	0.007068	0.009781
1782895755.001057	0.608081	-0.047621	0.882241	-0.013644	0.050697	-0.024951	-0.083179	0.018380	0.027347
1782895755.034068	0.607020	-0.048420	0.883316	-0.005741	0.049633	-0.024377	-0.079726	0.013351	0.039731
1782895755.076888	0.605589	-0.048726	0.884487	-0.007923	0.054054	-0.026673	-0.087377	0.022504	0.037327
1782895755.119313	0.603910	-0.049291	0.885839	-0.005134	0.057056	-0.026028	-0.080253	0.019316	0.036319
1782895755.169018	0.602385	-0.049695	0.886621	-0.006113	0.057952	-0.027630	-0.086805	0.023135	0.031493
1782895755.205213	0.600220	-0.050380	0.886966	-0.001497	0.061927	-0.029365	-0.079931	0.021312	0.001980
1782895755.243699	0.598832	-0.050544	0.886749	-0.002173	0.064216	-0.029914	-0.068697	0.020034	-0.006620
1782895755.283167	0.597226	-0.051206	0.885970	0.001182	0.065045	-0.029781	-0.062236	0.015192	-0.027202
1782895755.326376	0.595993	-0.051314	0.885297	0.000724	0.065838	-0.031883	-0.061674	0.022302	-0.015596
1782895755.362826	0.594471	-0.051739	0.884591	-0.000153	0.065453	-0.030258	-0.057075	0.022930	-0.028004
1782895755.398411	0.592984	-0.051806	0.884144	-0.004301	0.064558	-0.032319	-0.048017	0.019847	-0.007873
1782895755.441043	0.592497	-0.052129	0.884152	-0.007731	0.063340	-0.032858	-0.054549	0.025016	-0.010441
1782895755.478868	0.590950	-0.052510	0.884665	-0.007447	0.060577	-0.033500	-0.051746	0.026421	0.007924
1782895755.516054	0.590239	-0.052668	0.885131	-0.005597	0.059765	-0.035397	-0.044993	0.025155	0.017994
1782895755.553935	0.589452	-0.052982	0.885494	-0.003872	0.057416	-0.034968	-0.047525	0.026448	0.015094
1782895755.606632	0.588633	-0.053377	0.886365	-0.000345	0.056888	-0.036599	-0.042472	0.025629	0.008862
1782895755.686334	0.587625	-0.053623	0.887077	-0.003567	0.057034	-0.037575	-0.037201	0.020557	0.029289
1782895755.733931	0.586140	-0.054290	0.888412	0.000302	0.056543	-0.038084	-0.032664	0.022431	0.009853
1782895755.777533	0.585236	-0.054776	0.888743	-0.000772	0.057882	-0.041355	-0.026769	0.020248	0.000437
1782895755.811303	0.584636	-0.055400	0.888689	-0.008266	0.060073	-0.043325	-0.031082	0.021955	-0.002852
1782895755.850011	0.584028	-0.055723	0.888283	-0.009681	0.061534	-0.044662	-0.024891	0.023595	-0.002037
1782895755.884969	0.583498	-0.056258	0.887763	-0.008646	0.058408	-0.044652	-0.021801	0.025850	-0.008846
1782895755.921827	0.583226	-0.056285	0.887530	-0.004369	0.056990	-0.045462	-0.014270	0.022132	-0.005713
1782895755.970315	0.582886	-0.056670	0.887180	-0.003452	0.056072	-0.044798	-0.016400	0.030148	-0.006101
1782895756.011241	0.582651	-0.056591	0.887384	-0.004627	0.056866	-0.046512	-0.011336	0.030697	-0.003232
1782895756.057509	0.582483	-0.056613	0.887757	-0.009715	0.055435	-0.046044	-0.008403	0.029381	0.010131
1782895756.088969	0.582506	-0.056395	0.888659	-0.011280	0.057176	-0.047726	-0.001995	0.036407	0.013542
1782895756.123633	0.582400	-0.056305	0.889179	-0.014023	0.058623	-0.048659	-0.008625	0.043269	0.021876
1782895756.166191	0.582409	-0.055973	0.890369	-0.006737	0.054154	-0.051420	0.003330	0.040564	0.011133
1782895756.201789	0.582428	-0.055568	0.891173	-0.004737	0.051551	-0.052082	-0.004001	0.047770	0.007257
1782895756.235191	0.582551	-0.055060	0.891507	-0.003530	0.052363	-0.054358	0.002572	0.047650	0.001250
1782895756.275381	0.582542	-0.054475	0.891547	-0.004046	0.052922	-0.054696	0.002258	0.051466	-0.001683
1782895756.320673	0.582631	-0.053532	0.891488	-0.006727	0.056556	-0.056739	0.005322	0.048104	-0.001065
1782895756.358013	0.582935	-0.052538	0.891383	-0.004381	0.056792	-0.056948	0.004526	0.051598	0.003711
1782895756.390619	0.582917	-0.051986	0.891088	0.001342	0.054432	-0.056426	0.001253	0.054612	-0.009654
1782895756.435399	0.583053	-0.051302	0.891129	0.003115	0.055136	-0.058960	0.007364	0.049432	-0.019543
