时间(s)	位置x(m)	位置y(m)	位置z(m)	欧拉角roll(rad)	欧拉角pitch(rad)	欧拉角yaw(rad)	速度x(m/s)	速度y(m/s)	速度z(m/s)
1782895651.808286	-0.565027	-0.007077	1.287767	0.004477	0.006487	0.013089	0.013983	-0.011780	0.011056
1782895651.811688	-0.565027	-0.007077	1.287767	0.004477	0.006487	0.013089	0.013983	-0.011780	0.011056
1782895651.815573	-0.565027	-0.007077	1.287767	0.004477	0.006487	0.013089	0.013983	-0.011780	0.011056
1782895651.826352	-0.565027	-0.007077	1.287767	0.004477	0.006487	0.013089	0.016569	-0.014823	0.016340
1782895651.836056	-0.564742	-0.007230	1.288314	0.005839	0.004813	0.012935	0.015027	-0.012641	0.016678
1782895651.845235	-0.564478	-0.007246	1.288568	0.005480	0.006292	0.012716	0.015027	-0.012641	0.016678
1782895651.854468	-0.564363	-0.007138	1.288775	0.008731	0.005008	0.015867	0.022995	-0.017737	0.026310
1782895651.865790	-0.564333	-0.006961	1.288946	0.007857	0.004830	0.020652	0.022995	-0.017737	0.026310
1782895651.875115	-0.564291	-0.007025	1.289282	0.006515	0.005966	0.023260	0.020764	-0.016825	0.024879
1782895651.887976	-0.564122	-0.006932	1.289606	0.006499	0.006969	0.024961	0.020764	-0.016825	0.024879
1782895651.894747	-0.564122	-0.006932	1.289606	0.006499	0.006969	0.024961	0.019734	-0.013922	0.036594
1782895651.904530	-0.563851	-0.007002	1.289980	0.004525	0.008341	0.028381	0.019734	-0.013922	0.036594
1782895651.917074	-0.563638	-0.006836	1.290402	0.004489	0.009051	0.031362	0.028393	-0.020095	0.045780
1782895651.929751	-0.563368	-0.006678	1.291015	0.007812	0.009817	0.034452	0.028393	-0.020095	0.045780
1782895651.937035	-0.563402	-0.006520	1.291425	0.009155	0.008639	0.037638	0.024397	-0.015888	0.038321
1782895651.945593	-0.563226	-0.006619	1.292065	0.004344	0.010453	0.041355	0.024397	-0.015888	0.038321
1782895651.955596	-0.563226	-0.006619	1.292065	0.004344	0.010453	0.041355	0.025351	-0.016902	0.051359
1782895651.966416	-0.562935	-0.006419	1.293198	0.009660	0.007428	0.047529	0.025351	-0.016902	0.051359
1782895651.974296	-0.562680	-0.006268	1.293611	0.009946	0.008297	0.048965	0.031953	-0.014237	0.039358
1782895651.984597	-0.562385	-0.006039	1.294021	0.006787	0.008957	0.052347	0.031953	-0.014237	0.039358
1782895651.995242	-0.562263	-0.006003	1.294325	0.004044	0.009680	0.054996	0.030309	-0.016709	0.030875
1782895652.004031	-0.562263	-0.006003	1.294325	0.004044	0.009680	0.054996	0.030309	-0.016709	0.030875
1782895652.015636	-0.561936	-0.005971	1.294678	0.006757	0.007874	0.059547	0.026595	-0.016266	0.031167
1782895652.024027	-0.561699	-0.005916	1.294918	0.006265	0.007565	0.062569	0.026595	-0.016266	0.031167
1782895652.034010	-0.561485	-0.005844	1.295180	0.006835	0.008059	0.064785	0.029776	-0.015732	0.026131
1782895652.044479	-0.561303	-0.005883	1.295550	0.008793	0.009281	0.068713	0.029776	-0.015732	0.026131
1782895652.054546	-0.560959	-0.005478	1.295747	0.013970	0.009074	0.070938	0.033495	-0.016748	0.025997
1782895652.064801	-0.560728	-0.005342	1.296035	0.008184	0.008861	0.074919	0.033495	-0.016748	0.025997
1782895652.073845	-0.560393	-0.005200	1.296315	0.005311	0.009064	0.077757	0.032487	-0.014614	0.018620
1782895652.084181	-0.560120	-0.005241	1.296462	0.008318	0.008469	0.081343	0.032487	-0.014614	0.018620
1782895652.096622	-0.559730	-0.005066	1.296426	0.007013	0.008733	0.084058	0.034460	-0.011751	0.018053
1782895652.105739	-0.559730	-0.005066	1.296426	0.007013	0.008733	0.084058	0.034460	-0.011751	0.018053
1782895652.115885	-0.559440	-0.004879	1.296558	0.007222	0.009995	0.087933	0.042898	-0.014143	0.009099
1782895652.124556	-0.559061	-0.004729	1.296757	0.008696	0.009802	0.090545	0.042898	-0.014143	0.009099
1782895652.136350	-0.558846	-0.004582	1.296922	0.005965	0.010268	0.093624	0.049283	-0.018051	0.011537
1782895652.144259	-0.558435	-0.004471	1.297056	0.005109	0.009395	0.097533	0.049283	-0.018051	0.011537
1782895652.155476	-0.558297	-0.004374	1.297281	0.003590	0.008822	0.101342	0.042690	-0.012642	0.000271
1782895652.164590	-0.557871	-0.004240	1.297279	0.003049	0.007803	0.105212	0.042690	-0.012642	0.000271
1782895652.176847	-0.557441	-0.003975	1.297471	0.004477	0.008070	0.107933	0.049357	-0.016338	0.009827
1782895652.185822	-0.557142	-0.003908	1.297474	0.005460	0.008116	0.111674	0.049357	-0.016338	0.009827
1782895652.195694	-0.556751	-0.003791	1.297655	0.004710	0.009345	0.114104	0.049912	-0.019191	0.001793
1782895652.204677	-0.556751	-0.003791	1.297655	0.004710	0.009345	0.114104	0.049912	-0.019191	0.001793
1782895652.215931	-0.556356	-0.003530	1.297844	0.002433	0.008996	0.116381	0.046631	-0.013778	0.004294
1782895652.224222	-0.555795	-0.003503	1.297918	0.007134	0.005307	0.122022	0.046631	-0.013778	0.004294
1782895652.234581	-0.555443	-0.003403	1.297962	0.009189	0.005014	0.126108	0.053644	-0.018974	0.017337
1782895652.244545	-0.555180	-0.003110	1.298051	0.009071	0.004116	0.129062	0.053644	-0.018974	0.017337
1782895652.255162	-0.554697	-0.003108	1.298292	0.006365	0.006066	0.132836	0.049721	-0.017139	0.005782
1782895652.265931	-0.554138	-0.003026	1.298546	0.006062	0.006957	0.136971	0.049721	-0.017139	0.005782
1782895652.274194	-0.553829	-0.002838	1.298712	0.008763	0.005971	0.139614	0.050632	-0.013698	0.022123
1782895652.284194	-0.553433	-0.002747	1.298736	0.001360	0.007946	0.142564	0.050632	-0.013698	0.022123
1782895652.294960	-0.552892	-0.002467	1.298970	0.008594	0.005871	0.146762	0.055097	-0.020665	0.022204
1782895652.304309	-0.552892	-0.002467	1.298970	0.008594	0.005871	0.146762	0.055097	-0.020665	0.022204
1782895652.316912	-0.552337	-0.002234	1.299268	0.010143	0.005571	0.149612	0.050898	-0.015222	0.015547
1782895652.324356	-0.551976	-0.002151	1.299561	0.009021	0.005617	0.153178	0.050898	-0.015222	0.015547
1782895652.334456	-0.551621	-0.002124	1.299780	0.004792	0.005667	0.157003	0.056150	-0.018100	0.024086
1782895652.344279	-0.551169	-0.002027	1.299954	0.009927	0.004816	0.161294	0.056150	-0.018100	0.024086
1782895652.354213	-0.550629	-0.001805	1.300047	0.004729	0.006308	0.165268	0.057340	-0.021815	0.017437
1782895652.366609	-0.550094	-0.001656	1.300188	0.008338	0.005390	0.167952	0.057340	-0.021815	0.017437
1782895652.376419	-0.549546	-0.001616	1.300283	0.010421	0.005188	0.170722	0.055353	-0.018587	0.010083
1782895652.385259	-0.548929	-0.001266	1.300626	0.007219	0.006317	0.174242	0.055353	-0.018587	0.010083
1782895652.397196	-0.548585	-0.001175	1.300726	0.006625	0.005691	0.177376	0.062283	-0.020376	0.013444
1782895652.404810	-0.548585	-0.001175	1.300726	0.006625	0.005691	0.177376	0.062283	-0.020376	0.013444
1782895652.419164	-0.547948	-0.001098	1.300764	0.006901	0.004980	0.182872	0.061518	-0.024512	0.006975
1782895652.425632	-0.547622	-0.001196	1.300813	0.006953	0.005593	0.186990	0.061518	-0.024512	0.006975
1782895652.436000	-0.547055	-0.001086	1.300883	0.009875	0.005009	0.189919	0.062726	-0.024416	0.003726
1782895652.444627	-0.546594	-0.000881	1.300867	0.007681	0.004619	0.194481	0.062726	-0.024416	0.003726
1782895652.454500	-0.546010	-0.000613	1.300918	0.011853	0.002956	0.197291	0.068618	-0.024998	-0.002334
1782895652.464263	-0.545464	-0.000456	1.300960	0.009378	0.003019	0.198788	0.068618	-0.024998	-0.002334
1782895652.474742	-0.544913	-0.000464	1.300983	0.011980	0.002114	0.204009	0.065537	-0.026346	-0.010810
1782895652.484717	-0.544385	-0.000419	1.300891	0.004981	0.003075	0.207070	0.065537	-0.026346	-0.010810
1782895652.495127	-0.543915	-0.000176	1.300863	0.006094	0.003307	0.211449	0.068521	-0.028402	-0.002717
1782895652.504673	-0.543915	-0.000176	1.300863	0.006094	0.003307	0.211449	0.068521	-0.028402	-0.002717
1782895652.516939	-0.543502	-0.000141	1.300824	0.006935	0.002119	0.214705	0.068461	-0.025783	-0.011741
1782895652.525241	-0.542869	-0.000211	1.300602	0.011194	0.000856	0.218128	0.068461	-0.025783	-0.011741
1782895652.535664	-0.542110	-0.000086	1.300704	0.011814	0.000359	0.221933	0.059276	-0.024644	-0.014317
1782895652.544156	-0.541868	0.000130	1.300687	0.012279	0.000416	0.224393	0.059276	-0.024644	-0.014317
1782895652.554167	-0.541149	0.000159	1.300484	0.010808	0.001347	0.227076	0.061988	-0.028353	-0.004410
1782895652.564294	-0.540629	0.000202	1.300279	0.010890	0.000898	0.230623	0.061988	-0.028353	-0.004410
1782895652.575397	-0.540186	0.000135	1.300079	0.011474	-0.000180	0.233793	0.063659	-0.030536	-0.019463
1782895652.585399	-0.539609	0.000349	1.299773	0.009921	-0.001295	0.237703	0.063659	-0.030536	-0.019463
1782895652.596829	-0.539609	0.000349	1.299773	0.009921	-0.001295	0.237703	0.056191	-0.025195	-0.014853
1782895652.605476	-0.539013	0.000445	1.299521	0.011139	-0.002580	0.241192	0.056191	-0.025195	-0.014853
1782895652.617113	-0.538436	0.000408	1.299278	0.007749	-0.000343	0.243903	0.063331	-0.030637	-0.003945
1782895652.624779	-0.537853	0.000519	1.299105	0.007238	-0.000754	0.246687	0.063331	-0.030637	-0.003945
1782895652.636140	-0.537323	0.000522	1.298865	0.007605	-0.001450	0.250648	0.058863	-0.027190	-0.019836
1782895652.644272	-0.536810	0.000638	1.298685	0.006218	-0.001542	0.254805	0.058863	-0.027190	-0.019836
1782895652.654653	-0.536350	0.000751	1.298614	0.007161	-0.001151	0.255186	0.060485	-0.028482	-0.003115
1782895652.664634	-0.535683	0.000822	1.298416	0.009482	-0.002878	0.259244	0.060485	-0.028482	-0.003115
1782895652.674334	-0.535134	0.000642	1.298287	0.007688	-0.002723	0.262868	0.061750	-0.033900	-0.003417
1782895652.685210	-0.534679	0.000910	1.298277	0.007403	-0.002559	0.266514	0.061750	-0.033900	-0.003417
1782895652.696577	-0.534190	0.000820	1.298157	0.007036	-0.001605	0.270734	0.060167	-0.029097	-0.004302
1782895652.704183	-0.534190	0.000820	1.298157	0.007036	-0.001605	0.270734	0.060167	-0.029097	-0.004302
1782895652.714731	-0.533667	0.000906	1.297968	0.009302	-0.002936	0.274523	0.064515	-0.031252	0.000287
1782895652.724294	-0.533239	0.000966	1.298010	0.008956	-0.003344	0.276991	0.064515	-0.031252	0.000287
1782895652.736382	-0.532704	0.000965	1.298034	0.009636	-0.002692	0.280032	0.060861	-0.031785	0.001232
1782895652.744703	-0.532171	0.000983	1.298077	0.006032	-0.002694	0.283264	0.060861	-0.031785	0.001232
1782895652.754272	-0.531518	0.000987	1.298054	0.011952	-0.004144	0.286081	0.062000	-0.029835	0.009032
1782895652.764553	-0.531066	0.001041	1.298179	0.012901	-0.003635	0.288288	0.062000	-0.029835	0.009032
1782895652.775476	-0.530700	0.001136	1.298258	0.009326	-0.003670	0.291678	0.058938	-0.031835	0.003852
1782895652.784448	-0.530212	0.001048	1.298291	0.011141	-0.004651	0.295275	0.058938	-0.031835	0.003852
1782895652.794843	-0.529636	0.001130	1.298477	0.007530	-0.004046	0.298682	0.055419	-0.031071	0.008568
1782895652.804306	-0.529636	0.001130	1.298477	0.007530	-0.004046	0.298682	0.055419	-0.031071	0.008568
1782895652.814962	-0.529260	0.001257	1.298528	0.006800	-0.004101	0.302151	0.058525	-0.027939	0.004354
1782895652.824231	-0.528736	0.001095	1.298603	0.006726	-0.004752	0.306015	0.058525	-0.027939	0.004354
1782895652.835598	-0.528272	0.001246	1.298400	0.005805	-0.004439	0.308926	0.049936	-0.027930	0.002899
1782895652.845931	-0.527814	0.001353	1.298586	0.007191	-0.005131	0.310540	0.049936	-0.027930	0.002899
1782895652.855711	-0.527241	0.001386	1.298550	0.006805	-0.003860	0.313935	0.049892	-0.028470	0.008363
1782895652.864786	-0.526827	0.001398	1.298716	0.004434	-0.003734	0.315372	0.049892	-0.028470	0.008363
1782895652.875674	-0.526434	0.001248	1.298614	0.005920	-0.003615	0.319402	0.050810	-0.026675	-0.002174
1782895652.885806	-0.526058	0.001268	1.298457	0.006084	-0.005180	0.321292	0.050810	-0.026675	-0.002174
1782895652.895535	-0.525599	0.001327	1.298325	0.004695	-0.005556	0.324525	0.042747	-0.023287	-0.005627
1782895652.904824	-0.525599	0.001327	1.298325	0.004695	-0.005556	0.324525	0.042747	-0.023287	-0.005627
1782895652.914798	-0.525132	0.001299	1.298215	0.003051	-0.006338	0.327759	0.046812	-0.026299	-0.000025
1782895652.924127	-0.524721	0.001368	1.298039	0.002465	-0.004898	0.329606	0.046812	-0.026299	-0.000025
1782895652.935009	-0.524239	0.001443	1.297886	0.004933	-0.005511	0.332292	0.049552	-0.026237	-0.015615
1782895652.944060	-0.523915	0.001430	1.297744	0.005950	-0.004638	0.334223	0.049552	-0.026237	-0.015615
1782895652.954087	-0.523445	0.001448	1.297472	0.007972	-0.006997	0.337397	0.042079	-0.021677	-0.023173
1782895652.967895	-0.522969	0.001518	1.297226	0.007216	-0.005631	0.338856	0.042079	-0.021677	-0.023173
1782895652.975938	-0.522722	0.001530	1.296871	0.005131	-0.006780	0.342637	0.046241	-0.025050	-0.011172
1782895652.985342	-0.522286	0.001631	1.296617	0.003424	-0.007245	0.346082	0.046241	-0.025050	-0.011172
1782895652.995791	-0.522286	0.001631	1.296617	0.003424	-0.007245	0.346082	0.046729	-0.024146	-0.027819
1782895653.004823	-0.521992	0.001609	1.296368	0.000947	-0.006482	0.348352	0.046729	-0.024146	-0.027819
1782895653.017042	-0.521606	0.001700	1.296128	0.003833	-0.005964	0.351266	0.040888	-0.018663	-0.019911
1782895653.024936	-0.521297	0.001838	1.296080	0.004537	-0.005792	0.352697	0.040888	-0.018663	-0.019911
1782895653.036763	-0.520775	0.001892	1.295841	0.008736	-0.006509	0.355069	0.047258	-0.024644	-0.009337
1782895653.046293	-0.520427	0.001865	1.295654	0.009597	-0.006801	0.358370	0.047258	-0.024644	-0.009337
1782895653.056344	-0.520167	0.001928	1.295671	0.008914	-0.007350	0.360284	0.040339	-0.018772	-0.011847
1782895653.064816	-0.519772	0.002012	1.295669	0.007693	-0.007875	0.363393	0.040339	-0.018772	-0.011847
1782895653.074985	-0.519772	0.002012	1.295669	0.007693	-0.007875	0.363393	0.044168	-0.020409	0.016786
1782895653.085317	-0.519164	0.001941	1.295609	0.004779	-0.008414	0.369152	0.044168	-0.020409	0.016786
1782895653.094183	-0.518916	0.002036	1.295785	0.003233	-0.008666	0.371588	0.039670	-0.019055	0.005859
1782895653.103826	-0.518916	0.002036	1.295785	0.003233	-0.008666	0.371588	0.039670	-0.019055	0.005859
1782895653.114504	-0.518642	0.002078	1.295995	0.005287	-0.006576	0.375412	0.037607	-0.014615	0.028482
1782895653.125611	-0.518340	0.002223	1.296258	0.007116	-0.007777	0.378572	0.037607	-0.014615	0.028482
1782895653.134027	-0.518077	0.002428	1.296576	0.003173	-0.007092	0.381095	0.039016	-0.018373	0.031068
1782895653.143913	-0.517738	0.002484	1.296993	0.004608	-0.007209	0.383472	0.039016	-0.018373	0.031068
1782895653.154261	-0.517582	0.002612	1.297239	0.006627	-0.006716	0.385137	0.032198	-0.010636	0.029932
1782895653.164294	-0.517395	0.002740	1.297614	0.006014	-0.003983	0.387390	0.032198	-0.010636	0.029932
1782895653.176734	-0.517135	0.002786	1.298035	0.002741	-0.002695	0.390422	0.036661	-0.015258	0.036593
1782895653.184214	-0.516648	0.002839	1.298316	0.000279	-0.003185	0.393554	0.036661	-0.015258	0.036593
1782895653.194630	-0.516648	0.002839	1.298316	0.000279	-0.003185	0.393554	0.033007	-0.013895	0.029215
1782895653.205101	-0.516443	0.002942	1.298548	0.000856	-0.003771	0.396524	0.033007	-0.013895	0.029215
1782895653.214131	-0.516189	0.002980	1.298897	0.005284	-0.003709	0.399883	0.032274	-0.009005	0.029291
1782895653.224672	-0.516060	0.003032	1.299143	0.006472	-0.003881	0.402822	0.032274	-0.009005	0.029291
1782895653.234891	-0.515828	0.003087	1.299465	0.008904	-0.003987	0.405554	0.034320	-0.010902	0.020245
1782895653.244741	-0.515697	0.003097	1.299770	0.007568	-0.002586	0.407659	0.034320	-0.010902	0.020245
1782895653.255244	-0.515328	0.003360	1.300045	0.006211	-0.001583	0.408926	0.029031	-0.010232	0.018994
1782895653.265539	-0.515098	0.003589	1.300086	0.005873	-0.001957	0.412138	0.029031	-0.010232	0.018994
1782895653.274618	-0.514926	0.003709	1.300143	0.002165	-0.001907	0.416136	0.032504	-0.010374	0.013922
1782895653.285537	-0.514743	0.003656	1.300320	0.003779	-0.002381	0.419435	0.032504	-0.010374	0.013922
1782895653.294544	-0.514522	0.003677	1.300277	0.003225	-0.001717	0.422907	0.032240	-0.010200	-0.002093
1782895653.304674	-0.514522	0.003677	1.300277	0.003225	-0.001717	0.422907	0.032240	-0.010200	-0.002093
1782895653.316029	-0.514368	0.003876	1.300229	0.002788	-0.000925	0.424237	0.024256	-0.005703	-0.005444
1782895653.326249	-0.514096	0.004024	1.300217	0.004487	-0.000441	0.424514	0.024256	-0.005703	-0.005444
1782895653.335938	-0.513919	0.004218	1.300060	0.007490	-0.001512	0.427649	0.030974	-0.009657	-0.003200
1782895653.346148	-0.513711	0.004376	1.299975	0.006601	-0.000876	0.429199	0.030974	-0.009657	-0.003200
1782895653.354219	-0.513379	0.004303	1.299836	0.005253	-0.003092	0.432489	0.034744	-0.011891	-0.018760
1782895653.364911	-0.513182	0.004370	1.299701	0.005881	-0.004256	0.436017	0.034744	-0.011891	-0.018760
1782895653.375079	-0.513009	0.004524	1.299391	0.004557	-0.001467	0.437645	0.026368	-0.004274	-0.024129
1782895653.384553	-0.512772	0.004808	1.299170	0.004514	-0.000406	0.439401	0.026368	-0.004274	-0.024129
1782895653.395150	-0.512772	0.004808	1.299170	0.004514	-0.000406	0.439401	0.031991	-0.008004	-0.012263
1782895653.404208	-0.512574	0.004949	1.298865	0.005335	-0.001383	0.441807	0.031991	-0.008004	-0.012263
1782895653.415555	-0.512144	0.005078	1.298666	0.002992	-0.001064	0.444922	0.032758	-0.009058	-0.025973
1782895653.424595	-0.511901	0.005169	1.298516	0.006435	-0.000838	0.446226	0.032758	-0.009058	-0.025973
1782895653.436242	-0.511751	0.005292	1.298403	0.008197	-0.000383	0.448319	0.029067	-0.002619	-0.014970
1782895653.444590	-0.511402	0.005436	1.298183	0.008496	-0.001911	0.450696	0.029067	-0.002619	-0.014970
1782895653.455057	-0.511310	0.005520	1.298073	0.008581	-0.001445	0.451922	0.032400	-0.005385	-0.012922
1782895653.464544	-0.511067	0.005717	1.297858	0.007847	-0.003365	0.454998	0.032400	-0.005385	-0.012922
1782895653.475732	-0.510912	0.005662	1.297591	0.006213	-0.002298	0.459633	0.032400	-0.005385	-0.012922
1782895653.484760	-0.510776	0.005899	1.297637	0.006508	-0.002856	0.462543	0.028566	-0.005201	-0.011172
1782895653.494945	-0.510444	0.006158	1.297776	0.002246	-0.001830	0.463790	0.032318	-0.003159	-0.004122
1782895653.504273	-0.510444	0.006158	1.297776	0.002246	-0.001830	0.463790	0.032318	-0.003159	-0.004122
1782895653.514211	-0.510225	0.006419	1.297742	0.002325	-0.001303	0.466233	0.032318	-0.003159	-0.004122
1782895653.524490	-0.510097	0.006549	1.297815	0.002825	-0.001653	0.467140	0.027302	-0.003559	-0.000767
1782895653.537869	-0.509769	0.006713	1.297919	0.001893	-0.000790	0.467908	0.027302	-0.003559	-0.000767
1782895653.545936	-0.509769	0.006713	1.297919	0.001893	-0.000790	0.467908	0.032200	-0.003713	0.013691
1782895653.554911	-0.509352	0.006867	1.297869	0.004313	-0.002508	0.474348	0.029291	-0.000245	-0.003641
1782895653.564544	-0.509182	0.006993	1.297945	0.004921	-0.002134	0.475763	0.029291	-0.000245	-0.003641
1782895653.574646	-0.508986	0.007106	1.298107	0.009878	-0.003593	0.478758	0.025642	0.000483	0.010273
1782895653.584274	-0.508782	0.007171	1.298142	0.009548	-0.005023	0.482157	0.025642	0.000483	0.010273
1782895653.596769	-0.508782	0.007171	1.298142	0.009548	-0.005023	0.482157	0.031857	-0.003826	0.007473
1782895653.604946	-0.508547	0.007477	1.298440	0.009471	-0.006153	0.484424	0.031857	-0.003826	0.007473
1782895653.615143	-0.508500	0.007595	1.298482	0.006958	-0.006049	0.485378	0.024346	0.001208	-0.003029
1782895653.624695	-0.508276	0.007710	1.298626	0.005573	-0.006184	0.487826	0.024346	0.001208	-0.003029
1782895653.634665	-0.508126	0.007874	1.298687	0.003343	-0.004847	0.488772	0.025540	0.000109	0.010925
1782895653.645253	-0.507928	0.008023	1.298732	0.001824	-0.004278	0.490996	0.025540	0.000109	0.010925
1782895653.656939	-0.507793	0.008185	1.298792	0.004706	-0.005081	0.493426	0.028383	-0.002794	0.003980
1782895653.664154	-0.507494	0.008356	1.298831	0.008952	-0.006829	0.494741	0.028383	-0.002794	0.003980
1782895653.702241	-0.507080	0.008703	1.299179	0.012197	-0.007902	0.502517	0.026731	0.000105	0.009780
1782895653.705862	-0.507080	0.008703	1.299179	0.012197	-0.007902	0.502517	0.026731	0.000105	0.009780
1782895653.716603	-0.506903	0.008717	1.299423	0.007711	-0.006607	0.504195	0.026731	0.000105	0.009780
1782895653.725661	-0.506735	0.008820	1.299556	0.005897	-0.005994	0.506018	0.023254	-0.000573	0.014632
1782895653.735478	-0.506401	0.009078	1.299791	0.009523	-0.006595	0.507797	0.023254	-0.000573	0.014632
1782895653.745714	-0.506235	0.009204	1.299880	0.009370	-0.006501	0.510166	0.020795	0.003778	0.011124
1782895653.757195	-0.506109	0.009573	1.299996	0.006490	-0.005337	0.512473	0.023435	-0.000316	0.012397
1782895653.766234	-0.506081	0.009814	1.300275	0.010102	-0.007189	0.514212	0.018254	0.002498	0.010334
1782895653.775445	-0.505833	0.009767	1.300335	0.007615	-0.006517	0.516328	0.018254	0.002498	0.010334
1782895653.785589	-0.505767	0.009901	1.300458	0.007142	-0.006505	0.518373	0.018254	0.002498	0.010334
1782895653.795558	-0.505644	0.009955	1.300631	0.008315	-0.006615	0.520189	0.018254	0.002498	0.010334
1782895653.805851	-0.505644	0.009955	1.300631	0.008315	-0.006615	0.520189	0.020193	0.003986	0.012994
1782895653.816143	-0.505581	0.010174	1.300823	0.006627	-0.004333	0.521169	0.019330	0.002611	0.009448
1782895653.825571	-0.505352	0.010413	1.301022	0.003467	-0.004431	0.523418	0.019330	0.002611	0.009448
1782895653.835489	-0.505120	0.010660	1.301103	0.004627	-0.004007	0.526101	0.016332	0.003787	0.008578
1782895653.845568	-0.505058	0.010738	1.301140	0.004102	-0.002742	0.527976	0.016332	0.003787	0.008578
1782895653.855173	-0.504880	0.010876	1.301324	0.002215	-0.002340	0.530486	0.018478	0.004353	0.003766
1782895653.867314	-0.504752	0.010851	1.301360	0.003241	-0.001982	0.533067	0.013636	0.002801	-0.003089
1782895653.875272	-0.504647	0.011012	1.301239	0.009587	-0.003388	0.535082	0.013636	0.002801	-0.003089
1782895653.885312	-0.504678	0.011219	1.301252	0.010323	-0.003611	0.536235	0.013636	0.002801	-0.003089
1782895653.896644	-0.504678	0.011219	1.301252	0.010323	-0.003611	0.536235	0.012111	0.003344	0.001486
1782895653.905946	-0.504535	0.011325	1.301237	0.009890	-0.002900	0.536747	0.012111	0.003344	0.001486
1782895653.917255	-0.504405	0.011441	1.301239	0.008778	-0.001972	0.537676	0.016719	0.002585	-0.004949
1782895653.925575	-0.504274	0.011580	1.301152	0.008674	-0.002327	0.539354	0.016719	0.002585	-0.004949
1782895653.936513	-0.504129	0.011695	1.301015	0.009500	-0.002342	0.543711	0.023840	0.000883	-0.013539
1782895653.945781	-0.503817	0.011746	1.300856	0.010468	-0.003897	0.546654	0.023840	0.000883	-0.013539
1782895653.955596	-0.503744	0.011914	1.300750	0.008243	-0.003464	0.548252	0.011921	0.002893	-0.006049
1782895653.966135	-0.503546	0.012079	1.300581	0.011179	-0.002855	0.548621	0.011921	0.002893	-0.006049
1782895653.977738	-0.503418	0.012234	1.300624	0.011138	-0.003216	0.549298	0.018144	0.000415	-0.012308
1782895653.985663	-0.503297	0.012492	1.300408	0.010363	-0.002461	0.549991	0.018144	0.000415	-0.012308
1782895653.996364	-0.503160	0.012493	1.300099	0.009532	-0.001348	0.550946	0.020783	-0.000199	-0.023297
1782895654.005611	-0.503160	0.012493	1.300099	0.009532	-0.001348	0.550946	0.020783	-0.000199	-0.023297
1782895654.019518	-0.503049	0.012629	1.299898	0.009753	-0.001865	0.552721	0.011078	0.003376	-0.019851
1782895654.026997	-0.502852	0.012828	1.299627	0.008655	-0.002594	0.555622	0.011078	0.003376	-0.019851
1782895654.036624	-0.502571	0.012834	1.299218	0.011917	-0.004296	0.557916	0.019450	-0.001497	-0.015850
1782895654.045620	-0.502417	0.013002	1.299056	0.010878	-0.004726	0.559096	0.019450	-0.001497	-0.015850
1782895654.055826	-0.502190	0.013201	1.298820	0.008399	-0.004261	0.560030	0.014386	0.001317	-0.033106
1782895654.069078	-0.502219	0.013351	1.298721	0.009181	-0.004329	0.560940	0.014386	0.001317	-0.033106
1782895654.077829	-0.502089	0.013539	1.298503	0.006767	-0.003298	0.561685	0.011114	0.004331	-0.025549
1782895654.086909	-0.502016	0.013590	1.298254	0.007756	-0.004237	0.564168	0.011114	0.004331	-0.025549
1782895654.102779	-0.501880	0.013512	1.298087	0.009515	-0.005868	0.567026	0.016867	-0.001149	-0.006766
1782895654.107683	-0.501880	0.013512	1.298087	0.009515	-0.005868	0.567026	0.016867	-0.001149	-0.006766
1782895654.122218	-0.501707	0.013645	1.297993	0.009033	-0.005855	0.567337	0.016867	-0.001149	-0.006766
1782895654.128364	-0.501707	0.013645	1.297993	0.009033	-0.005855	0.567337	0.012925	0.002097	-0.018534
1782895654.137569	-0.501374	0.013701	1.297910	0.009058	-0.006198	0.571881	0.013079	0.002520	0.006566
1782895654.145827	-0.501278	0.013873	1.297927	0.009814	-0.006067	0.573765	0.013079	0.002520	0.006566
1782895654.156637	-0.501102	0.013936	1.298065	0.008163	-0.004509	0.573412	0.016717	-0.004132	0.007599
1782895654.165961	-0.500839	0.014070	1.298100	0.009670	-0.003431	0.576042	0.016717	-0.004132	0.007599
1782895654.175198	-0.500794	0.014255	1.298404	0.009154	-0.003241	0.577069	0.010669	0.002829	0.014411
1782895654.186143	-0.500649	0.014290	1.298585	0.012701	-0.003936	0.578151	0.010669	0.002829	0.014411
1782895654.195831	-0.500490	0.014383	1.299074	0.010149	-0.002911	0.580586	0.016829	-0.002633	0.031395
1782895654.205548	-0.500490	0.014383	1.299074	0.010149	-0.002911	0.580586	0.016829	-0.002633	0.031395
1782895654.215205	-0.500448	0.014623	1.299505	0.015585	-0.006331	0.583368	0.013561	-0.000077	0.019248
1782895654.225507	-0.500223	0.014609	1.299921	0.012983	-0.006359	0.584413	0.013561	-0.000077	0.019248
1782895654.237735	-0.500011	0.014519	1.300031	0.013486	-0.006237	0.587035	0.011848	0.002400	0.033173
1782895654.246443	-0.499862	0.014490	1.300291	0.014389	-0.006130	0.589051	0.011848	0.002400	0.033173
1782895654.255530	-0.499778	0.014582	1.300639	0.010922	-0.004849	0.590207	0.015608	-0.003797	0.029306
1782895654.265738	-0.499603	0.014701	1.300851	0.013234	-0.004561	0.591191	0.015608	-0.003797	0.029306
1782895654.275593	-0.499463	0.014998	1.301293	0.010078	-0.004056	0.593344	0.010650	-0.000506	0.017207
1782895654.287431	-0.499235	0.015159	1.301647	0.010786	-0.005479	0.594614	0.010650	-0.000506	0.017207
1782895654.296953	-0.499084	0.015104	1.301889	0.010537	-0.006144	0.596435	0.008769	0.001345	0.018836
1782895654.305803	-0.499084	0.015104	1.301889	0.010537	-0.006144	0.596435	0.008769	0.001345	0.018836
1782895654.315710	-0.499027	0.015080	1.301953	0.011088	-0.006593	0.598864	0.011819	-0.002175	0.009631
1782895654.325679	-0.498739	0.015036	1.302112	0.012200	-0.006851	0.600427	0.011819	-0.002175	0.009631
1782895654.337164	-0.498574	0.015106	1.302166	0.014622	-0.005567	0.602398	0.006188	-0.000635	0.004019
1782895654.345999	-0.498547	0.015169	1.302319	0.014927	-0.004619	0.602531	0.006188	-0.000635	0.004019
1782895654.355707	-0.498369	0.015266	1.302405	0.015632	-0.004196	0.603854	0.008035	0.000840	0.000517
1782895654.365818	-0.498261	0.015368	1.302491	0.011541	-0.003188	0.605839	0.008035	0.000840	0.000517
1782895654.377981	-0.498065	0.015315	1.302394	0.012609	-0.001825	0.607230	0.009407	-0.001625	-0.003667
1782895654.385559	-0.497935	0.015479	1.302414	0.012254	-0.001560	0.608566	0.009407	-0.001625	-0.003667
1782895654.397599	-0.497762	0.015635	1.302210	0.013116	-0.001319	0.610590	0.005101	-0.001861	-0.007562
1782895654.406426	-0.497762	0.015635	1.302210	0.013116	-0.001319	0.610590	0.005101	-0.001861	-0.007562
1782895654.415397	-0.497571	0.015834	1.302103	0.011388	-0.001099	0.611783	0.006687	0.000214	-0.007401
1782895654.425571	-0.497381	0.015932	1.301886	0.008614	-0.000620	0.613897	0.006687	0.000214	-0.007401
1782895654.436885	-0.497165	0.016016	1.301708	0.010033	-0.000125	0.615778	0.011620	-0.001540	-0.012445
1782895654.446141	-0.497129	0.016144	1.301750	0.010682	-0.000245	0.617429	0.011620	-0.001540	-0.012445
1782895654.455918	-0.496993	0.016200	1.301666	0.008047	0.000028	0.619144	0.007396	-0.001652	-0.013930
1782895654.466788	-0.496851	0.016219	1.301558	0.007161	0.000164	0.619275	0.007396	-0.001652	-0.013930
1782895654.476177	-0.496679	0.016237	1.301415	0.011588	-0.000359	0.619806	0.009212	-0.001454	-0.010633
1782895654.485648	-0.496417	0.016310	1.301197	0.011428	-0.000227	0.622363	0.009212	-0.001454	-0.010633
1782895654.496017	-0.496219	0.016420	1.301058	0.012664	0.000247	0.623289	0.014313	-0.002689	-0.016648
1782895654.505798	-0.496219	0.016420	1.301058	0.012664	0.000247	0.623289	0.014313	-0.002689	-0.016648
1782895654.515703	-0.495870	0.016646	1.300974	0.014639	0.000624	0.624722	0.010129	-0.001454	-0.012930
1782895654.526010	-0.495721	0.016758	1.300870	0.010566	0.000594	0.626882	0.010129	-0.001454	-0.012930
1782895654.536948	-0.495477	0.016818	1.300665	0.009224	0.000407	0.628925	0.013068	-0.001489	-0.006817
1782895654.546300	-0.495351	0.016921	1.300526	0.012084	-0.001054	0.630669	0.013068	-0.001489	-0.006817
1782895654.556000	-0.495261	0.017057	1.300361	0.010963	-0.001010	0.631852	0.014946	-0.000439	-0.010493
1782895654.565951	-0.495014	0.017317	1.300179	0.010800	-0.000269	0.632233	0.014946	-0.000439	-0.010493
1782895654.575409	-0.494828	0.017541	1.300105	0.009497	0.000291	0.632694	0.011533	-0.001282	-0.007837
1782895654.585508	-0.494663	0.017601	1.300086	0.009140	0.000221	0.634128	0.011533	-0.001282	-0.007837
1782895654.596223	-0.494451	0.017716	1.299996	0.009381	0.001219	0.635445	0.017631	-0.002452	-0.000633
1782895654.607943	-0.494451	0.017716	1.299996	0.009381	0.001219	0.635445	0.017631	-0.002452	-0.000633
1782895654.615664	-0.494122	0.017823	1.299821	0.010090	0.000410	0.638224	0.017363	-0.000285	-0.011685
1782895654.626615	-0.493888	0.017910	1.299726	0.008556	-0.000426	0.640539	0.017363	-0.000285	-0.011685
1782895654.636058	-0.493675	0.018153	1.299852	0.006816	-0.000778	0.641244	0.014127	-0.000199	-0.008195
1782895654.645817	-0.493319	0.018257	1.299865	0.007761	-0.001553	0.641800	0.014127	-0.000199	-0.008195
1782895654.656924	-0.493121	0.018501	1.299805	0.009744	-0.001768	0.642463	0.021094	-0.002907	-0.000946
1782895654.667152	-0.492878	0.018699	1.299699	0.006154	-0.000538	0.642099	0.021094	-0.002907	-0.000946
1782895654.675913	-0.492693	0.018741	1.299642	0.004917	-0.000639	0.643380	0.021789	-0.001514	-0.015417
1782895654.685942	-0.492432	0.018932	1.299586	0.005098	-0.000339	0.644195	0.021789	-0.001514	-0.015417
1782895654.697039	-0.492202	0.018984	1.299458	0.007147	-0.001704	0.646012	0.015407	0.001814	-0.014251
1782895654.706693	-0.492202	0.018984	1.299458	0.007147	-0.001704	0.646012	0.015407	0.001814	-0.014251
1782895654.717993	-0.491898	0.019122	1.299135	0.004601	-0.003305	0.648575	0.022828	-0.002297	-0.007899
1782895654.725711	-0.491692	0.019372	1.299236	0.005198	-0.003991	0.648705	0.022828	-0.002297	-0.007899
1782895654.737571	-0.491465	0.019579	1.299132	0.006915	-0.004180	0.649647	0.023420	-0.002704	-0.020272
1782895654.746372	-0.491153	0.019664	1.298872	0.010621	-0.004680	0.649989	0.023420	-0.002704	-0.020272
1782895654.755288	-0.490982	0.019829	1.298777	0.012491	-0.005592	0.651109	0.016605	0.002104	-0.015001
1782895654.767329	-0.490797	0.020053	1.298686	0.010595	-0.006539	0.652172	0.016605	0.002104	-0.015001
1782895654.776875	-0.490444	0.020028	1.298632	0.009963	-0.007320	0.654152	0.023921	-0.003439	0.000491
1782895654.785230	-0.490376	0.020284	1.298654	0.012026	-0.008019	0.655847	0.021808	-0.002778	-0.013390
1782895654.795546	-0.489984	0.020562	1.298360	0.011504	-0.008257	0.656974	0.021808	-0.002778	-0.013390
1782895654.805577	-0.489984	0.020562	1.298360	0.011504	-0.008257	0.656974	0.015857	0.000360	0.001231
1782895654.815949	-0.489874	0.020771	1.298319	0.011513	-0.007211	0.658248	0.015857	0.000360	0.001231
1782895654.825612	-0.489544	0.020883	1.298375	0.012676	-0.006606	0.658371	0.015857	0.000360	0.001231
1782895654.836008	-0.489330	0.020998	1.298504	0.010521	-0.007170	0.659462	0.022462	-0.004627	0.012757
1782895654.846004	-0.489105	0.021251	1.298559	0.010235	-0.006585	0.660834	0.022462	-0.004627	0.012757
1782895654.856805	-0.488889	0.021312	1.298663	0.012562	-0.008772	0.661996	0.015557	0.000252	0.003027
1782895654.867266	-0.488587	0.021415	1.298882	0.008526	-0.008320	0.664222	0.015557	0.000252	0.003027
1782895654.876734	-0.488445	0.021541	1.298903	0.007994	-0.008408	0.665341	0.013807	0.000429	0.025730
1782895654.885544	-0.488361	0.021761	1.299060	0.008213	-0.009075	0.666326	0.013807	0.000429	0.025730
1782895654.896664	-0.488203	0.021980	1.299318	0.010252	-0.009249	0.667454	0.018542	-0.003995	0.020537
1782895654.905553	-0.488203	0.021980	1.299318	0.010252	-0.009249	0.667454	0.018542	-0.003995	0.020537
1782895654.915914	-0.487964	0.022145	1.299496	0.011248	-0.009019	0.669037	0.010644	0.000992	0.015199
1782895654.926008	-0.487712	0.022351	1.299766	0.010140	-0.009078	0.670739	0.010644	0.000992	0.015199
1782895654.937301	-0.487593	0.022447	1.299966	0.012479	-0.009237	0.671839	0.012674	-0.001665	0.029258
1782895654.945687	-0.487419	0.022560	1.300149	0.009779	-0.008793	0.673079	0.012674	-0.001665	0.029258
1782895654.955490	-0.487175	0.022620	1.300410	0.005781	-0.008896	0.675024	0.016871	-0.005544	0.019252
1782895654.966624	-0.487090	0.022786	1.300662	0.008244	-0.009629	0.675584	0.016871	-0.005544	0.019252
1782895654.977998	-0.486903	0.022899	1.300689	0.007111	-0.008910	0.676838	0.009814	-0.000147	0.010461
1782895654.986111	-0.486715	0.023092	1.301036	0.008964	-0.008377	0.677792	0.009814	-0.000147	0.010461
1782895654.996825	-0.486602	0.023256	1.301108	0.009524	-0.007997	0.677821	0.012735	-0.003776	0.018101
1782895655.006621	-0.486602	0.023256	1.301108	0.009524	-0.007997	0.677821	0.012735	-0.003776	0.018101
1782895655.015606	-0.486360	0.023424	1.301218	0.009186	-0.007931	0.678612	0.016839	-0.009511	0.011373
1782895655.025861	-0.486250	0.023549	1.301389	0.012265	-0.008805	0.681444	0.016839	-0.009511	0.011373
1782895655.037638	-0.486007	0.023485	1.301415	0.010200	-0.008200	0.683485	0.009824	-0.003302	0.003509
1782895655.046677	-0.485827	0.023778	1.301584	0.016521	-0.008239	0.684210	0.009824	-0.003302	0.003509
1782895655.057176	-0.485675	0.023743	1.301634	0.012394	-0.006845	0.684934	0.012077	-0.004659	0.012367
1782895655.067863	-0.485520	0.023905	1.301744	0.015966	-0.007087	0.685515	0.012077	-0.004659	0.012367
1782895655.076639	-0.485285	0.023986	1.301873	0.017484	-0.006158	0.686553	0.017515	-0.011903	0.006465
1782895655.085940	-0.485179	0.024237	1.301872	0.017033	-0.007374	0.688034	0.017515	-0.011903	0.006465
1782895655.096631	-0.485054	0.024200	1.301883	0.016917	-0.007132	0.689153	0.011805	-0.011708	0.008574
1782895655.105661	-0.485054	0.024200	1.301883	0.016917	-0.007132	0.689153	0.011805	-0.011708	0.008574
1782895655.115498	-0.484893	0.024290	1.301895	0.013043	-0.007181	0.690508	0.012214	-0.008015	0.005759
1782895655.125609	-0.484721	0.024408	1.301940	0.012775	-0.006541	0.692259	0.012214	-0.008015	0.005759
1782895655.138793	-0.484486	0.024606	1.302014	0.012896	-0.006008	0.692360	0.017490	-0.014498	-0.000689
1782895655.146128	-0.484183	0.024681	1.302090	0.014354	-0.004508	0.693312	0.017490	-0.014498	-0.000689
1782895655.157553	-0.484006	0.024839	1.301923	0.013242	-0.004925	0.694764	0.013267	-0.012014	-0.010919
1782895655.166968	-0.483879	0.024939	1.301823	0.018450	-0.005434	0.695690	0.012347	-0.009725	-0.007601
1782895655.179783	-0.483619	0.024989	1.301697	0.015642	-0.005291	0.697679	0.012347	-0.009725	-0.007601
1782895655.186011	-0.483375	0.025000	1.301558	0.016962	-0.005659	0.698684	0.012347	-0.009725	-0.007601
1782895655.196612	-0.483264	0.025023	1.301469	0.018217	-0.005445	0.698943	0.017265	-0.016071	-0.010478
1782895655.206248	-0.483264	0.025023	1.301469	0.018217	-0.005445	0.698943	0.017265	-0.016071	-0.010478
1782895655.219716	-0.483077	0.025076	1.301373	0.016650	-0.005114	0.700266	0.012557	-0.015127	-0.015246
1782895655.225993	-0.482954	0.025142	1.301173	0.014823	-0.005524	0.701609	0.012557	-0.015127	-0.015246
1782895655.236254	-0.482740	0.025366	1.301087	0.011989	-0.003952	0.701829	0.010942	-0.011447	-0.010023
1782895655.245853	-0.482439	0.025365	1.301050	0.010082	-0.003299	0.703955	0.010942	-0.011447	-0.010023
1782895655.255151	-0.482232	0.025407	1.301065	0.008389	-0.003625	0.706048	0.017772	-0.018769	-0.003925
1782895655.265347	-0.481893	0.025440	1.300896	0.011010	-0.003294	0.705545	0.017772	-0.018769	-0.003925
1782895655.275203	-0.481701	0.025452	1.300902	0.009808	-0.003013	0.707471	0.013509	-0.015673	-0.006729
1782895655.285115	-0.481513	0.025605	1.300819	0.009510	-0.003477	0.707975	0.013509	-0.015673	-0.006729
1782895655.296310	-0.481303	0.025778	1.300991	0.014052	-0.004274	0.707999	0.015617	-0.015140	0.007752
1782895655.305372	-0.481303	0.025778	1.300991	0.014052	-0.004274	0.707999	0.015617	-0.015140	0.007752
1782895655.315964	-0.481075	0.025844	1.301079	0.012407	-0.004211	0.709086	0.015617	-0.015140	0.007752
1782895655.325499	-0.480726	0.025897	1.301158	0.010446	-0.004616	0.710557	0.018557	-0.019915	0.011555
1782895655.335870	-0.480561	0.025982	1.301218	0.009977	-0.004349	0.711833	0.014528	-0.015769	0.014600
1782895655.346005	-0.480273	0.025793	1.301391	0.011450	-0.004466	0.713257	0.014528	-0.015769	0.014600
1782895655.355484	-0.480088	0.025927	1.301609	0.008239	-0.004501	0.715216	0.018313	-0.017657	0.023398
1782895655.365526	-0.479876	0.026063	1.301936	0.008250	-0.004866	0.715615	0.018313	-0.017657	0.023398
1782895655.375249	-0.479501	0.026047	1.302099	0.007828	-0.003526	0.716720	0.016601	-0.020922	0.019867
1782895655.385341	-0.479267	0.026083	1.302283	0.009465	-0.004883	0.717700	0.016601	-0.020922	0.019867
1782895655.396837	-0.479020	0.026319	1.302517	0.007896	-0.003665	0.717134	0.015851	-0.016819	0.019328
1782895655.405747	-0.479020	0.026319	1.302517	0.007896	-0.003665	0.717134	0.015851	-0.016819	0.019328
1782895655.415541	-0.478740	0.026476	1.302714	0.007838	-0.004775	0.718843	0.019048	-0.020036	0.016559
1782895655.425551	-0.478518	0.026490	1.302898	0.010534	-0.004385	0.721658	0.019048	-0.020036	0.016559
1782895655.435793	-0.478180	0.026515	1.303092	0.011118	-0.005324	0.723608	0.015045	-0.021586	0.013095
1782895655.446269	-0.477854	0.026561	1.303247	0.012336	-0.004999	0.723864	0.015045	-0.021586	0.013095
1782895655.455513	-0.477713	0.026605	1.303279	0.011613	-0.005377	0.724586	0.014911	-0.020366	0.009970
1782895655.466764	-0.477468	0.026712	1.303385	0.014329	-0.005104	0.724858	0.014911	-0.020366	0.009970
1782895655.475504	-0.477150	0.026766	1.303398	0.012950	-0.004887	0.725504	0.018136	-0.019981	0.009412
1782895655.485514	-0.476888	0.026761	1.303448	0.013010	-0.004356	0.726540	0.018136	-0.019981	0.009412
1782895655.496942	-0.476564	0.026786	1.303322	0.012279	-0.004505	0.728418	0.018136	-0.019981	0.009412
1782895655.506710	-0.476564	0.026786	1.303322	0.012279	-0.004505	0.728418	0.016404	-0.022988	0.000535
1782895655.516019	-0.476277	0.026697	1.303232	0.010747	-0.003519	0.730425	0.013155	-0.020483	-0.003648
1782895655.526099	-0.475931	0.026847	1.303208	0.009219	-0.005178	0.732282	0.013155	-0.020483	-0.003648
1782895655.536940	-0.475751	0.026991	1.303220	0.009032	-0.004449	0.731259	0.013155	-0.020483	-0.003648
1782895655.546090	-0.475547	0.027005	1.303169	0.010043	-0.005266	0.731470	0.016412	-0.021861	-0.006381
1782895655.556923	-0.475240	0.027108	1.303035	0.011477	-0.005049	0.732591	0.019641	-0.025378	-0.010301
1782895655.565755	-0.474860	0.027139	1.302944	0.009802	-0.005819	0.733409	0.019641	-0.025378	-0.010301
1782895655.575552	-0.474431	0.027078	1.302587	0.007730	-0.005779	0.736007	0.015335	-0.023963	-0.013952
1782895655.585584	-0.474431	0.027078	1.302587	0.007730	-0.005779	0.736007	0.015335	-0.023963	-0.013952
1782895655.596698	-0.473814	0.027387	1.302123	0.011813	-0.006242	0.736365	0.016057	-0.020707	-0.017058
1782895655.605850	-0.473814	0.027387	1.302123	0.011813	-0.006242	0.736365	0.016057	-0.020707	-0.017058
1782895655.618158	-0.473656	0.027370	1.301900	0.011895	-0.007001	0.737237	0.020269	-0.024847	-0.014427
1782895655.625700	-0.473430	0.027506	1.301811	0.009384	-0.005862	0.737631	0.020269	-0.024847	-0.014427
1782895655.636694	-0.473109	0.027585	1.301603	0.012133	-0.006748	0.738492	0.017033	-0.026269	-0.015425
1782895655.645752	-0.472878	0.027531	1.301495	0.011393	-0.006997	0.739130	0.017033	-0.026269	-0.015425
1782895655.655841	-0.472546	0.027571	1.301476	0.010567	-0.007400	0.740396	0.015445	-0.022499	-0.006342
1782895655.667125	-0.472246	0.027626	1.301480	0.009958	-0.007147	0.740996	0.015445	-0.022499	-0.006342
1782895655.676437	-0.471798	0.027666	1.301487	0.007130	-0.004899	0.742064	0.021226	-0.027180	0.003353
1782895655.685610	-0.471544	0.027744	1.301638	0.010706	-0.005603	0.741969	0.021226	-0.027180	0.003353
1782895655.696503	-0.471204	0.027845	1.301784	0.005850	-0.006093	0.741920	0.021226	-0.027180	0.003353
1782895655.705728	-0.471204	0.027845	1.301784	0.005850	-0.006093	0.741920	0.015507	-0.023377	0.004327
1782895655.718359	-0.471133	0.028005	1.301877	0.008883	-0.008252	0.743512	0.017112	-0.024088	0.018812
1782895655.725903	-0.470664	0.027841	1.302113	0.009890	-0.009331	0.745187	0.017112	-0.024088	0.018812
1782895655.737019	-0.470533	0.027887	1.302280	0.008619	-0.009632	0.745377	0.019546	-0.029409	0.024763
1782895655.745661	-0.470107	0.027866	1.302563	0.010659	-0.009088	0.747438	0.019546	-0.029409	0.024763
1782895655.755450	-0.469825	0.027765	1.302757	0.012093	-0.009778	0.747658	0.012395	-0.024056	0.020340
1782895655.766890	-0.469576	0.027845	1.302978	0.013144	-0.009785	0.748227	0.012395	-0.024056	0.020340
1782895655.776926	-0.469324	0.027966	1.303162	0.014053	-0.009646	0.748293	0.017252	-0.026516	0.036026
1782895655.785751	-0.469014	0.027955	1.303615	0.010572	-0.008992	0.748731	0.017252	-0.026516	0.036026
1782895655.796077	-0.468748	0.027896	1.303834	0.008242	-0.010744	0.749855	0.012435	-0.026295	0.029197
1782895655.805550	-0.468748	0.027896	1.303834	0.008242	-0.010744	0.749855	0.012435	-0.026295	0.029197
1782895655.817244	-0.468497	0.027933	1.303975	0.008238	-0.011723	0.750997	0.012015	-0.024562	0.015447
1782895655.826008	-0.468289	0.027817	1.304284	0.011198	-0.012046	0.751535	0.012015	-0.024562	0.015447
1782895655.837339	-0.467971	0.027850	1.304514	0.011900	-0.012184	0.751788	0.012010	-0.027241	0.016163
1782895655.846118	-0.467636	0.028042	1.304669	0.011661	-0.009933	0.751338	0.012010	-0.027241	0.016163
1782895655.856074	-0.467385	0.028078	1.304754	0.008452	-0.008988	0.751719	0.018985	-0.033163	0.013212
1782895655.867635	-0.467210	0.028052	1.304716	0.013314	-0.012251	0.753758	0.018985	-0.033163	0.013212
1782895655.877432	-0.466869	0.028024	1.304419	0.012970	-0.010972	0.753909	0.016322	-0.031207	-0.009114
1782895655.885592	-0.466628	0.028051	1.304361	0.014229	-0.011009	0.755219	0.016322	-0.031207	-0.009114
1782895655.896451	-0.466628	0.028051	1.304361	0.014229	-0.011009	0.755219	0.008010	-0.026194	-0.013119
1782895655.905482	-0.466225	0.028069	1.304153	0.012984	-0.010714	0.756036	0.008010	-0.026194	-0.013119
1782895655.916544	-0.466225	0.028069	1.304153	0.012984	-0.010714	0.756036	0.008793	-0.027321	-0.010653
1782895655.925990	-0.465978	0.028053	1.303987	0.012025	-0.012239	0.757013	0.008793	-0.027321	-0.010653
1782895655.936265	-0.465688	0.028019	1.303765	0.010211	-0.012616	0.757988	0.012273	-0.031134	-0.019443
1782895655.946975	-0.465388	0.027959	1.303567	0.012663	-0.012141	0.758189	0.012273	-0.031134	-0.019443
1782895655.955434	-0.465133	0.028005	1.303364	0.007961	-0.010889	0.758711	0.005536	-0.029129	-0.033831
1782895655.965933	-0.464957	0.027972	1.303075	0.005601	-0.009954	0.758699	0.005536	-0.029129	-0.033831
1782895655.976313	-0.464748	0.027858	1.302814	0.009121	-0.011062	0.758502	0.002576	-0.029023	-0.029593
1782895655.989470	-0.464748	0.027858	1.302814	0.009121	-0.011062	0.758502	0.002576	-0.029023	-0.029593
1782895655.997269	-0.464300	0.027844	1.301921	0.009044	-0.014470	0.760803	0.002915	-0.031871	-0.022350
1782895656.006124	-0.464300	0.027844	1.301921	0.009044	-0.014470	0.760803	0.002915	-0.031871	-0.022350
1782895656.018122	-0.464088	0.027624	1.301774	0.010726	-0.014355	0.760895	0.008054	-0.034340	-0.026189
1782895656.027960	-0.463958	0.027646	1.301533	0.012035	-0.014315	0.760122	0.008054	-0.034340	-0.026189
1782895656.035983	-0.463749	0.027551	1.301295	0.014281	-0.014927	0.759075	0.001541	-0.030826	-0.030244
1782895656.045856	-0.463581	0.027267	1.300781	0.005903	-0.014219	0.760115	0.001541	-0.030826	-0.030244
1782895656.055500	-0.463298	0.027208	1.300535	0.010008	-0.014625	0.761544	-0.001650	-0.032500	-0.017977
1782895656.065727	-0.463209	0.027039	1.300197	0.008184	-0.013924	0.761715	-0.001650	-0.032500	-0.017977
1782895656.075516	-0.462990	0.026979	1.299950	0.008649	-0.015477	0.761587	0.002564	-0.033241	-0.018968
1782895656.086005	-0.462990	0.026979	1.299950	0.008649	-0.015477	0.761587	0.002564	-0.033241	-0.018968
1782895656.099028	-0.462758	0.026849	1.299697	0.008286	-0.015815	0.762033	-0.003695	-0.033509	-0.021886
1782895656.105750	-0.462454	0.026724	1.299415	0.010176	-0.015241	0.762101	-0.003695	-0.033509	-0.021886
1782895656.115592	-0.462454	0.026724	1.299415	0.010176	-0.015241	0.762101	-0.006727	-0.032841	-0.009664
1782895656.125730	-0.462409	0.026580	1.299209	0.008153	-0.015250	0.762707	-0.006727	-0.032841	-0.009664
1782895656.135995	-0.462361	0.026424	1.299089	0.005825	-0.014440	0.763102	-0.003649	-0.032177	-0.004767
1782895656.147181	-0.462256	0.026218	1.298769	0.004410	-0.014769	0.764265	-0.003649	-0.032177	-0.004767
1782895656.156026	-0.462077	0.026129	1.298803	0.004311	-0.014528	0.764238	-0.007646	-0.034101	-0.000351
1782895656.167374	-0.461957	0.025991	1.298726	0.004064	-0.014277	0.765244	-0.007646	-0.034101	-0.000351
1782895656.177226	-0.461926	0.025968	1.298817	0.004660	-0.013731	0.764501	-0.008512	-0.031489	0.007520
1782895656.186451	-0.461806	0.025902	1.298963	0.003472	-0.012768	0.764652	-0.008512	-0.031489	0.007520
1782895656.196065	-0.461806	0.025902	1.298963	0.003472	-0.012768	0.764652	-0.005691	-0.032104	0.017883
1782895656.207609	-0.461783	0.025636	1.299155	0.006143	-0.013233	0.766642	-0.005691	-0.032104	0.017883
1782895656.216013	-0.461783	0.025636	1.299155	0.006143	-0.013233	0.766642	-0.009096	-0.032563	0.020115
1782895656.226403	-0.461621	0.025280	1.299399	0.007067	-0.013357	0.767945	-0.009096	-0.032563	0.020115
1782895656.237102	-0.461621	0.025051	1.299624	0.008628	-0.014510	0.767885	-0.011275	-0.028534	0.027160
1782895656.248348	-0.461567	0.024773	1.300105	0.008945	-0.013000	0.768682	-0.011275	-0.028534	0.027160
1782895656.259201	-0.461506	0.024753	1.300418	0.007378	-0.010793	0.767722	-0.006786	-0.031183	0.035642
1782895656.266431	-0.461320	0.024676	1.300601	0.009306	-0.011462	0.768040	-0.006786	-0.031183	0.035642
1782895656.276749	-0.461320	0.024676	1.300601	0.009306	-0.011462	0.768040	-0.010996	-0.028562	0.024130
1782895656.286527	-0.461327	0.024336	1.301213	0.009287	-0.010703	0.768120	-0.010996	-0.028562	0.024130
1782895656.297857	-0.461417	0.023950	1.301602	0.006617	-0.011190	0.770791	-0.015491	-0.025200	0.028712
1782895656.306025	-0.461378	0.023752	1.301917	0.007419	-0.011160	0.771491	-0.015491	-0.025200	0.028712
1782895656.316884	-0.461378	0.023752	1.301917	0.007419	-0.011160	0.771491	-0.009911	-0.028884	0.032894
1782895656.326040	-0.461376	0.023767	1.302220	0.007660	-0.010458	0.771319	-0.009911	-0.028884	0.032894
1782895656.335976	-0.461352	0.023587	1.302575	0.007207	-0.008604	0.771403	-0.010418	-0.029398	0.015946
1782895656.346299	-0.461435	0.023511	1.302621	0.007147	-0.008666	0.772169	-0.010418	-0.029398	0.015946
1782895656.355122	-0.461432	0.023263	1.302750	0.004368	-0.009034	0.771751	-0.018104	-0.023294	0.006086
1782895656.366523	-0.461384	0.022915	1.302760	0.004290	-0.010015	0.774331	-0.018104	-0.023294	0.006086
1782895656.375638	-0.461394	0.022854	1.302773	0.006054	-0.009645	0.774337	-0.017116	-0.024587	0.004337
1782895656.385143	-0.461378	0.022720	1.302935	0.003857	-0.009204	0.774076	-0.017116	-0.024587	0.004337
1782895656.396077	-0.461371	0.022566	1.302805	0.002818	-0.008469	0.774537	-0.008715	-0.027644	-0.001199
1782895656.405219	-0.461371	0.022566	1.302805	0.002818	-0.008469	0.774537	-0.008715	-0.027644	-0.001199
1782895656.415572	-0.461419	0.022403	1.302733	0.003956	-0.008848	0.774823	-0.008715	-0.027644	-0.001199
1782895656.425618	-0.461440	0.022243	1.302570	0.007913	-0.009335	0.775378	-0.009310	-0.028315	-0.022316
1782895656.435348	-0.461354	0.022158	1.302461	0.006597	-0.008840	0.775634	-0.014053	-0.026613	-0.026283
1782895656.445421	-0.461426	0.021985	1.302120	0.008218	-0.008221	0.774170	-0.014053	-0.026613	-0.026283
1782895656.455868	-0.461422	0.021844	1.301895	0.007804	-0.008070	0.773943	-0.012115	-0.028362	-0.028948
1782895656.466590	-0.461368	0.021673	1.301674	0.007485	-0.008988	0.775546	-0.012115	-0.028362	-0.028948
1782895656.476842	-0.461409	0.021462	1.301284	0.008104	-0.010028	0.776845	-0.008432	-0.028116	-0.030294
1782895656.485757	-0.461464	0.021222	1.300999	0.008401	-0.009915	0.777006	-0.008432	-0.028116	-0.030294
1782895656.497492	-0.461400	0.021182	1.300623	0.009969	-0.008338	0.776385	-0.010772	-0.030059	-0.032633
1782895656.505695	-0.461400	0.021182	1.300623	0.009969	-0.008338	0.776385	-0.010772	-0.030059	-0.032633
1782895656.517055	-0.461402	0.021122	1.300379	0.011018	-0.009964	0.776105	-0.014558	-0.029037	-0.027444
1782895656.526166	-0.461509	0.020931	1.300168	0.011326	-0.010261	0.776881	-0.014558	-0.029037	-0.027444
1782895656.535549	-0.461419	0.020725	1.300045	0.011157	-0.010097	0.777785	-0.010948	-0.028056	-0.017636
1782895656.545641	-0.461381	0.020442	1.299820	0.010040	-0.009264	0.778001	-0.010948	-0.028056	-0.017636
1782895656.556004	-0.461316	0.020298	1.299809	0.011201	-0.009663	0.779142	-0.008489	-0.032404	-0.010298
1782895656.566450	-0.461361	0.020106	1.299645	0.007762	-0.008538	0.779068	-0.008489	-0.032404	-0.010298
1782895656.576900	-0.461346	0.020096	1.299623	0.007151	-0.007331	0.779023	-0.013190	-0.027939	-0.005342
1782895656.585660	-0.461351	0.019994	1.299696	0.006794	-0.006927	0.779249	-0.013190	-0.027939	-0.005342
1782895656.595644	-0.461337	0.019886	1.299710	0.006504	-0.006035	0.778930	-0.006381	-0.032079	0.016087
1782895656.605665	-0.461337	0.019886	1.299710	0.006504	-0.006035	0.778930	-0.006381	-0.032079	0.016087
1782895656.616158	-0.461402	0.019739	1.299775	0.006268	-0.006580	0.780124	-0.009362	-0.031996	0.006661
1782895656.626149	-0.461389	0.019650	1.299926	0.008268	-0.007136	0.780373	-0.012385	-0.028556	0.023841
1782895656.636734	-0.461280	0.019354	1.300171	0.011021	-0.007331	0.780322	-0.012385	-0.028556	0.023841
1782895656.645582	-0.461270	0.019176	1.300449	0.009902	-0.007813	0.782869	-0.012385	-0.028556	0.023841
1782895656.655237	-0.461324	0.018996	1.300776	0.010320	-0.008136	0.783338	-0.005188	-0.034108	0.030713
1782895656.665400	-0.461234	0.019035	1.301187	0.011567	-0.007380	0.782884	-0.005188	-0.034108	0.030713
1782895656.676693	-0.461133	0.018773	1.301497	0.009092	-0.007017	0.783438	-0.010119	-0.029850	0.015638
1782895656.685757	-0.460993	0.018596	1.301656	0.009359	-0.006661	0.784434	-0.010119	-0.029850	0.015638
1782895656.695299	-0.461000	0.018503	1.301838	0.009695	-0.006800	0.784469	-0.011053	-0.030098	0.032277
1782895656.705242	-0.461000	0.018503	1.301838	0.009695	-0.006800	0.784469	-0.011053	-0.030098	0.032277
1782895656.715240	-0.460924	0.018246	1.302074	0.007921	-0.006552	0.786438	-0.002242	-0.035573	0.028071
1782895656.725165	-0.460937	0.018105	1.302266	0.012007	-0.008568	0.787656	-0.002242	-0.035573	0.028071
1782895656.736649	-0.460918	0.017919	1.302665	0.012242	-0.006491	0.786267	-0.002242	-0.035573	0.028071
1782895656.745200	-0.460918	0.017919	1.302665	0.012242	-0.006491	0.786267	-0.011036	-0.029426	0.010925
1782895656.755453	-0.460899	0.017783	1.302999	0.011899	-0.005300	0.787434	-0.011036	-0.029426	0.010925
1782895656.766449	-0.460850	0.017685	1.303141	0.007451	-0.005508	0.788050	-0.011036	-0.029426	0.010925
1782895656.775614	-0.460652	0.017402	1.303110	0.006895	-0.007665	0.789541	-0.004354	-0.031646	0.007706
1782895656.786428	-0.460727	0.017272	1.303065	0.007852	-0.008750	0.790286	-0.004354	-0.031646	0.007706
1782895656.795946	-0.460562	0.017060	1.303035	0.007867	-0.008463	0.788931	-0.004354	-0.031646	0.007706
1782895656.807028	-0.460562	0.017060	1.303035	0.007867	-0.008463	0.788931	-0.001516	-0.031240	-0.011023
1782895656.816241	-0.460508	0.017165	1.302948	0.010562	-0.008400	0.789315	-0.010324	-0.027700	-0.020589
1782895656.827258	-0.460474	0.017011	1.302806	0.008931	-0.009088	0.789480	-0.010324	-0.027700	-0.020589
1782895656.837413	-0.460405	0.016765	1.302635	0.007254	-0.009946	0.791598	-0.011517	-0.027291	-0.021868
1782895656.846495	-0.460297	0.016674	1.302429	0.006483	-0.010886	0.792550	-0.011517	-0.027291	-0.021868
1782895656.856014	-0.460223	0.016629	1.302222	0.009537	-0.011540	0.791499	-0.005555	-0.030741	-0.017981
1782895656.867503	-0.460054	0.016561	1.301875	0.008507	-0.010151	0.791928	-0.005555	-0.030741	-0.017981
1782895656.875588	-0.460046	0.016453	1.301651	0.010688	-0.010521	0.791615	-0.007642	-0.029389	-0.033471
1782895656.886678	-0.459869	0.016371	1.301326	0.008111	-0.009629	0.791522	-0.007642	-0.029389	-0.033471
1782895656.896353	-0.459952	0.016119	1.300825	0.005873	-0.010373	0.792571	-0.012961	-0.026941	-0.028144
1782895656.905989	-0.459952	0.016119	1.300825	0.005873	-0.010373	0.792571	-0.012961	-0.026941	-0.028144
1782895656.916044	-0.460013	0.015994	1.300402	0.005345	-0.011519	0.792522	-0.007444	-0.029656	-0.021045
1782895656.925581	-0.459984	0.015794	1.300210	0.006798	-0.012408	0.793213	-0.007444	-0.029656	-0.021045
1782895656.937843	-0.459976	0.015793	1.299808	0.007134	-0.013498	0.793721	-0.006959	-0.029455	-0.031551
1782895656.946901	-0.459837	0.015768	1.299721	0.008215	-0.013811	0.792324	-0.006959	-0.029455	-0.031551
1782895656.955815	-0.459755	0.015749	1.299387	0.007328	-0.012372	0.792609	-0.014432	-0.026660	-0.022996
1782895656.966435	-0.459584	0.015553	1.299023	0.009228	-0.012175	0.792359	-0.009220	-0.031111	-0.008392
1782895656.976184	-0.459549	0.015376	1.298628	0.010961	-0.013853	0.792976	-0.009220	-0.031111	-0.008392
1782895656.986077	-0.459434	0.015149	1.298283	0.012771	-0.016189	0.794364	-0.009220	-0.031111	-0.008392
1782895656.999822	-0.459495	0.014990	1.298135	0.009699	-0.016073	0.794963	-0.009220	-0.031111	-0.008392
1782895657.006503	-0.459495	0.014990	1.298135	0.009699	-0.016073	0.794963	-0.011195	-0.030089	-0.022583
1782895657.015912	-0.459402	0.014757	1.298022	0.011100	-0.015891	0.794537	-0.011195	-0.030089	-0.022583
1782895657.026797	-0.459351	0.014637	1.297920	0.009193	-0.015332	0.794017	-0.007390	-0.031774	-0.026982
1782895657.037092	-0.459345	0.014524	1.297777	0.009875	-0.014681	0.794882	-0.011260	-0.032108	-0.000496
1782895657.047081	-0.459333	0.014368	1.297643	0.008919	-0.014811	0.794039	-0.011260	-0.032108	-0.000496
1782895657.057367	-0.459341	0.014146	1.297698	0.008475	-0.014324	0.794738	-0.017350	-0.029734	-0.012446
1782895657.065907	-0.459353	0.013906	1.297407	0.008242	-0.016259	0.796550	-0.021380	-0.029598	0.008728
1782895657.077223	-0.459331	0.013629	1.297385	0.009378	-0.017559	0.797175	-0.021380	-0.029598	0.008728
1782895657.085863	-0.459342	0.013407	1.297339	0.006888	-0.017237	0.798013	-0.021380	-0.029598	0.008728
1782895657.095853	-0.459441	0.013111	1.297353	0.007933	-0.017502	0.797250	-0.014454	-0.034094	0.005687
1782895657.106742	-0.459441	0.013111	1.297353	0.007933	-0.017502	0.797250	-0.014454	-0.034094	0.005687
1782895657.115785	-0.459409	0.012908	1.297302	0.012480	-0.017771	0.797164	-0.022188	-0.028885	-0.002476
1782895657.126220	-0.459330	0.012765	1.297410	0.012262	-0.017056	0.796901	-0.022188	-0.028885	-0.002476
1782895657.136239	-0.459384	0.012635	1.297462	0.013287	-0.017456	0.797014	-0.022396	-0.031442	0.015517
1782895657.146896	-0.459353	0.012306	1.297358	0.013087	-0.018771	0.798676	-0.022396	-0.031442	0.015517
1782895657.157645	-0.459392	0.012009	1.297389	0.015122	-0.019413	0.799935	-0.017347	-0.035130	0.007240
1782895657.166598	-0.459402	0.011741	1.297540	0.014193	-0.019475	0.799235	-0.017347	-0.035130	0.007240
1782895657.175522	-0.459422	0.011486	1.297526	0.015917	-0.019638	0.799718	-0.025910	-0.029981	0.001025
1782895657.185624	-0.459367	0.011319	1.297617	0.015067	-0.017862	0.800876	-0.025910	-0.029981	0.001025
1782895657.195546	-0.459367	0.011319	1.297617	0.015067	-0.017862	0.800876	-0.026111	-0.032193	0.015307
1782895657.206776	-0.459596	0.010718	1.297545	0.006802	-0.017504	0.800450	-0.026111	-0.032193	0.015307
1782895657.215853	-0.459596	0.010718	1.297545	0.006802	-0.017504	0.800450	-0.020590	-0.035242	0.008542
1782895657.225629	-0.459622	0.010359	1.297550	0.007752	-0.018674	0.802274	-0.020590	-0.035242	0.008542
1782895657.235539	-0.459767	0.010070	1.297467	0.007009	-0.018426	0.802903	-0.028767	-0.032338	-0.002938
1782895657.245719	-0.459775	0.009833	1.297466	0.007637	-0.019122	0.803446	-0.028767	-0.032338	-0.002938
1782895657.255735	-0.459819	0.009556	1.297540	0.009784	-0.018707	0.802858	-0.029200	-0.034055	0.011834
1782895657.267132	-0.459846	0.009215	1.297705	0.010450	-0.017874	0.803108	-0.029200	-0.034055	0.011834
1782895657.275680	-0.459955	0.008812	1.297548	0.008289	-0.016296	0.803502	-0.022381	-0.036153	0.002841
1782895657.286525	-0.460106	0.008447	1.297439	0.008352	-0.016433	0.804514	-0.032483	-0.031383	-0.002476
1782895657.295916	-0.460222	0.008182	1.297430	0.008448	-0.016665	0.804541	-0.032483	-0.031383	-0.002476
1782895657.306025	-0.460222	0.008182	1.297430	0.008448	-0.016665	0.804541	-0.032483	-0.031383	-0.002476
1782895657.327910	-0.460439	0.007497	1.297405	0.007627	-0.016828	0.807853	-0.031291	-0.032927	0.011018
1782895657.335317	-0.460439	0.007497	1.297405	0.007627	-0.016828	0.807853	-0.031291	-0.032927	0.011018
1782895657.341857	-0.460623	0.007109	1.297415	0.007729	-0.016204	0.807169	-0.025984	-0.036581	0.000604
1782895657.352919	-0.460638	0.006873	1.297382	0.009994	-0.015917	0.808290	-0.025984	-0.036581	0.000604
1782895657.358755	-0.460716	0.006458	1.297443	0.009946	-0.015730	0.808770	-0.035804	-0.031028	-0.001003
1782895657.369126	-0.460716	0.006458	1.297443	0.009946	-0.015730	0.808770	-0.033693	-0.034556	0.014619
1782895657.378443	-0.460903	0.005579	1.297672	0.007193	-0.015556	0.809805	-0.033693	-0.034556	0.014619
1782895657.386028	-0.461090	0.005082	1.297735	0.008377	-0.016195	0.810279	-0.033693	-0.034556	0.014619
1782895657.397130	-0.461171	0.004760	1.297648	0.012624	-0.017041	0.810818	-0.030184	-0.036725	0.003020
1782895657.405775	-0.461171	0.004760	1.297648	0.012624	-0.017041	0.810818	-0.030184	-0.036725	0.003020
1782895657.415190	-0.461350	0.004274	1.297705	0.009314	-0.016609	0.812287	-0.039802	-0.030693	0.006355
1782895657.425702	-0.461507	0.003894	1.297871	0.011872	-0.016956	0.812643	-0.039802	-0.030693	0.006355
1782895657.436112	-0.461518	0.003596	1.297889	0.010211	-0.016061	0.812681	-0.033963	-0.034898	0.018858
1782895657.445175	-0.461640	0.003364	1.298101	0.010940	-0.014923	0.813324	-0.033963	-0.034898	0.018858
1782895657.455100	-0.461960	0.002992	1.298202	0.010366	-0.014303	0.813843	-0.032939	-0.035514	0.004864
1782895657.465588	-0.462133	0.002655	1.298357	0.011287	-0.013416	0.814034	-0.032939	-0.035514	0.004864
1782895657.475499	-0.462182	0.001948	1.298489	0.007551	-0.015316	0.816357	-0.041639	-0.030461	0.010700
1782895657.485486	-0.462375	0.001483	1.298666	0.004736	-0.015327	0.817161	-0.041639	-0.030461	0.010700
1782895657.495284	-0.462482	0.001125	1.298772	0.005866	-0.015012	0.817193	-0.033845	-0.036114	0.021367
1782895657.505381	-0.462482	0.001125	1.298772	0.005866	-0.015012	0.817193	-0.033845	-0.036114	0.021367
1782895657.516216	-0.462615	0.000829	1.298891	0.008877	-0.013575	0.817398	-0.034919	-0.035370	0.004805
1782895657.525896	-0.462776	0.000489	1.299068	0.006410	-0.012849	0.817649	-0.034919	-0.035370	0.004805
1782895657.536216	-0.462830	0.000096	1.299197	0.007078	-0.010970	0.818246	-0.040668	-0.031019	0.015223
1782895657.545526	-0.463214	-0.000274	1.299224	0.004915	-0.010974	0.820139	-0.040668	-0.031019	0.015223
1782895657.555482	-0.463409	-0.000709	1.299268	0.004671	-0.011322	0.821426	-0.032654	-0.036642	0.025538
1782895657.566387	-0.463369	-0.001113	1.299453	0.004572	-0.010400	0.822685	-0.032654	-0.036642	0.025538
1782895657.575632	-0.463629	-0.001468	1.299605	0.005488	-0.010224	0.823699	-0.036336	-0.033540	0.008666
1782895657.586389	-0.463779	-0.001914	1.299614	0.003050	-0.008244	0.824605	-0.036336	-0.033540	0.008666
1782895657.597728	-0.463876	-0.002208	1.299851	0.003859	-0.006397	0.824373	-0.039284	-0.029278	0.019097
1782895657.605988	-0.463876	-0.002208	1.299851	0.003859	-0.006397	0.824373	-0.039284	-0.029278	0.019097
1782895657.617578	-0.464023	-0.002446	1.300056	0.002106	-0.006199	0.824528	-0.031040	-0.035264	0.026316
1782895657.626012	-0.464133	-0.003036	1.300210	0.003494	-0.006630	0.825762	-0.031040	-0.035264	0.026316
1782895657.637537	-0.464223	-0.003448	1.300307	0.003458	-0.006261	0.827680	-0.033001	-0.033526	0.009224
1782895657.645805	-0.464476	-0.003828	1.300587	0.008715	-0.007232	0.828648	-0.033001	-0.033526	0.009224
1782895657.655546	-0.464514	-0.004211	1.300634	0.008725	-0.008430	0.830456	-0.036141	-0.029062	0.011692
1782895657.666623	-0.464667	-0.004452	1.300792	0.008800	-0.007027	0.831247	-0.036141	-0.029062	0.011692
1782895657.675500	-0.464896	-0.004767	1.300832	0.007413	-0.004880	0.831727	-0.027205	-0.033949	0.021566
1782895657.686062	-0.465070	-0.005122	1.300898	0.006238	-0.003462	0.832672	-0.027205	-0.033949	0.021566
1782895657.697161	-0.465203	-0.005417	1.301008	0.004928	-0.003241	0.833743	-0.026266	-0.033540	0.007359
1782895657.705879	-0.465203	-0.005417	1.301008	0.004928	-0.003241	0.833743	-0.026266	-0.033540	0.007359
1782895657.717090	-0.465335	-0.005732	1.301141	0.004314	-0.003426	0.834719	-0.029815	-0.028671	0.006218
1782895657.725894	-0.465374	-0.006243	1.301234	0.005903	-0.003472	0.836835	-0.029815	-0.028671	0.006218
1782895657.736793	-0.465458	-0.006464	1.301375	0.008714	-0.003872	0.838867	-0.029815	-0.028671	0.006218
1782895657.747717	-0.465620	-0.006775	1.301388	0.009510	-0.002570	0.839041	-0.033376	-0.025654	0.008543
1782895657.755549	-0.465755	-0.006923	1.301478	0.009866	-0.001938	0.838742	-0.021951	-0.034290	-0.000394
1782895657.766727	-0.465903	-0.007269	1.301494	0.010194	-0.002815	0.839537	-0.021951	-0.034290	-0.000394
1782895657.777909	-0.466067	-0.007584	1.301642	0.006356	-0.002724	0.839920	-0.024176	-0.028015	0.000347
1782895657.786011	-0.466137	-0.007963	1.301710	0.005610	-0.003033	0.841986	-0.024176	-0.028015	0.000347
1782895657.798239	-0.466160	-0.008179	1.301698	0.003486	-0.002463	0.843534	-0.018384	-0.028854	0.010501
1782895657.813056	-0.466160	-0.008179	1.301698	0.003486	-0.002463	0.843534	-0.018384	-0.028854	0.010501
1782895657.944154	-0.466642	-0.008705	1.302034	0.004237	0.000148	0.847174	-0.020209	-0.024681	0.012209
1782895658.027399	-0.467323	-0.010471	1.303151	0.002185	0.000585	0.859867	-0.011329	-0.016960	0.015250
1782895658.066602	-0.463720	-0.009844	1.300205	0.023361	0.074042	0.835471	0.040054	-0.009457	0.004858
1782895658.100147	-0.458287	-0.008164	1.296082	0.047534	0.146179	0.799846	0.094251	-0.024444	-0.026468
1782895658.140651	-0.452473	-0.006139	1.289993	0.061517	0.201557	0.775450	0.177138	-0.043822	-0.101110
1782895658.185533	-0.442569	-0.002529	1.279169	0.078001	0.253142	0.733116	0.273375	-0.062610	-0.142425
1782895658.220057	-0.428543	0.002510	1.266470	0.083570	0.286558	0.688640	0.424857	-0.092119	-0.165813
1782895658.260110	-0.415112	0.007837	1.255969	0.086754	0.295449	0.663617	0.516695	-0.104481	-0.166288
1782895658.298813	-0.393559	0.016088	1.241769	0.085385	0.280911	0.628323	0.642250	-0.129161	-0.180715
1782895658.339740	-0.381062	0.020567	1.233570	0.081426	0.262075	0.607552	0.737944	-0.140838	-0.237805
1782895658.374031	-0.346186	0.034380	1.211002	0.071244	0.226287	0.579773	0.829696	-0.156636	-0.299576
1782895658.431687	-0.322612	0.043074	1.194809	0.066447	0.199376	0.560601	0.868834	-0.161641	-0.354021
1782895658.507403	-0.280072	0.058333	1.164542	0.053063	0.155643	0.528929	0.958273	-0.162621	-0.483960
1782895658.540437	-0.224430	0.077113	1.124769	0.042483	0.104453	0.490496	1.001825	-0.160703	-0.563025
1782895658.575226	-0.185620	0.089285	1.097479	0.032432	0.071361	0.466951	1.003984	-0.150407	-0.575450
1782895658.614963	-0.156182	0.098586	1.077625	0.036127	0.049392	0.448406	1.004141	-0.152134	-0.577958
1782895658.658351	-0.126215	0.107202	1.059055	0.033208	0.032066	0.434209	0.994898	-0.145519	-0.535635
1782895658.692487	-0.076496	0.120547	1.033077	0.034784	0.013301	0.409150	0.975243	-0.138421	-0.436618
1782895658.729822	-0.056762	0.125532	1.024513	0.036162	0.004427	0.398426	0.962734	-0.134728	-0.418067
1782895658.790232	0.001385	0.138887	1.004776	0.030464	-0.006800	0.375846	0.933478	-0.135589	-0.268151
1782895658.830874	0.029879	0.144543	0.997778	0.035255	-0.012237	0.363762	0.931818	-0.132947	-0.244623
1782895658.877596	0.067016	0.151362	0.991264	0.034093	-0.015853	0.346496	0.918630	-0.132500	-0.191751
1782895658.919351	0.103458	0.157050	0.986927	0.025821	-0.018241	0.330318	0.903362	-0.134315	-0.149675
1782895658.958036	0.130088	0.160581	0.985131	0.032047	-0.023440	0.320372	0.876623	-0.141035	-0.106818
1782895658.990668	0.164652	0.164625	0.984062	0.031619	-0.028140	0.307181	0.863813	-0.150652	-0.084409
1782895659.034662	0.190279	0.166710	0.983928	0.033871	-0.034266	0.297161	0.847052	-0.160739	-0.084346
1782895659.073607	0.222922	0.168360	0.983468	0.033683	-0.047286	0.286625	0.819407	-0.176736	-0.127928
1782895659.106637	0.254885	0.168828	0.981700	0.031024	-0.054668	0.277050	0.809309	-0.185934	-0.131784
1782895659.144117	0.270342	0.168778	0.980219	0.029718	-0.059236	0.271556	0.782935	-0.189501	-0.151606
1782895659.189226	0.299970	0.167930	0.977306	0.030552	-0.064590	0.263293	0.739537	-0.202051	-0.162149
1782895659.224558	0.328164	0.166182	0.973371	0.025569	-0.067575	0.256245	0.707072	-0.218770	-0.179494
1782895659.259048	0.347954	0.163603	0.970004	0.021968	-0.070223	0.252216	0.669726	-0.238057	-0.186992
1782895659.296907	0.366635	0.160868	0.965896	0.016531	-0.068663	0.246883	0.608084	-0.242765	-0.185664
1782895659.345721	0.384057	0.157133	0.961473	0.012173	-0.066355	0.244595	0.592533	-0.252718	-0.173734
1782895659.389179	0.410230	0.150457	0.953901	0.008568	-0.061284	0.237113	0.517568	-0.243700	-0.174978
1782895659.422706	0.428227	0.144733	0.948304	0.003343	-0.054269	0.226610	0.463997	-0.222584	-0.153175
1782895659.458679	0.440601	0.140447	0.944402	0.000053	-0.046979	0.214872	0.431265	-0.208509	-0.136210
1782895659.544588	0.451437	0.136115	0.940505	0.005030	-0.040654	0.205208	0.381902	-0.189459	-0.122546
1782895659.601474	0.475668	0.124818	0.931920	0.008735	-0.030075	0.171488	0.290688	-0.170853	-0.096588
1782895659.633469	0.487236	0.117543	0.927240	0.016875	-0.025316	0.151290	0.260246	-0.179788	-0.071452
1782895659.670405	0.492839	0.112881	0.924742	0.011745	-0.017836	0.140298	0.225569	-0.184723	-0.066609
1782895659.716323	0.499420	0.106479	0.921504	0.011322	-0.013741	0.127597	0.208671	-0.185134	-0.064549
1782895659.757387	0.503534	0.101069	0.919269	0.009089	-0.006908	0.120048	0.165102	-0.204756	-0.056255
1782895659.797453	0.507910	0.093807	0.915952	0.009941	-0.002974	0.109590	0.141576	-0.213586	-0.052290
1782895659.837926	0.510631	0.087992	0.913263	0.008965	0.002176	0.103452	0.127316	-0.223226	-0.054066
1782895659.887209	0.513212	0.079592	0.909301	0.003657	0.008428	0.095736	0.091229	-0.237330	-0.053924
1782895659.930196	0.515593	0.068758	0.904538	-0.000799	0.017640	0.089617	0.066558	-0.241631	-0.045975
1782895659.978435	0.516966	0.060034	0.900269	-0.009346	0.026802	0.083169	0.049803	-0.246243	-0.066871
1782895660.022560	0.517752	0.051177	0.895674	-0.018011	0.033213	0.078117	0.042374	-0.249765	-0.064441
1782895660.068347	0.518378	0.042479	0.890786	-0.025206	0.038139	0.075412	0.026384	-0.244250	-0.085919
1782895660.104535	0.518806	0.034081	0.885941	-0.023933	0.041933	0.071049	0.015827	-0.236060	-0.088472
1782895660.136811	0.519444	0.027978	0.882431	-0.036079	0.045317	0.070026	0.015102	-0.231721	-0.078489
1782895660.183189	0.520111	0.022060	0.879161	-0.036671	0.048815	0.067762	0.010488	-0.221965	-0.045476
1782895660.227307	0.520790	0.015129	0.876212	-0.039617	0.051807	0.065651	0.006625	-0.207454	-0.009632
1782895660.264253	0.522030	0.008793	0.874778	-0.045225	0.054953	0.065634	0.005918	-0.191699	0.013938
1782895660.295573	0.523662	0.003175	0.874484	-0.045040	0.056960	0.063884	0.007080	-0.170888	0.037142
1782895660.338646	0.524776	0.000875	0.875063	-0.042217	0.057398	0.063123	0.008528	-0.147159	0.034448
1782895660.392916	0.527111	-0.003187	0.875568	-0.041215	0.061135	0.058594	0.012119	-0.127640	0.035747
1782895660.428107	0.530622	-0.006913	0.877051	-0.032674	0.062782	0.053329	0.016680	-0.094872	0.037261
1782895660.463615	0.532940	-0.008421	0.877572	-0.043138	0.063557	0.051982	0.011633	-0.085070	0.040062
1782895660.505875	0.536409	-0.009602	0.878263	-0.032285	0.061503	0.044907	0.023559	-0.069778	0.035792
1782895660.556795	0.539350	-0.010113	0.878675	-0.030763	0.061517	0.040871	0.018574	-0.049812	0.022849
1782895660.655227	0.544611	-0.010282	0.879205	-0.017922	0.056777	0.033717	0.027092	-0.032639	0.021518
1782895660.692933	0.554407	-0.008391	0.879777	-0.008325	0.049335	0.023021	0.021974	-0.008770	0.030404
1782895660.727945	0.557818	-0.007536	0.879870	-0.004968	0.048285	0.018977	0.029476	-0.013151	0.037182
1782895660.769260	0.561306	-0.006572	0.879950	-0.007187	0.044685	0.017081	0.020706	-0.008339	0.026562
1782895660.807321	0.565747	-0.004971	0.880102	-0.004873	0.042878	0.013049	0.024470	-0.009794	0.023521
1782895660.854386	0.569036	-0.004415	0.879597	-0.001223	0.041087	0.012645	0.016262	-0.003133	0.023268
1782895660.942715	0.574457	-0.003007	0.879722	-0.002725	0.042598	0.009974	0.010291	-0.007027	0.026118
1782895661.050077	0.582385	-0.001771	0.879051	0.003743	0.042662	0.011753	0.007550	-0.019077	0.023381
1782895661.090308	0.590854	-0.001900	0.879011	0.005808	0.044847	0.014733	-0.013667	-0.023690	0.025718
1782895661.126404	0.593000	-0.002240	0.879040	0.001848	0.048852	0.014368	-0.010893	-0.025550	0.033491
1782895661.168921	0.594957	-0.003056	0.879118	0.008034	0.047627	0.015863	-0.022600	-0.025196	0.027546
1782895661.204761	0.597317	-0.003805	0.879125	0.004842	0.045805	0.017485	-0.020089	-0.028601	0.007709
1782895661.237969	0.599017	-0.004651	0.878970	0.010033	0.043651	0.016625	-0.021219	-0.032591	0.028030
1782895661.279618	0.600604	-0.005492	0.878795	0.001407	0.046013	0.017807	-0.034474	-0.025617	0.027240
1782895661.317754	0.602538	-0.007002	0.878413	0.001040	0.044802	0.017203	-0.038848	-0.021924	0.009423
1782895661.358316	0.603420	-0.007733	0.878067	0.001015	0.044170	0.017511	-0.039108	-0.027165	0.031160
1782895661.395067	0.604444	-0.009110	0.877930	-0.002057	0.047705	0.014552	-0.052983	-0.017744	0.017251
1782895661.437089	0.605146	-0.010048	0.877702	-0.002620	0.046852	0.015045	-0.047242	-0.021813	0.030389
1782895661.479831	0.605805	-0.011420	0.877742	-0.001864	0.050148	0.012033	-0.052307	-0.019371	0.022119
1782895661.509721	0.606139	-0.013218	0.877385	0.003349	0.049340	0.008837	-0.062700	-0.013640	0.009799
1782895661.545614	0.606324	-0.014128	0.876960	0.000009	0.050531	0.007300	-0.057282	-0.016976	0.012728
1782895661.588414	0.606221	-0.015340	0.876422	-0.001588	0.050094	0.005273	-0.066928	-0.014002	0.000972
1782895661.621175	0.606028	-0.016768	0.875488	0.000729	0.051908	0.001338	-0.060676	-0.016797	-0.010451
1782895661.655419	0.605843	-0.018025	0.874728	0.000915	0.050637	-0.000222	-0.064235	-0.018119	-0.004505
1782895661.745934	0.605452	-0.019225	0.873907	-0.000536	0.051164	-0.002617	-0.068316	-0.018580	-0.002577
1782895661.786594	0.604072	-0.022864	0.872647	-0.005922	0.053027	-0.007217	-0.065263	-0.020245	0.012712
1782895661.820256	0.603519	-0.024246	0.872388	-0.007483	0.055187	-0.006734	-0.067164	-0.019492	0.022268
1782895661.860274	0.602583	-0.026010	0.872619	-0.012915	0.057998	-0.007180	-0.069701	-0.018353	0.024752
1782895661.890754	0.601961	-0.027912	0.873068	-0.009818	0.057245	-0.007387	-0.065117	-0.015985	0.020638
1782895661.931435	0.601624	-0.028822	0.873385	-0.014601	0.057782	-0.007125	-0.062355	-0.013793	0.028800
1782895661.974956	0.601031	-0.030263	0.873914	-0.017232	0.060860	-0.008663	-0.059867	-0.008749	0.013363
1782895662.016491	0.600401	-0.031867	0.874310	-0.017648	0.059731	-0.009110	-0.048141	-0.009412	0.007375
1782895662.048126	0.600003	-0.032790	0.874545	-0.013213	0.059085	-0.011783	-0.042690	-0.002839	-0.000164
1782895662.083091	0.599519	-0.033730	0.874727	-0.013466	0.057055	-0.012272	-0.047771	0.002936	-0.010648
1782895662.125524	0.599036	-0.034732	0.874890	-0.009322	0.056110	-0.015700	-0.039085	0.003522	0.001184
1782895662.168079	0.598758	-0.035492	0.874600	-0.011590	0.055357	-0.017323	-0.046829	0.009082	0.002108
1782895662.201438	0.598405	-0.036263	0.874582	-0.007074	0.054326	-0.022356	-0.044610	0.009362	0.000564
1782895662.236156	0.597917	-0.036826	0.874313	-0.009621	0.055004	-0.023052	-0.042940	0.014495	0.012924
1782895662.284468	0.597777	-0.037401	0.874652	-0.001029	0.054586	-0.028181	-0.046531	0.018738	0.010882
1782895662.320642	0.597111	-0.038147	0.875688	-0.003934	0.055700	-0.027982	-0.040538	0.014256	0.014917
1782895662.357205	0.596759	-0.038465	0.876594	-0.003401	0.057430	-0.032779	-0.034348	0.011991	0.044522
1782895662.391509	0.596445	-0.039076	0.877408	-0.008325	0.059249	-0.033319	-0.042682	0.016593	0.039944
1782895662.442656	0.596305	-0.039277	0.878349	-0.007315	0.062072	-0.036809	-0.030840	0.012555	0.038549
1782895662.485600	0.595844	-0.040164	0.879563	-0.003786	0.060471	-0.038952	-0.027256	0.011697	0.021148
1782895662.517706	0.595666	-0.040914	0.880176	-0.002856	0.058929	-0.040694	-0.025073	0.007596	0.012485
1782895662.553832	0.595640	-0.041232	0.880540	-0.002741	0.058615	-0.042685	-0.017361	0.006545	0.018825
1782895662.595843	0.595230	-0.042226	0.881146	-0.003284	0.056188	-0.040032	-0.022375	0.006397	0.017381
1782895662.633900	0.595151	-0.042860	0.882072	-0.008521	0.055802	-0.041098	-0.016257	0.001976	0.029287
1782895662.673418	0.594957	-0.043813	0.883191	-0.003928	0.051280	-0.040152	-0.018155	-0.001558	0.036905
1782895662.707728	0.594677	-0.044766	0.884439	-0.002272	0.052058	-0.039629	-0.022199	0.004321	0.039267
1782895662.752069	0.594710	-0.045242	0.885000	-0.005228	0.050698	-0.039962	-0.017111	-0.000959	0.034291
1782895662.856673	0.594184	-0.046423	0.886081	-0.006685	0.053088	-0.037388	-0.016424	-0.002505	0.026447
1782895662.886708	0.593214	-0.048347	0.887610	-0.012780	0.053620	-0.033911	-0.022378	0.009779	0.016125
1782895662.919333	0.592888	-0.049045	0.887764	-0.011963	0.054684	-0.034138	-0.016664	0.003091	0.024401
1782895662.963709	0.592717	-0.049360	0.887858	-0.008212	0.054005	-0.033529	-0.021181	0.009226	-0.006273
1782895663.000830	0.592001	-0.050150	0.887351	-0.007404	0.055366	-0.033629	-0.011582	0.002512	-0.008649
1782895663.034923	0.591575	-0.050630	0.886590	-0.005253	0.052263	-0.032362	-0.021216	0.012261	-0.014039
1782895663.080592	0.591103	-0.051107	0.885992	-0.004204	0.053917	-0.032692	-0.012322	0.004530	-0.007941
1782895663.123817	0.590152	-0.051835	0.884508	-0.005827	0.051734	-0.033151	-0.014226	0.006516	-0.010939
1782895663.166817	0.589449	-0.052273	0.883731	-0.006516	0.049450	-0.032585	-0.022159	0.009959	-0.027287
1782895663.199243	0.588671	-0.052921	0.882413	-0.002889	0.047599	-0.034492	-0.014103	0.006310	-0.032445
1782895663.234835	0.588071	-0.053387	0.881331	0.000425	0.045296	-0.034995	-0.017645	0.004254	-0.020967
1782895663.283225	0.587328	-0.053956	0.880226	-0.005987	0.044801	-0.035704	-0.022250	0.004238	-0.025189
1782895663.326773	0.585974	-0.054606	0.878985	-0.005466	0.045336	-0.037486	-0.018359	0.002719	-0.022232
1782895663.368905	0.585106	-0.055117	0.878426	-0.010371	0.046861	-0.039927	-0.016630	0.001873	-0.009410
1782895663.406962	0.583766	-0.055857	0.877948	-0.007951	0.046847	-0.038482	-0.019471	0.002496	0.002195
1782895663.445288	0.582873	-0.056226	0.878310	-0.010293	0.048788	-0.038177	-0.019795	0.003977	0.005383
1782895663.484391	0.581545	-0.056490	0.878899	-0.007433	0.049444	-0.038978	-0.014495	0.005660	0.010681
1782895663.519211	0.580295	-0.056703	0.879355	-0.013500	0.051356	-0.038011	-0.013447	0.011530	0.019888
1782895663.569908	0.579335	-0.056636	0.880053	-0.016508	0.054815	-0.038455	-0.013294	0.011499	0.015125
1782895663.602676	0.578035	-0.056405	0.881380	-0.013607	0.054749	-0.035928	-0.012150	0.019021	0.018138
1782895663.644366	0.577615	-0.056432	0.881833	-0.013321	0.056424	-0.036931	-0.004959	0.023967	0.023537
1782895663.694234	0.576545	-0.055987	0.882681	-0.014376	0.053972	-0.034897	-0.009024	0.028423	0.016790
1782895663.736026	0.576046	-0.055160	0.883477	-0.011821	0.054608	-0.035866	-0.003606	0.036450	0.007100
1782895663.778483	0.575565	-0.054309	0.884124	-0.014158	0.055407	-0.036370	0.006708	0.036189	-0.001595
1782895663.840607	0.574677	-0.052629	0.884532	-0.007860	0.053122	-0.036352	0.009610	0.043070	-0.000180
1782895663.926743	0.574283	-0.051651	0.884705	-0.009687	0.051575	-0.034029	0.003658	0.046145	0.005212
1782895664.059462	0.573516	-0.049113	0.886428	-0.006424	0.048551	-0.034750	0.011709	0.047390	0.023012
1782895664.160187	0.572702	-0.044526	0.892329	0.002792	0.047436	-0.029241	0.006459	0.041796	0.042972
1782895664.200788	0.571588	-0.042637	0.897022	0.013778	0.047089	-0.025226	0.000247	0.029186	0.045850
1782895664.245505	0.571052	-0.041912	0.899284	0.013663	0.050579	-0.023936	-0.000375	0.025165	0.049618
1782895664.285214	0.570457	-0.041957	0.901019	0.013444	0.049326	-0.018933	0.003214	0.011749	0.033654
