时间(s)	位置x(m)	位置y(m)	位置z(m)	欧拉角roll(rad)	欧拉角pitch(rad)	欧拉角yaw(rad)	速度x(m/s)	速度y(m/s)	速度z(m/s)
1782895841.324928	-0.524582	-0.015943	1.247771	0.004830	-0.003208	0.013092	0.041706	-0.020375	0.001390
1782895841.335886	-0.524296	-0.016224	1.247805	0.008770	-0.005173	0.013738	0.036700	-0.019846	0.000553
1782895841.344287	-0.523940	-0.016407	1.248025	0.006295	-0.004929	0.014237	0.036700	-0.019846	0.000553
1782895841.354403	-0.523940	-0.016407	1.248025	0.006295	-0.004929	0.014237	0.039437	-0.024749	0.007188
1782895841.366683	-0.523592	-0.016386	1.248146	0.010234	-0.005545	0.015504	0.039437	-0.024749	0.007188
1782895841.377336	-0.523422	-0.016309	1.248345	0.007548	-0.004253	0.018500	0.039758	-0.026906	0.030248
1782895841.383843	-0.523313	-0.016461	1.248764	0.006732	-0.003489	0.021460	0.039758	-0.026906	0.030248
1782895841.396597	-0.523313	-0.016461	1.248764	0.006732	-0.003489	0.021460	0.039758	-0.026906	0.030248
1782895841.404528	-0.522753	-0.016516	1.249770	0.006872	-0.003860	0.027568	0.034115	-0.022314	0.060971
1782895841.416872	-0.522753	-0.016516	1.249770	0.006872	-0.003860	0.027568	0.034115	-0.022314	0.060971
1782895841.424398	-0.522225	-0.016551	1.251524	0.005866	-0.004556	0.033235	0.034274	-0.023234	0.086903
1782895841.434770	-0.522225	-0.016551	1.251524	0.005866	-0.004556	0.033235	0.034274	-0.023234	0.086903
1782895841.443369	-0.522105	-0.016644	1.252833	0.004564	-0.003607	0.035624	0.039217	-0.024847	0.128324
1782895841.455129	-0.522105	-0.016644	1.252833	0.004564	-0.003607	0.035624	0.038449	-0.021237	0.141851
1782895841.464631	-0.521557	-0.016576	1.257723	0.002871	-0.004766	0.045559	0.038449	-0.021237	0.141851
1782895841.474051	-0.521557	-0.016576	1.257723	0.002871	-0.004766	0.045559	0.040244	-0.022711	0.174996
1782895841.484339	-0.521250	-0.016633	1.259730	0.002594	-0.005222	0.049499	0.040244	-0.022711	0.174996
1782895841.495494	-0.521035	-0.016803	1.261527	0.001721	-0.005298	0.053069	0.032563	-0.022627	0.181697
1782895841.504944	-0.520901	-0.017004	1.263515	0.001007	-0.006127	0.056508	0.032563	-0.022627	0.181697
1782895841.516758	-0.520681	-0.016843	1.265599	0.000171	-0.006339	0.058383	0.030888	-0.019923	0.193552
1782895841.524926	-0.520561	-0.016875	1.267576	0.003724	-0.007489	0.062890	0.030888	-0.019923	0.193552
1782895841.535758	-0.520375	-0.017120	1.269713	-0.000864	-0.005052	0.066390	0.033318	-0.022848	0.191847
1782895841.543971	-0.520133	-0.016964	1.271956	0.003246	-0.006543	0.069399	0.033318	-0.022848	0.191847
1782895841.554136	-0.519944	-0.016917	1.273936	0.004595	-0.005900	0.073592	0.029472	-0.020899	0.184522
1782895841.565324	-0.519944	-0.016917	1.273936	0.004595	-0.005900	0.073592	0.029472	-0.020899	0.184522
1782895841.576529	-0.519791	-0.017069	1.275784	0.003444	-0.006219	0.076434	0.033204	-0.020580	0.172421
1782895841.583977	-0.519635	-0.016830	1.277654	0.002146	-0.005204	0.078827	0.033204	-0.020580	0.172421
1782895841.595204	-0.519435	-0.017075	1.279649	0.000452	-0.005454	0.083280	0.033204	-0.020580	0.172421
1782895841.604792	-0.519252	-0.017062	1.281112	-0.000054	-0.006310	0.086905	0.037936	-0.025980	0.155843
1782895841.615613	-0.518990	-0.017087	1.282741	0.005273	-0.005193	0.089989	0.037352	-0.028202	0.128619
1782895841.624179	-0.519022	-0.017062	1.284363	-0.000957	-0.005008	0.093499	0.037352	-0.028202	0.128619
1782895841.638454	-0.518790	-0.017060	1.285765	0.005087	-0.005822	0.095200	0.032352	-0.022857	0.104979
1782895841.646305	-0.518790	-0.017060	1.285765	0.005087	-0.005822	0.095200	0.032352	-0.022857	0.104979
1782895841.654782	-0.518473	-0.017091	1.287724	0.000940	-0.005210	0.102633	0.029734	-0.019346	0.085136
1782895841.665388	-0.518225	-0.017106	1.288605	0.000982	-0.004299	0.107273	0.029734	-0.019346	0.085136
1782895841.675162	-0.518225	-0.017106	1.288605	0.000982	-0.004299	0.107273	0.029028	-0.026262	0.079015
1782895841.683786	-0.517980	-0.017027	1.289567	0.002482	-0.004168	0.109963	0.029028	-0.026262	0.079015
1782895841.695379	-0.517980	-0.017027	1.289567	0.002482	-0.004168	0.109963	0.031516	-0.028972	0.060797
1782895841.705542	-0.517943	-0.017101	1.290131	0.005801	-0.004876	0.113359	0.031516	-0.028972	0.060797
1782895841.715796	-0.517731	-0.017341	1.290904	0.007795	-0.007126	0.121541	0.030933	-0.029327	0.035503
1782895841.725138	-0.517450	-0.017113	1.291465	0.006612	-0.006918	0.125026	0.030933	-0.029327	0.035503
1782895841.736581	-0.517308	-0.017173	1.291729	0.005519	-0.006883	0.126921	0.030933	-0.029327	0.035503
1782895841.744962	-0.517169	-0.017098	1.291709	0.002363	-0.005884	0.131741	0.031268	-0.027683	0.011651
1782895841.755851	-0.517039	-0.016999	1.291773	0.002258	-0.005266	0.135681	0.033615	-0.029289	0.009755
1782895841.764551	-0.517039	-0.016999	1.291773	0.002258	-0.005266	0.135681	0.033615	-0.029289	0.009755
1782895841.774486	-0.516827	-0.017265	1.291641	0.003859	-0.006197	0.139982	0.030634	-0.034480	0.002325
1782895841.785610	-0.516745	-0.017327	1.291595	0.001603	-0.005436	0.143941	0.030634	-0.034480	0.002325
1782895841.794168	-0.516673	-0.017269	1.291686	0.003925	-0.005551	0.145649	0.025017	-0.031622	-0.000743
1782895841.805991	-0.516673	-0.017269	1.291686	0.003925	-0.005551	0.145649	0.025017	-0.031622	-0.000743
1782895841.816070	-0.516288	-0.017307	1.291501	0.002572	-0.005460	0.153528	0.028479	-0.032971	0.004889
1782895841.824805	-0.515926	-0.017344	1.291309	0.007526	-0.006452	0.157165	0.028479	-0.032971	0.004889
1782895841.834742	-0.515844	-0.017509	1.291157	0.000732	-0.004696	0.161098	0.024066	-0.034203	0.005197
1782895841.844411	-0.515806	-0.017451	1.291140	0.000889	-0.005380	0.164622	0.024066	-0.034203	0.005197
1782895841.854236	-0.515570	-0.017528	1.290957	0.003631	-0.003999	0.167756	0.025023	-0.032967	0.016706
1782895841.864131	-0.515570	-0.017528	1.290957	0.003631	-0.003999	0.167756	0.025023	-0.032967	0.016706
1782895841.876332	-0.515286	-0.017699	1.290908	0.003545	-0.003213	0.172311	0.024671	-0.033510	0.018374
1782895841.885620	-0.515286	-0.017699	1.290908	0.003545	-0.003213	0.172311	0.024671	-0.033510	0.018374
1782895841.897047	-0.514984	-0.017673	1.291068	0.003493	-0.002093	0.179135	0.022980	-0.034732	0.026308
1782895841.906217	-0.514825	-0.017634	1.291258	0.000861	-0.001878	0.182240	0.022980	-0.034732	0.026308
1782895841.916415	-0.514650	-0.017660	1.291306	-0.000070	-0.001509	0.184107	0.029145	-0.036368	0.022440
1782895841.924154	-0.514473	-0.017823	1.291502	0.000330	-0.001424	0.187732	0.029145	-0.036368	0.022440
1782895841.935618	-0.514222	-0.017962	1.291494	0.001936	-0.002534	0.192306	0.023474	-0.034649	0.014932
1782895841.944995	-0.514054	-0.018003	1.291582	0.000635	-0.001845	0.195157	0.023474	-0.034649	0.014932
1782895841.957175	-0.514127	-0.018152	1.291691	0.002176	-0.003819	0.199888	0.028736	-0.037786	0.027726
1782895841.967708	-0.514030	-0.018171	1.291760	0.003780	-0.004392	0.202560	0.028736	-0.037786	0.027726
1782895841.975252	-0.514030	-0.018171	1.291760	0.003780	-0.004392	0.202560	0.032956	-0.040495	0.015115
1782895841.984332	-0.513755	-0.018218	1.291749	0.003429	-0.004514	0.207085	0.032956	-0.040495	0.015115
1782895841.995466	-0.513502	-0.018364	1.291843	0.003084	-0.004356	0.211546	0.027582	-0.034829	0.013502
1782895842.004308	-0.513502	-0.018364	1.291843	0.003084	-0.004356	0.211546	0.027582	-0.034829	0.013502
1782895842.014536	-0.513014	-0.018465	1.291957	0.005067	-0.002268	0.216758	0.027582	-0.034829	0.013502
1782895842.023973	-0.513014	-0.018465	1.291957	0.005067	-0.002268	0.216758	0.033123	-0.039871	0.026045
1782895842.036832	-0.512652	-0.018695	1.292073	0.007354	-0.003030	0.223474	0.030884	-0.038858	0.011857
1782895842.044241	-0.512422	-0.018987	1.292165	0.003470	-0.002359	0.228268	0.030884	-0.038858	0.011857
1782895842.053443	-0.512422	-0.018987	1.292165	0.003470	-0.002359	0.228268	0.029308	-0.035415	0.024516
1782895842.065171	-0.512228	-0.018790	1.292352	0.001896	-0.001142	0.232090	0.029308	-0.035415	0.024516
1782895842.074344	-0.512098	-0.018770	1.292465	-0.000504	-0.001736	0.236071	0.030308	-0.038789	0.027797
1782895842.084723	-0.511896	-0.018886	1.292603	-0.000968	-0.000331	0.240163	0.030308	-0.038789	0.027797
1782895842.095909	-0.511703	-0.018912	1.292739	-0.002101	-0.000970	0.243281	0.028099	-0.033918	0.030257
1782895842.105289	-0.511703	-0.018912	1.292739	-0.002101	-0.000970	0.243281	0.028099	-0.033918	0.030257
1782895842.119002	-0.511074	-0.018859	1.293219	-0.002160	0.000488	0.249613	0.029773	-0.032508	0.029860
1782895842.133777	-0.511074	-0.018859	1.293219	-0.002160	0.000488	0.249613	0.029773	-0.032508	0.029860
1782895842.139157	-0.510621	-0.018741	1.293510	-0.002264	0.000008	0.254878	0.024133	-0.031518	0.031802
1782895842.145808	-0.510621	-0.018741	1.293510	-0.002264	0.000008	0.254878	0.024133	-0.031518	0.031802
1782895842.156821	-0.510270	-0.018993	1.293794	-0.000381	-0.000202	0.260335	0.029059	-0.032731	0.037357
1782895842.166383	-0.510130	-0.019080	1.293912	-0.000032	-0.000668	0.263895	0.029059	-0.032731	0.037357
1782895842.177393	-0.509751	-0.019048	1.294065	-0.000549	-0.000471	0.267079	0.031044	-0.032115	0.020390
1782895842.185485	-0.509751	-0.019048	1.294065	-0.000549	-0.000471	0.267079	0.031044	-0.032115	0.020390
1782895842.195385	-0.509657	-0.019046	1.294067	-0.002228	-0.000195	0.270338	0.027496	-0.026887	0.015311
1782895842.204576	-0.509093	-0.019042	1.294186	0.000073	0.000682	0.276208	0.027496	-0.026887	0.015311
1782895842.214462	-0.508803	-0.018964	1.294191	0.000520	0.000588	0.279293	0.036083	-0.030012	0.019587
1782895842.224344	-0.508463	-0.018845	1.294071	-0.001789	0.000803	0.281816	0.036083	-0.030012	0.019587
1782895842.235199	-0.508107	-0.018747	1.293920	-0.005569	0.001802	0.285575	0.037697	-0.030145	-0.003404
1782895842.244465	-0.507743	-0.018873	1.293735	-0.005804	0.000572	0.288720	0.037697	-0.030145	-0.003404
1782895842.255439	-0.507507	-0.018828	1.293580	-0.006329	0.000394	0.292311	0.032578	-0.021293	-0.010351
1782895842.264482	-0.507507	-0.018828	1.293580	-0.006329	0.000394	0.292311	0.032578	-0.021293	-0.010351
1782895842.273458	-0.507222	-0.018843	1.293316	-0.005111	-0.000383	0.296510	0.038573	-0.026607	-0.008826
1782895842.285882	-0.507000	-0.018642	1.293332	-0.005009	-0.000929	0.298772	0.038573	-0.026607	-0.008826
1782895842.294106	-0.506689	-0.018655	1.293148	-0.006686	-0.000983	0.302534	0.034938	-0.022928	-0.011646
1782895842.303759	-0.506351	-0.018466	1.293072	-0.004548	-0.001510	0.306273	0.034938	-0.022928	-0.011646
1782895842.313618	-0.506052	-0.018363	1.292809	-0.003885	-0.000221	0.307576	0.037564	-0.018601	-0.004201
1782895842.324046	-0.505754	-0.018147	1.292662	-0.002964	-0.000257	0.311483	0.037564	-0.018601	-0.004201
1782895842.334140	-0.505548	-0.018148	1.292604	-0.006939	0.001389	0.313352	0.036736	-0.019782	-0.005872
1782895842.344083	-0.505548	-0.018148	1.292604	-0.006939	0.001389	0.313352	0.036736	-0.019782	-0.005872
1782895842.354538	-0.504931	-0.017831	1.292446	-0.008233	0.000630	0.320173	0.036273	-0.016137	0.005746
1782895842.364182	-0.504551	-0.017660	1.292400	-0.006417	0.000440	0.322672	0.036273	-0.016137	0.005746
1782895842.375637	-0.504551	-0.017660	1.292400	-0.006417	0.000440	0.322672	0.038110	-0.016042	0.004432
1782895842.385189	-0.504399	-0.017615	1.292423	-0.004453	-0.000159	0.327292	0.038110	-0.016042	0.004432
1782895842.395985	-0.504189	-0.017373	1.292565	-0.003370	-0.000254	0.329799	0.038110	-0.016042	0.004432
1782895842.408558	-0.503860	-0.017018	1.292832	-0.003299	-0.000675	0.332511	0.031291	-0.010684	0.013441
1782895842.413995	-0.503449	-0.016955	1.293167	0.000579	-0.002013	0.335219	0.036597	-0.012145	0.025005
1782895842.424142	-0.503327	-0.016612	1.293167	-0.001798	-0.001370	0.337484	0.036597	-0.012145	0.025005
1782895842.435248	-0.503129	-0.016362	1.293216	0.001617	-0.001464	0.340468	0.036597	-0.012145	0.025005
1782895842.446184	-0.502854	-0.016196	1.293393	-0.000560	-0.002689	0.344757	0.032235	-0.006898	0.011495
1782895842.455076	-0.502854	-0.016196	1.293393	-0.000560	-0.002689	0.344757	0.031210	-0.004674	0.028927
1782895842.467338	-0.502854	-0.016196	1.293393	-0.000560	-0.002689	0.344757	0.031210	-0.004674	0.028927
1782895842.477413	-0.502180	-0.015643	1.293811	-0.001284	-0.003514	0.350231	0.036311	-0.008381	0.025885
1782895842.486197	-0.501905	-0.015496	1.293968	-0.003851	-0.003621	0.354537	0.036311	-0.008381	0.025885
1782895842.499568	-0.501905	-0.015496	1.293968	-0.003851	-0.003621	0.354537	0.030159	-0.001804	0.020002
1782895842.506748	-0.501715	-0.015317	1.294129	-0.006143	-0.003003	0.357067	0.030159	-0.001804	0.020002
1782895842.519795	-0.501008	-0.014672	1.294596	-0.004042	-0.002887	0.362323	0.033149	-0.005261	0.034685
1782895842.526938	-0.500856	-0.014431	1.294721	-0.003278	-0.003159	0.363215	0.033149	-0.005261	0.034685
1782895842.538878	-0.500587	-0.014238	1.294893	-0.005550	-0.003399	0.366006	0.034820	-0.007431	0.026143
1782895842.547204	-0.500257	-0.013879	1.294970	-0.004647	-0.003198	0.368793	0.034820	-0.007431	0.026143
1782895842.556974	-0.500257	-0.013879	1.294970	-0.004647	-0.003198	0.368793	0.032740	-0.001625	0.022717
1782895842.563654	-0.499939	-0.013657	1.295143	-0.000241	-0.004977	0.373177	0.032740	-0.001625	0.022717
1782895842.575592	-0.499939	-0.013657	1.295143	-0.000241	-0.004977	0.373177	0.032740	-0.001625	0.022717
1782895842.584023	-0.499489	-0.013194	1.295679	0.003007	-0.006848	0.381641	0.036617	-0.003343	0.026310
1782895842.597430	-0.499489	-0.013194	1.295679	0.003007	-0.006848	0.381641	0.032253	-0.003330	0.025611
1782895842.605330	-0.498986	-0.012709	1.296270	0.003735	-0.004781	0.384791	0.032253	-0.003330	0.025611
1782895842.615732	-0.498986	-0.012709	1.296270	0.003735	-0.004781	0.384791	0.032253	-0.003330	0.025611
1782895842.624975	-0.498703	-0.012353	1.296387	0.003719	-0.004140	0.388351	0.036808	-0.002743	0.026283
1782895842.634081	-0.498486	-0.012084	1.296512	0.004285	-0.004174	0.390546	0.036934	-0.003228	0.018936
1782895842.644395	-0.498258	-0.011804	1.296680	0.004136	-0.004177	0.393252	0.036934	-0.003228	0.018936
1782895842.654874	-0.498258	-0.011804	1.296680	0.004136	-0.004177	0.393252	0.032494	-0.001822	0.017392
1782895842.663945	-0.497829	-0.011290	1.296841	0.001410	-0.004537	0.398832	0.032494	-0.001822	0.017392
1782895842.674195	-0.497545	-0.010913	1.297068	0.001992	-0.005459	0.401626	0.039214	-0.003672	0.017939
1782895842.684727	-0.497545	-0.010913	1.297068	0.001992	-0.005459	0.401626	0.039214	-0.003672	0.017939
1782895842.695403	-0.496896	-0.010485	1.297315	0.002775	-0.004877	0.405913	0.036121	-0.004631	-0.003339
1782895842.703691	-0.496770	-0.010149	1.297283	0.006390	-0.005046	0.408569	0.036121	-0.004631	-0.003339
1782895842.713685	-0.496645	-0.009904	1.297280	0.005885	-0.005172	0.410677	0.028246	0.001410	-0.005154
1782895842.723364	-0.496645	-0.009904	1.297280	0.005885	-0.005172	0.410677	0.028246	0.001410	-0.005154
1782895842.737839	-0.496645	-0.009904	1.297280	0.005885	-0.005172	0.410677	0.032595	-0.003583	0.006078
1782895842.743207	-0.495948	-0.009290	1.297042	0.005951	-0.005982	0.417267	0.032595	-0.003583	0.006078
1782895842.754099	-0.495829	-0.009230	1.297105	0.004038	-0.006270	0.419959	0.030096	-0.003608	-0.006960
1782895842.764734	-0.495599	-0.008783	1.297089	0.005641	-0.005764	0.423118	0.030096	-0.003608	-0.006960
1782895842.774529	-0.495404	-0.008484	1.297022	0.004855	-0.004931	0.425214	0.025316	0.002313	-0.001671
1782895842.784543	-0.495183	-0.008326	1.296924	0.006837	-0.003939	0.427851	0.025316	0.002313	-0.001671
1782895842.795600	-0.495011	-0.008068	1.296817	0.006211	-0.004049	0.430793	0.025316	0.002313	-0.001671
1782895842.804216	-0.495011	-0.008068	1.296817	0.006211	-0.004049	0.430793	0.028578	-0.004353	0.003323
1782895842.816840	-0.494768	-0.007819	1.296779	0.007285	-0.004616	0.433852	0.024364	-0.003636	0.004739
1782895842.824451	-0.494236	-0.007367	1.296767	0.007931	-0.003841	0.438941	0.024364	-0.003636	0.004739
1782895842.837350	-0.494236	-0.007367	1.296767	0.007931	-0.003841	0.438941	0.026775	-0.002281	0.015410
1782895842.844867	-0.494009	-0.007231	1.296733	0.008812	-0.004104	0.441887	0.026775	-0.002281	0.015410
1782895842.853758	-0.493780	-0.007035	1.296927	0.007673	-0.004705	0.445075	0.023731	-0.004130	0.011968
1782895842.866491	-0.493544	-0.006813	1.296919	0.005097	-0.004142	0.449101	0.023731	-0.004130	0.011968
1782895842.875192	-0.493256	-0.006369	1.297070	0.005012	-0.004664	0.451494	0.025406	-0.004503	0.019806
1782895842.884614	-0.492959	-0.006145	1.297117	0.007910	-0.003699	0.453008	0.025406	-0.004503	0.019806
1782895842.896542	-0.492959	-0.006145	1.297117	0.007910	-0.003699	0.453008	0.032657	-0.008618	0.016731
1782895842.904798	-0.492470	-0.005860	1.297384	0.010444	-0.003493	0.456939	0.032657	-0.008618	0.016731
1782895842.915689	-0.492210	-0.005640	1.297430	0.009414	-0.004336	0.459882	0.032657	-0.008618	0.016731
1782895842.924213	-0.491993	-0.005471	1.297473	0.007657	-0.005853	0.461809	0.026631	-0.006577	0.006957
1782895842.935168	-0.491993	-0.005471	1.297473	0.007657	-0.005853	0.461809	0.028854	-0.008751	0.014750
1782895842.946592	-0.491687	-0.005282	1.297566	0.003512	-0.005594	0.464930	0.028854	-0.008751	0.014750
1782895842.955566	-0.491226	-0.004891	1.297340	0.009029	-0.005669	0.470122	0.036502	-0.014145	0.003042
1782895842.964371	-0.490930	-0.004650	1.297274	0.010286	-0.006003	0.473137	0.036502	-0.014145	0.003042
1782895842.973508	-0.490930	-0.004650	1.297274	0.010286	-0.006003	0.473137	0.030296	-0.009113	-0.009039
1782895842.985005	-0.490763	-0.004388	1.297412	0.006959	-0.005191	0.475411	0.030296	-0.009113	-0.009039
1782895842.997392	-0.490457	-0.004325	1.297418	0.003527	-0.005484	0.477821	0.030220	-0.010474	0.001879
1782895843.005380	-0.490457	-0.004325	1.297418	0.003527	-0.005484	0.477821	0.030220	-0.010474	0.001879
1782895843.015755	-0.490061	-0.004121	1.297314	0.005601	-0.006423	0.482824	0.032913	-0.016073	-0.006212
1782895843.026069	-0.489766	-0.004048	1.297225	0.008673	-0.007480	0.485703	0.032913	-0.016073	-0.006212
1782895843.033955	-0.489537	-0.003920	1.297354	0.007653	-0.007658	0.488251	0.027785	-0.011416	-0.009411
1782895843.045460	-0.489259	-0.003787	1.297284	0.008128	-0.008913	0.490310	0.027785	-0.011416	-0.009411
1782895843.056705	-0.489259	-0.003787	1.297284	0.008128	-0.008913	0.490310	0.030028	-0.011742	-0.003722
1782895843.066127	-0.488750	-0.003448	1.297311	0.006405	-0.007530	0.494386	0.030028	-0.011742	-0.003722
1782895843.075194	-0.488750	-0.003448	1.297311	0.006405	-0.007530	0.494386	0.021463	-0.012276	-0.003964
1782895843.084201	-0.488459	-0.003207	1.297439	0.006371	-0.007286	0.496379	0.021463	-0.012276	-0.003964
1782895843.095242	-0.488278	-0.003100	1.297438	0.008903	-0.007587	0.499607	0.022228	-0.011563	0.007222
1782895843.104677	-0.488080	-0.002989	1.297280	0.009604	-0.007012	0.501958	0.022228	-0.011563	0.007222
1782895843.116325	-0.488080	-0.002989	1.297280	0.009604	-0.007012	0.501958	0.022228	-0.011563	0.007222
1782895843.124126	-0.487582	-0.002787	1.297024	0.010726	-0.008647	0.508791	0.028501	-0.015820	0.008672
1782895843.134436	-0.487290	-0.002649	1.297135	0.008861	-0.009846	0.510563	0.014740	-0.008756	0.001119
1782895843.145250	-0.487220	-0.002595	1.297162	0.009110	-0.008624	0.511139	0.014740	-0.008756	0.001119
1782895843.154416	-0.487220	-0.002595	1.297162	0.009110	-0.008624	0.511139	0.020246	-0.014093	0.015851
1782895843.165634	-0.486952	-0.002571	1.297168	0.005869	-0.007169	0.513277	0.020246	-0.014093	0.015851
1782895843.176078	-0.486674	-0.002480	1.297056	0.006679	-0.008215	0.516105	0.026570	-0.017178	0.004441
1782895843.186542	-0.486674	-0.002480	1.297056	0.006679	-0.008215	0.516105	0.026570	-0.017178	0.004441
1782895843.196377	-0.486171	-0.002315	1.297121	0.007711	-0.008414	0.519733	0.015001	-0.009273	0.003123
1782895843.205739	-0.486171	-0.002315	1.297121	0.007711	-0.008414	0.519733	0.015001	-0.009273	0.003123
1782895843.214477	-0.485974	-0.002255	1.297085	0.006150	-0.008497	0.522127	0.015001	-0.009273	0.003123
1782895843.225578	-0.485667	-0.001941	1.296956	0.006564	-0.009065	0.528681	0.018774	-0.014986	0.007695
1782895843.235048	-0.485395	-0.001827	1.297195	0.002621	-0.008724	0.531333	0.018774	-0.014986	0.007695
1782895843.248846	-0.485163	-0.001904	1.297236	0.002018	-0.007816	0.533857	0.015385	-0.013100	0.006472
1782895843.257053	-0.485163	-0.001904	1.297236	0.002018	-0.007816	0.533857	0.019752	-0.013404	0.012999
1782895843.273639	-0.484999	-0.001881	1.297206	0.002332	-0.006433	0.536178	0.019752	-0.013404	0.012999
1782895843.280058	-0.484723	-0.001777	1.297243	0.000319	-0.005314	0.536640	0.017277	-0.015183	0.008381
1782895843.288009	-0.484723	-0.001777	1.297243	0.000319	-0.005314	0.536640	0.017277	-0.015183	0.008381
1782895843.296514	-0.484302	-0.001572	1.297281	0.004504	-0.002744	0.541707	0.017277	-0.015183	0.008381
1782895843.305980	-0.484086	-0.001468	1.297404	0.002029	-0.002235	0.544055	0.015827	-0.011625	0.000387
1782895843.317228	-0.483842	-0.001553	1.297316	0.007695	-0.004591	0.548222	0.015827	-0.011625	0.000387
1782895843.324187	-0.483795	-0.001444	1.297279	0.007651	-0.004459	0.550010	0.023912	-0.015766	0.011494
1782895843.335340	-0.483523	-0.001354	1.297355	0.005558	-0.003241	0.552005	0.016133	-0.012869	-0.002616
1782895843.344095	-0.483301	-0.001280	1.297435	0.005044	-0.002968	0.553336	0.016133	-0.012869	-0.002616
1782895843.354652	-0.483164	-0.001119	1.297476	0.003874	-0.002900	0.555464	0.014989	-0.012101	0.006932
1782895843.364707	-0.482842	-0.001031	1.297551	0.001814	-0.002058	0.557225	0.014989	-0.012101	0.006932
1782895843.373588	-0.482842	-0.001031	1.297551	0.001814	-0.002058	0.557225	0.023256	-0.017641	0.002821
1782895843.384768	-0.482646	-0.001113	1.297418	0.004232	-0.002997	0.559992	0.023256	-0.017641	0.002821
1782895843.394618	-0.482449	-0.001005	1.297191	0.004853	-0.004850	0.562838	0.023256	-0.017641	0.002821
1782895843.403850	-0.482243	-0.000918	1.297092	0.004535	-0.004147	0.564808	0.016945	-0.012956	-0.007139
1782895843.416157	-0.482044	-0.000906	1.297181	0.003264	-0.003102	0.568584	0.016945	-0.012956	-0.007139
1782895843.430004	-0.481783	-0.000930	1.297144	0.005132	-0.002669	0.570771	0.019980	-0.013829	0.006029
1782895843.436576	-0.481595	-0.000871	1.297167	0.004546	-0.003189	0.572705	0.023074	-0.017361	0.001705
1782895843.444149	-0.481332	-0.000927	1.297211	0.003545	-0.001744	0.575325	0.023074	-0.017361	0.001705
1782895843.454187	-0.481070	-0.000638	1.297368	0.002671	-0.001747	0.576481	0.020387	-0.013771	0.001813
1782895843.465876	-0.480727	-0.000425	1.297400	0.008209	-0.002857	0.578412	0.026397	-0.016592	0.003986
1782895843.475006	-0.480727	-0.000425	1.297400	0.008209	-0.002857	0.578412	0.026397	-0.016592	0.003986
1782895843.485141	-0.480472	-0.000371	1.297614	0.008164	-0.003260	0.581148	0.026397	-0.016592	0.003986
1782895843.497508	-0.480155	-0.000306	1.297610	0.008203	-0.002644	0.583286	0.022257	-0.016582	0.004271
1782895843.505567	-0.480061	-0.000288	1.297754	0.008633	-0.004004	0.585284	0.022257	-0.016582	0.004271
1782895843.517478	-0.480061	-0.000288	1.297754	0.008633	-0.004004	0.585284	0.014156	-0.013318	0.012691
1782895843.524455	-0.479510	-0.000394	1.297930	0.006304	-0.005075	0.589795	0.014156	-0.013318	0.012691
1782895843.536066	-0.479510	-0.000394	1.297930	0.006304	-0.005075	0.589795	0.014156	-0.013318	0.012691
1782895843.545396	-0.478841	-0.000118	1.298074	0.006891	-0.004664	0.593138	0.021284	-0.017158	0.020748
1782895843.554953	-0.478572	0.000036	1.298122	0.006781	-0.004408	0.594591	0.020323	-0.014056	0.003658
1782895843.564198	-0.478220	0.000032	1.298149	0.004662	-0.003129	0.596242	0.020323	-0.014056	0.003658
1782895843.573452	-0.478220	0.000032	1.298149	0.004662	-0.003129	0.596242	0.017398	-0.012573	0.008593
1782895843.585992	-0.477974	0.000135	1.298302	0.003282	-0.002944	0.597885	0.017398	-0.012573	0.008593
1782895843.596804	-0.477974	0.000135	1.298302	0.003282	-0.002944	0.597885	0.021625	-0.017823	-0.010021
1782895843.604185	-0.477459	0.000181	1.298412	0.001836	-0.003037	0.602680	0.021625	-0.017823	-0.010021
1782895843.615519	-0.477106	0.000076	1.298470	0.002055	-0.003561	0.605487	0.017489	-0.012598	0.001885
1782895843.624493	-0.476874	0.000153	1.298526	0.002817	-0.003675	0.606564	0.017489	-0.012598	0.001885
1782895843.637464	-0.476496	0.000084	1.298573	0.003023	-0.003925	0.609094	0.022337	-0.017461	0.006063
1782895843.645222	-0.476496	0.000084	1.298573	0.003023	-0.003925	0.609094	0.022337	-0.017461	0.006063
1782895843.654093	-0.475940	0.000338	1.298786	0.007248	-0.003408	0.611951	0.016571	-0.014735	0.002740
1782895843.665974	-0.475708	0.000412	1.298911	0.007183	-0.004824	0.613689	0.016571	-0.014735	0.002740
1782895843.674296	-0.475708	0.000412	1.298911	0.007183	-0.004824	0.613689	0.018427	-0.015437	0.013378
1782895843.684104	-0.475379	0.000345	1.299003	0.004756	-0.005234	0.616329	0.018427	-0.015437	0.013378
1782895843.695570	-0.475379	0.000345	1.299003	0.004756	-0.005234	0.616329	0.027450	-0.019771	0.011299
1782895843.705507	-0.474806	0.000459	1.299134	0.006546	-0.005267	0.620694	0.027450	-0.019771	0.011299
1782895843.714501	-0.474505	0.000512	1.299215	0.005169	-0.006279	0.624394	0.023930	-0.022531	0.002740
1782895843.724040	-0.474206	0.000448	1.299268	0.005967	-0.004612	0.625876	0.023930	-0.022531	0.002740
1782895843.735456	-0.474206	0.000448	1.299268	0.005967	-0.004612	0.625876	0.021344	-0.021802	0.005480
1782895843.746655	-0.473536	0.000673	1.299444	0.006865	-0.004844	0.628332	0.021344	-0.021802	0.005480
1782895843.754741	-0.473259	0.000648	1.299464	0.004455	-0.004681	0.631381	0.018061	-0.020449	-0.000897
1782895843.764518	-0.473044	0.000757	1.299641	0.004516	-0.003899	0.632752	0.018061	-0.020449	-0.000897
1782895843.774232	-0.473044	0.000757	1.299641	0.004516	-0.003899	0.632752	0.018906	-0.022159	-0.014083
1782895843.785090	-0.473044	0.000757	1.299641	0.004516	-0.003899	0.632752	0.018906	-0.022159	-0.014083
1782895843.795297	-0.472553	0.000785	1.299620	0.004200	-0.005430	0.634484	0.026635	-0.028601	0.000287
1782895843.804726	-0.471887	0.000614	1.299401	0.005785	-0.005235	0.638211	0.026635	-0.028601	0.000287
1782895843.816269	-0.471577	0.000668	1.299316	0.010620	-0.005487	0.638892	0.020046	-0.026901	-0.013061
1782895843.824953	-0.471300	0.000559	1.299395	0.011955	-0.005037	0.642427	0.020046	-0.026901	-0.013061
1782895843.834040	-0.470945	0.000584	1.299253	0.010109	-0.005769	0.643794	0.020156	-0.024352	-0.015580
1782895843.844115	-0.470599	0.000664	1.299230	0.008631	-0.004430	0.644944	0.020156	-0.024352	-0.015580
1782895843.855153	-0.470284	0.000602	1.299138	0.009036	-0.007108	0.647960	0.025327	-0.029869	-0.001391
1782895843.864686	-0.470284	0.000602	1.299138	0.009036	-0.007108	0.647960	0.025327	-0.029869	-0.001391
1782895843.873441	-0.469946	0.000553	1.298995	0.007959	-0.006885	0.649782	0.023073	-0.031018	-0.009450
1782895843.885022	-0.469946	0.000553	1.298995	0.007959	-0.006885	0.649782	0.023073	-0.031018	-0.009450
1782895843.895766	-0.469602	0.000559	1.298944	0.009582	-0.007031	0.652295	0.021037	-0.026307	-0.002019
1782895843.905063	-0.468959	0.000461	1.299017	0.009233	-0.006381	0.654908	0.021037	-0.026307	-0.002019
1782895843.915155	-0.468959	0.000461	1.299017	0.009233	-0.006381	0.654908	0.023953	-0.030691	0.004740
1782895843.924124	-0.468261	0.000463	1.298999	0.007472	-0.005751	0.659078	0.023953	-0.030691	0.004740
1782895843.933993	-0.467855	0.000511	1.299122	0.006723	-0.004372	0.660392	0.019259	-0.029966	0.005761
1782895843.944923	-0.467399	0.000481	1.299051	0.004558	-0.004090	0.662199	0.019259	-0.029966	0.005761
1782895843.956517	-0.467399	0.000481	1.299051	0.004558	-0.004090	0.662199	0.022345	-0.030292	0.009781
1782895843.967022	-0.466814	0.000436	1.299305	0.004346	-0.003605	0.665896	0.022345	-0.030292	0.009781
1782895843.973994	-0.466814	0.000436	1.299305	0.004346	-0.003605	0.665896	0.023649	-0.031976	0.001427
1782895843.985260	-0.466510	0.000415	1.299378	0.003082	-0.003013	0.668143	0.023649	-0.031976	0.001427
1782895843.994081	-0.466075	0.000224	1.299460	0.003332	-0.003027	0.669982	0.018533	-0.027845	0.000749
1782895844.004207	-0.465633	0.000356	1.299577	0.000961	-0.002326	0.670402	0.018533	-0.027845	0.000749
1782895844.016559	-0.465207	0.000293	1.299429	0.000696	-0.002171	0.671822	0.025814	-0.031189	-0.000181
1782895844.026092	-0.465207	0.000293	1.299429	0.000696	-0.002171	0.671822	0.025814	-0.031189	-0.000181
1782895844.034414	-0.464486	0.000148	1.299353	0.006085	-0.003851	0.676010	0.025731	-0.033622	-0.017546
1782895844.044156	-0.464101	0.000177	1.299204	0.007335	-0.004433	0.677597	0.025731	-0.033622	-0.017546
1782895844.054643	-0.463861	0.000140	1.299150	0.008001	-0.005238	0.679579	0.017385	-0.029083	-0.017872
1782895844.066451	-0.463384	0.000079	1.299181	0.006740	-0.004881	0.680493	0.017385	-0.029083	-0.017872
1782895844.073957	-0.463384	0.000079	1.299181	0.006740	-0.004881	0.680493	0.022743	-0.034360	-0.008903
1782895844.083774	-0.463384	0.000079	1.299181	0.006740	-0.004881	0.680493	0.022743	-0.034360	-0.008903
1782895844.095935	-0.462589	0.000174	1.298919	0.005972	-0.003038	0.683271	0.022743	-0.034360	-0.008903
1782895844.104674	-0.462317	0.000189	1.298719	0.002549	-0.002109	0.683424	0.023407	-0.035088	-0.019098
1782895844.115797	-0.462317	0.000189	1.298719	0.002549	-0.002109	0.683424	0.016731	-0.026735	-0.015891
1782895844.125008	-0.461828	0.000159	1.298373	0.004164	-0.004509	0.686458	0.016731	-0.026735	-0.015891
1782895844.134313	-0.461483	0.000199	1.298255	0.002410	-0.003527	0.689451	0.016731	-0.026735	-0.015891
1782895844.143546	-0.461089	0.000168	1.298179	0.002299	-0.003598	0.690433	0.021498	-0.033049	0.000092
1782895844.155444	-0.460381	-0.000023	1.298106	0.000058	-0.003547	0.694315	0.019187	-0.032509	-0.010280
1782895844.164531	-0.460381	-0.000023	1.298106	0.000058	-0.003547	0.694315	0.019187	-0.032509	-0.010280
1782895844.174088	-0.459954	-0.000048	1.298213	0.003033	-0.003134	0.694453	0.018492	-0.029290	0.000726
1782895844.184875	-0.459954	-0.000048	1.298213	0.003033	-0.003134	0.694453	0.018492	-0.029290	0.000726
1782895844.194930	-0.459009	0.000016	1.298082	0.002094	-0.003741	0.697053	0.024280	-0.034671	0.006574
1782895844.204193	-0.458673	-0.000049	1.298272	0.001530	-0.003967	0.698442	0.024280	-0.034671	0.006574
1782895844.215342	-0.458248	-0.000089	1.298397	0.001818	-0.003080	0.700553	0.024280	-0.034671	0.006574
1782895844.225375	-0.457940	-0.000069	1.298526	-0.000314	-0.003345	0.702539	0.022646	-0.030267	0.005093
1782895844.236315	-0.457940	-0.000069	1.298526	-0.000314	-0.003345	0.702539	0.027358	-0.031234	0.016894
1782895844.245746	-0.457248	-0.000091	1.298934	-0.002128	-0.002916	0.707649	0.027358	-0.031234	0.016894
1782895844.254124	-0.456858	-0.000032	1.299364	-0.000153	-0.003094	0.708571	0.026335	-0.034714	0.014278
1782895844.264322	-0.456462	0.000093	1.299614	0.001726	-0.004753	0.708752	0.026335	-0.034714	0.014278
1782895844.273525	-0.456462	0.000093	1.299614	0.001726	-0.004753	0.708752	0.026527	-0.032398	0.015931
1782895844.286276	-0.456462	0.000093	1.299614	0.001726	-0.004753	0.708752	0.026527	-0.032398	0.015931
1782895844.298709	-0.455703	0.000110	1.300172	-0.000676	-0.004132	0.713052	0.029056	-0.031895	0.012058
1782895844.305907	-0.455351	-0.000027	1.300514	-0.002183	-0.004897	0.714616	0.029056	-0.031895	0.012058
1782895844.313983	-0.454896	-0.000035	1.300661	-0.001585	-0.004656	0.716980	0.022041	-0.030852	0.012994
1782895844.331880	-0.454896	-0.000035	1.300661	-0.001585	-0.004656	0.716980	0.022041	-0.030852	0.012994
1782895844.338098	-0.454055	0.000087	1.301131	0.001456	-0.006203	0.719240	0.021831	-0.030685	0.016154
1782895844.349306	-0.453681	0.000202	1.301434	0.001928	-0.005628	0.720335	0.026771	-0.032050	0.007327
1782895844.354422	-0.453681	0.000202	1.301434	0.001928	-0.005628	0.720335	0.026771	-0.032050	0.007327
1782895844.366798	-0.453681	0.000202	1.301434	0.001928	-0.005628	0.720335	0.026771	-0.032050	0.007327
1782895844.373729	-0.452858	0.000153	1.301535	0.003017	-0.004689	0.723058	0.018650	-0.028931	-0.000929
1782895844.384082	-0.452450	0.000301	1.301690	0.003414	-0.005013	0.723961	0.018650	-0.028931	-0.000929
1782895844.395236	-0.451969	0.000252	1.301784	0.001369	-0.004711	0.725857	0.018650	-0.028931	-0.000929
1782895844.405824	-0.451632	0.000196	1.301815	0.000274	-0.005217	0.726793	0.017717	-0.028539	-0.000321
1782895844.414163	-0.451176	0.000301	1.301896	0.001723	-0.005210	0.727971	0.017717	-0.028539	-0.000321
1782895844.423822	-0.450877	0.000321	1.301787	0.002795	-0.006808	0.729340	0.024082	-0.034634	0.002732
1782895844.434569	-0.450475	0.000333	1.301721	-0.001360	-0.005474	0.730259	0.024082	-0.034634	0.002732
1782895844.445063	-0.450475	0.000333	1.301721	-0.001360	-0.005474	0.730259	0.023858	-0.035792	-0.014343
1782895844.456591	-0.449595	0.000268	1.301337	0.001775	-0.006497	0.734790	0.017950	-0.032853	-0.022002
1782895844.465131	-0.449133	0.000255	1.301044	0.004270	-0.007648	0.735954	0.017950	-0.032853	-0.022002
1782895844.473577	-0.449133	0.000255	1.301044	0.004270	-0.007648	0.735954	0.023462	-0.036859	-0.016306
1782895844.485149	-0.448802	0.000307	1.300891	-0.000478	-0.006158	0.735434	0.023462	-0.036859	-0.016306
1782895844.494089	-0.448374	0.000231	1.300657	0.000713	-0.006591	0.737132	0.023462	-0.036859	-0.016306
1782895844.504316	-0.447976	0.000277	1.300233	0.004565	-0.007078	0.738685	0.029184	-0.041908	-0.027629
1782895844.515418	-0.447588	0.000435	1.300038	0.006022	-0.007817	0.740810	0.023578	-0.037324	-0.037101
1782895844.524824	-0.447185	0.000458	1.299610	0.001447	-0.008383	0.741723	0.023578	-0.037324	-0.037101
1782895844.534063	-0.446705	0.000406	1.299450	0.002662	-0.008772	0.744158	0.023578	-0.037324	-0.037101
1782895844.544234	-0.446400	0.000292	1.299111	0.002762	-0.009031	0.745730	0.024481	-0.040188	-0.025253
1782895844.554180	-0.445869	0.000403	1.298816	0.006576	-0.008678	0.747041	0.025251	-0.043683	-0.023160
1782895844.567061	-0.445498	0.000351	1.298661	0.006019	-0.009073	0.748274	0.025251	-0.043683	-0.023160
1782895844.574238	-0.445498	0.000351	1.298661	0.006019	-0.009073	0.748274	0.020135	-0.039279	-0.019945
1782895844.584616	-0.445142	0.000380	1.298711	0.005767	-0.009275	0.748933	0.020135	-0.039279	-0.019945
1782895844.594623	-0.444768	0.000268	1.298598	0.004274	-0.009103	0.749719	0.020135	-0.039279	-0.019945
1782895844.605443	-0.444278	0.000301	1.298621	0.001087	-0.008728	0.751586	0.021652	-0.041400	-0.006829
1782895844.615010	-0.444278	0.000301	1.298621	0.001087	-0.008728	0.751586	0.021652	-0.041400	-0.006829
1782895844.624950	-0.443901	0.000305	1.298623	-0.000834	-0.009949	0.753569	0.017832	-0.041399	-0.002701
1782895844.634256	-0.443231	-0.000021	1.298426	0.003092	-0.011231	0.757829	0.017832	-0.041399	-0.002701
1782895844.644685	-0.442814	0.000006	1.298609	0.001715	-0.010899	0.760298	0.019515	-0.040693	0.007597
1782895844.653983	-0.442488	-0.000033	1.298752	0.003717	-0.010687	0.760619	0.017600	-0.043268	0.006226
1782895844.665487	-0.441995	-0.000143	1.298982	0.004361	-0.010078	0.761781	0.017600	-0.043268	0.006226
1782895844.673965	-0.441995	-0.000143	1.298982	0.004361	-0.010078	0.761781	0.016015	-0.043834	0.014748
1782895844.685086	-0.441703	-0.000247	1.299111	0.000964	-0.010206	0.762978	0.016015	-0.043834	0.014748
1782895844.693957	-0.441372	-0.000330	1.299402	0.002739	-0.008655	0.763749	0.016015	-0.043834	0.014748
1782895844.704110	-0.441023	-0.000333	1.299523	0.001348	-0.008718	0.765200	0.019455	-0.044800	0.007763
1782895844.714295	-0.441023	-0.000333	1.299523	0.001348	-0.008718	0.765200	0.009917	-0.040352	0.000003
1782895844.726541	-0.440743	-0.000561	1.299492	0.000065	-0.008482	0.766946	0.009917	-0.040352	0.000003
1782895844.734817	-0.440062	-0.000676	1.299821	-0.002340	-0.009785	0.770607	0.010069	-0.042356	0.003689
1782895844.744065	-0.439605	-0.000870	1.299891	0.000633	-0.011077	0.772589	0.010069	-0.042356	0.003689
1782895844.754216	-0.439205	-0.000992	1.299902	0.001006	-0.011421	0.773913	0.012458	-0.046095	-0.008173
1782895844.765838	-0.439083	-0.000964	1.299863	-0.000099	-0.010586	0.774829	0.012458	-0.046095	-0.008173
1782895844.775874	-0.439083	-0.000964	1.299863	-0.000099	-0.010586	0.774829	0.003793	-0.040939	-0.023204
1782895844.785798	-0.438798	-0.001072	1.299778	0.004201	-0.010843	0.775161	0.003793	-0.040939	-0.023204
1782895844.794036	-0.438427	-0.001183	1.299540	0.001283	-0.011081	0.777226	-0.000350	-0.038537	-0.016431
1782895844.804780	-0.438217	-0.001281	1.299374	0.000746	-0.011026	0.778817	-0.000350	-0.038537	-0.016431
1782895844.814075	-0.437783	-0.001588	1.299223	0.002213	-0.012148	0.781481	-0.000350	-0.038537	-0.016431
1782895844.824773	-0.437783	-0.001588	1.299223	0.002213	-0.012148	0.781481	0.001600	-0.044860	-0.017425
1782895844.836140	-0.437749	-0.001763	1.298874	0.000754	-0.012786	0.783446	-0.004385	-0.039872	-0.019268
1782895844.846951	-0.437065	-0.001997	1.298580	-0.001537	-0.010598	0.785636	-0.004385	-0.039872	-0.019268
1782895844.854292	-0.436752	-0.002188	1.298355	0.001845	-0.009819	0.787874	-0.001156	-0.041618	-0.015107
1782895844.865810	-0.436618	-0.002241	1.298172	-0.000604	-0.008620	0.787707	-0.001156	-0.041618	-0.015107
1782895844.874551	-0.436618	-0.002241	1.298172	-0.000604	-0.008620	0.787707	-0.006045	-0.042739	-0.017987
1782895844.884717	-0.436236	-0.002388	1.297970	-0.002279	-0.008294	0.790106	-0.006045	-0.042739	-0.017987
1782895844.894569	-0.436032	-0.002631	1.297877	-0.001568	-0.007982	0.792296	-0.002533	-0.043804	-0.009013
1782895844.905622	-0.435740	-0.002785	1.297712	-0.001704	-0.008556	0.795038	-0.002533	-0.043804	-0.009013
1782895844.915442	-0.435740	-0.002785	1.297712	-0.001704	-0.008556	0.795038	-0.001394	-0.044073	-0.016898
1782895844.925867	-0.435549	-0.002944	1.297679	-0.002203	-0.008681	0.796473	-0.001394	-0.044073	-0.016898
1782895844.934280	-0.435360	-0.003204	1.297527	-0.003215	-0.010339	0.798581	-0.001394	-0.044073	-0.016898
1782895844.947110	-0.435360	-0.003204	1.297527	-0.003215	-0.010339	0.798581	-0.009497	-0.038964	-0.012900
1782895844.955954	-0.434973	-0.003481	1.297478	-0.001419	-0.010735	0.800791	-0.004382	-0.045048	0.000400
1782895844.966479	-0.434807	-0.003763	1.297372	-0.001080	-0.009334	0.803486	-0.004382	-0.045048	0.000400
1782895844.975204	-0.434594	-0.003945	1.297482	0.000915	-0.009219	0.804516	-0.009632	-0.040438	-0.015020
1782895844.985156	-0.434594	-0.003945	1.297482	0.000915	-0.009219	0.804516	-0.009632	-0.040438	-0.015020
1782895844.994497	-0.434273	-0.004182	1.297320	0.000093	-0.009859	0.807945	-0.011411	-0.038454	0.000553
1782895845.005986	-0.434069	-0.004395	1.297243	0.003420	-0.011303	0.808661	-0.011411	-0.038454	0.000553
1782895845.014030	-0.433910	-0.004707	1.297328	0.003327	-0.011465	0.812491	-0.011411	-0.038454	0.000553
1782895845.023756	-0.433809	-0.004865	1.297252	0.001751	-0.011899	0.813868	-0.011246	-0.042353	0.000068
1782895845.034618	-0.433627	-0.005147	1.297467	0.000164	-0.011193	0.815379	-0.011246	-0.042353	0.000068
1782895845.044311	-0.433462	-0.005442	1.297385	0.000737	-0.011954	0.816500	-0.012081	-0.040009	0.004606
1782895845.053676	-0.433462	-0.005442	1.297385	0.000737	-0.011954	0.816500	-0.010161	-0.039405	0.000624
1782895845.065917	-0.433429	-0.005626	1.297448	0.000629	-0.011371	0.819675	-0.010161	-0.039405	0.000624
1782895845.075101	-0.433287	-0.005882	1.297596	-0.001070	-0.010625	0.820131	-0.017623	-0.038821	0.006198
1782895845.085318	-0.433233	-0.006186	1.297742	0.000577	-0.010761	0.820906	-0.017623	-0.038821	0.006198
1782895845.098256	-0.433062	-0.006462	1.297881	-0.001364	-0.009932	0.822386	-0.017623	-0.038821	0.006198
1782895845.104770	-0.433062	-0.006462	1.297881	-0.001364	-0.009932	0.822386	-0.011914	-0.041683	0.015220
1782895845.114542	-0.432936	-0.006866	1.298115	-0.003608	-0.008341	0.825144	-0.011914	-0.041683	0.015220
1782895845.124771	-0.432902	-0.007175	1.298069	-0.005035	-0.008603	0.825972	-0.017332	-0.038892	-0.007158
1782895845.134094	-0.432676	-0.007382	1.298046	-0.003572	-0.010022	0.829024	-0.020651	-0.033933	-0.002811
1782895845.143661	-0.432676	-0.007382	1.298046	-0.003572	-0.010022	0.829024	-0.020651	-0.033933	-0.002811
1782895845.161036	-0.432686	-0.007593	1.297979	-0.003200	-0.009730	0.830810	-0.016298	-0.039737	-0.008083
1782895845.169136	-0.432686	-0.007593	1.297979	-0.003200	-0.009730	0.830810	-0.016298	-0.039737	-0.008083
1782895845.177320	-0.432467	-0.008272	1.297933	-0.001750	-0.008011	0.834217	-0.021213	-0.036780	-0.012908
1782895845.183591	-0.432537	-0.008329	1.297993	-0.002840	-0.006971	0.834818	-0.021213	-0.036780	-0.012908
1782895845.193623	-0.432517	-0.008572	1.297978	-0.001402	-0.005718	0.836025	-0.017672	-0.036435	-0.006291
1782895845.204191	-0.432316	-0.008867	1.298026	-0.002222	-0.005660	0.838026	-0.017672	-0.036435	-0.006291
1782895845.214456	-0.432420	-0.009125	1.298064	-0.001563	-0.005663	0.839478	-0.021568	-0.036160	-0.015360
1782895845.223663	-0.432246	-0.009361	1.298036	-0.000618	-0.005232	0.841726	-0.021568	-0.036160	-0.015360
1782895845.233621	-0.432293	-0.009685	1.297982	-0.003415	-0.004936	0.843663	-0.021568	-0.036160	-0.015360
1782895845.244602	-0.432293	-0.009685	1.297982	-0.003415	-0.004936	0.843663	-0.026016	-0.033562	-0.001496
1782895845.254243	-0.432360	-0.009942	1.297936	-0.004746	-0.004952	0.844536	-0.021711	-0.035813	-0.005896
1782895845.265359	-0.432202	-0.010481	1.297891	-0.003997	-0.005891	0.848896	-0.021711	-0.035813	-0.005896
1782895845.273293	-0.432202	-0.010481	1.297891	-0.003997	-0.005891	0.848896	-0.029919	-0.028890	-0.007886
1782895845.284427	-0.432202	-0.010481	1.297891	-0.003997	-0.005891	0.848896	-0.029919	-0.028890	-0.007886
1782895845.297759	-0.432174	-0.010930	1.298179	-0.004242	-0.003478	0.851499	-0.029919	-0.028890	-0.007886
1782895845.335512	-0.432152	-0.011482	1.298396	-0.002873	-0.002997	0.854755	-0.025752	-0.030180	0.007080
1782895845.338690	-0.432152	-0.011482	1.298396	-0.002873	-0.002997	0.854755	-0.025752	-0.030180	0.007080
1782895845.349869	-0.432148	-0.012078	1.298648	-0.002596	-0.003483	0.858474	-0.025752	-0.030180	0.007080
1782895845.358877	-0.432124	-0.012489	1.298707	-0.002967	-0.003167	0.861984	-0.025106	-0.032253	0.006246
1782895845.369629	-0.432124	-0.012489	1.298707	-0.002967	-0.003167	0.861984	-0.030339	-0.030150	0.014380
1782895845.380803	-0.432154	-0.012761	1.298926	-0.000570	-0.003307	0.862668	-0.030339	-0.030150	0.014380
1782895845.390472	-0.432083	-0.012949	1.299034	0.000368	-0.002279	0.862779	-0.030339	-0.030150	0.014380
1782895845.399363	-0.432117	-0.013210	1.299235	-0.000447	-0.001378	0.863548	-0.023520	-0.031666	0.014240
1782895845.413335	-0.432231	-0.013552	1.299415	-0.000355	-0.001858	0.865214	-0.023520	-0.031666	0.014240
1782895845.423204	-0.432066	-0.013691	1.299662	-0.000401	-0.001761	0.865272	-0.028282	-0.028340	-0.001758
1782895845.436944	-0.432216	-0.013874	1.299634	0.002244	-0.002191	0.867889	-0.030931	-0.025321	0.007501
1782895845.440822	-0.432190	-0.014086	1.299767	-0.000962	-0.002129	0.869250	-0.030931	-0.025321	0.007501
1782895845.452043	-0.432222	-0.014366	1.299720	0.000399	-0.002986	0.872338	-0.030931	-0.025321	0.007501
1782895845.459783	-0.432266	-0.014566	1.299822	-0.002956	-0.002671	0.872679	-0.029943	-0.025052	-0.008514
1782895845.469971	-0.432266	-0.014566	1.299822	-0.002956	-0.002671	0.872679	-0.023645	-0.028750	-0.014731
1782895845.482792	-0.432271	-0.014821	1.299612	-0.001492	-0.003499	0.874329	-0.023645	-0.028750	-0.014731
1782895845.489708	-0.432243	-0.014981	1.299720	-0.002181	-0.002066	0.875800	-0.023645	-0.028750	-0.014731
1782895845.498890	-0.432217	-0.015141	1.299739	-0.000082	-0.001710	0.875630	-0.023448	-0.025927	-0.014699
1782895845.510461	-0.432195	-0.015278	1.299732	0.000072	-0.001578	0.877232	-0.023448	-0.025927	-0.014699
1782895845.522900	-0.432201	-0.015613	1.299674	-0.001787	-0.002126	0.880099	-0.026347	-0.025782	-0.003645
1782895845.536353	-0.432201	-0.015613	1.299674	-0.001787	-0.002126	0.880099	-0.026347	-0.025782	-0.003645
1782895845.543911	-0.432269	-0.016140	1.299456	-0.002784	-0.001100	0.883134	-0.027255	-0.025215	-0.009914
1782895845.559709	-0.432417	-0.016460	1.299373	-0.002844	-0.002288	0.885859	-0.019453	-0.027422	-0.009979
1782895845.567768	-0.432417	-0.016460	1.299373	-0.002844	-0.002288	0.885859	-0.019453	-0.027422	-0.009979
1782895845.573184	-0.432417	-0.016460	1.299373	-0.002844	-0.002288	0.885859	-0.026475	-0.024545	-0.022982
1782895845.592357	-0.432530	-0.016757	1.299336	-0.003122	-0.002301	0.886874	-0.026475	-0.024545	-0.022982
1782895845.598711	-0.432518	-0.017008	1.299333	-0.001234	-0.002427	0.888129	-0.029209	-0.021960	-0.007504
1782895845.619095	-0.432468	-0.017313	1.299221	-0.001559	-0.003197	0.890245	-0.029209	-0.021960	-0.007504
1782895845.624714	-0.432565	-0.017511	1.299114	-0.005014	-0.003658	0.891392	-0.023651	-0.026433	-0.011586
1782895845.628091	-0.432567	-0.017641	1.299044	-0.003196	-0.003462	0.892381	-0.023651	-0.026433	-0.011586
1782895845.633430	-0.432567	-0.017641	1.299044	-0.003196	-0.003462	0.892381	-0.023651	-0.026433	-0.011586
1782895845.640208	-0.432525	-0.017892	1.299081	-0.004897	-0.003460	0.894643	-0.030056	-0.019274	-0.016595
1782895845.649343	-0.432622	-0.017996	1.299062	-0.004043	-0.003611	0.896163	-0.030056	-0.019274	-0.016595
1782895845.660975	-0.432634	-0.018126	1.298953	-0.005729	-0.003853	0.896605	-0.026340	-0.022244	-0.004955
1782895845.669493	-0.432787	-0.018376	1.298870	-0.004997	-0.004427	0.898757	-0.028516	-0.023011	-0.007518
1782895845.680072	-0.432787	-0.018376	1.298870	-0.004997	-0.004427	0.898757	-0.028516	-0.023011	-0.007518
1782895845.689995	-0.432861	-0.018605	1.298899	-0.002321	-0.005187	0.899780	-0.028516	-0.023011	-0.007518
1782895845.699800	-0.432935	-0.018870	1.298999	-0.002362	-0.004941	0.900938	-0.026748	-0.021189	-0.001013
1782895845.709710	-0.432987	-0.019108	1.299058	-0.001833	-0.004813	0.902717	-0.026748	-0.021189	-0.001013
1782895845.719376	-0.433066	-0.019212	1.299333	-0.000012	-0.003631	0.902766	-0.027709	-0.020999	-0.009147
1782895845.728824	-0.433062	-0.019421	1.299442	-0.000823	-0.002721	0.903941	-0.027709	-0.020999	-0.009147
1782895845.738675	-0.433130	-0.019554	1.299434	-0.001200	-0.002212	0.905163	-0.027034	-0.019507	-0.012172
1782895845.748898	-0.433163	-0.019734	1.299453	-0.001829	-0.003265	0.905902	-0.026780	-0.021937	0.002506
1782895845.758694	-0.433330	-0.019967	1.299410	-0.002951	-0.003056	0.907283	-0.026780	-0.021937	0.002506
1782895845.769265	-0.433365	-0.020250	1.299262	-0.003223	-0.006140	0.909400	-0.023642	-0.023292	-0.005848
1782895845.780379	-0.433365	-0.020250	1.299262	-0.003223	-0.006140	0.909400	-0.023642	-0.023292	-0.005848
1782895845.789002	-0.433548	-0.020372	1.299404	-0.004378	-0.005835	0.911103	-0.035912	-0.015328	0.005576
1782895845.799678	-0.433570	-0.020512	1.299346	-0.003802	-0.005521	0.910952	-0.035912	-0.015328	0.005576
1782895845.808610	-0.433869	-0.020679	1.299424	-0.001545	-0.005982	0.912768	-0.035912	-0.015328	0.005576
1782895845.819116	-0.433941	-0.020840	1.299420	-0.003162	-0.005933	0.913768	-0.025831	-0.017794	-0.008720
1782895845.828632	-0.434048	-0.021091	1.299382	-0.006956	-0.004076	0.914198	-0.025831	-0.017794	-0.008720
1782895845.838778	-0.434237	-0.021174	1.299432	-0.005768	-0.004471	0.916087	-0.035596	-0.016030	-0.004294
1782895845.849278	-0.434426	-0.021461	1.299323	-0.005817	-0.004880	0.916930	-0.031392	-0.016926	-0.010207
1782895845.858607	-0.434426	-0.021461	1.299323	-0.005817	-0.004880	0.916930	-0.031392	-0.016926	-0.010207
1782895845.869948	-0.434345	-0.021711	1.299329	-0.006501	-0.004620	0.920121	-0.029774	-0.017497	-0.020180
1782895845.881161	-0.434488	-0.021900	1.299265	-0.005741	-0.006111	0.921702	-0.029774	-0.017497	-0.020180
1782895845.888975	-0.434687	-0.021986	1.299217	-0.007665	-0.005450	0.922436	-0.029774	-0.017497	-0.020180
1782895845.899014	-0.434920	-0.022185	1.299073	-0.007435	-0.006191	0.923270	-0.039064	-0.009257	-0.021937
1782895845.909347	-0.435053	-0.022381	1.299034	-0.007107	-0.005546	0.924253	-0.039064	-0.009257	-0.021937
1782895845.919174	-0.435278	-0.022639	1.298876	-0.005363	-0.005081	0.925247	-0.030595	-0.018317	-0.017075
1782895845.930218	-0.435482	-0.022872	1.298777	-0.005420	-0.005105	0.926998	-0.030595	-0.018317	-0.017075
1782895845.939723	-0.435689	-0.023073	1.298795	-0.004511	-0.005710	0.927382	-0.038918	-0.012208	-0.016032
1782895845.950328	-0.435785	-0.023236	1.298729	-0.004373	-0.005499	0.928447	-0.038918	-0.012208	-0.016032
1782895845.959817	-0.435955	-0.023505	1.298671	-0.004307	-0.004705	0.930010	-0.031806	-0.015508	-0.009661
1782895845.971478	-0.436027	-0.023778	1.298625	-0.004115	-0.005596	0.932651	-0.031806	-0.015508	-0.009661
1782895845.980564	-0.436027	-0.023778	1.298625	-0.004115	-0.005596	0.932651	-0.038821	-0.009268	-0.015402
1782895845.990155	-0.436271	-0.024041	1.298630	-0.002878	-0.004967	0.933646	-0.038821	-0.009268	-0.015402
1782895845.999270	-0.436463	-0.024165	1.298556	-0.002952	-0.005204	0.935494	-0.030925	-0.012886	-0.002345
1782895846.009868	-0.436672	-0.024402	1.298513	-0.004123	-0.005090	0.936053	-0.030925	-0.012886	-0.002345
1782895846.019351	-0.436953	-0.024648	1.298405	-0.005411	-0.005379	0.938410	-0.039261	-0.005787	-0.008358
1782895846.032277	-0.437239	-0.024734	1.298454	-0.005361	-0.005134	0.940811	-0.039261	-0.005787	-0.008358
1782895846.039388	-0.437434	-0.024893	1.298496	-0.005367	-0.004374	0.941515	-0.040917	-0.002817	-0.005301
1782895846.049542	-0.437633	-0.025097	1.298549	-0.004213	-0.004590	0.942553	-0.037871	-0.005633	0.002925
1782895846.059025	-0.437963	-0.025186	1.298555	-0.003846	-0.004361	0.944515	-0.037871	-0.005633	0.002925
1782895846.069058	-0.437963	-0.025186	1.298555	-0.003846	-0.004361	0.944515	-0.042761	-0.001866	0.006317
1782895846.079429	-0.438218	-0.025411	1.298482	-0.005348	-0.004022	0.944822	-0.042761	-0.001866	0.006317
1782895846.089657	-0.438323	-0.025584	1.298617	-0.005481	-0.003485	0.945408	-0.042761	-0.001866	0.006317
1782895846.099063	-0.438640	-0.025783	1.298828	-0.003886	-0.002695	0.947577	-0.036711	-0.001868	0.010805
1782895846.109423	-0.438953	-0.025870	1.298887	-0.005031	-0.001754	0.948922	-0.036711	-0.001868	0.010805
1782895846.119492	-0.439217	-0.026014	1.298862	-0.007889	-0.001011	0.949776	-0.034749	-0.000402	-0.002703
1782895846.129831	-0.439619	-0.026018	1.298960	-0.007404	-0.002376	0.951550	-0.033458	-0.000900	0.003234
1782895846.139748	-0.439772	-0.026222	1.298838	-0.006592	-0.002093	0.952037	-0.033458	-0.000900	0.003234
1782895846.149556	-0.439991	-0.026450	1.298825	-0.009652	-0.001588	0.953976	-0.033458	-0.000900	0.003234
1782895846.158971	-0.440354	-0.026445	1.298781	-0.008631	-0.002246	0.955389	-0.032358	-0.002323	-0.011073
1782895846.168879	-0.440616	-0.026507	1.298717	-0.008585	-0.002221	0.956991	-0.034104	0.003891	-0.007760
1782895846.179031	-0.440616	-0.026507	1.298717	-0.008585	-0.002221	0.956991	-0.034104	0.003891	-0.007760
1782895846.189439	-0.440813	-0.026721	1.298679	-0.007151	-0.002544	0.958338	-0.034104	0.003891	-0.007760
1782895846.199704	-0.441341	-0.026850	1.298740	-0.005898	-0.002261	0.959667	-0.031182	0.003168	-0.010168
1782895846.209131	-0.441618	-0.026955	1.298651	-0.005498	-0.001482	0.959946	-0.031182	0.003168	-0.010168
1782895846.219125	-0.441851	-0.027052	1.298651	-0.005222	-0.001802	0.962127	-0.036573	0.007333	-0.007528
1782895846.229415	-0.442109	-0.027058	1.298561	-0.002648	-0.003180	0.963570	-0.036573	0.007333	-0.007528
1782895846.239119	-0.442295	-0.027164	1.298487	-0.001222	-0.001044	0.964174	-0.029173	0.003885	0.004389
1782895846.251259	-0.442715	-0.027143	1.298418	-0.006419	0.000880	0.965028	-0.029173	0.003885	0.004389
1782895846.260337	-0.442950	-0.027304	1.298177	-0.004826	0.000018	0.966659	-0.028753	0.006362	-0.015043
1782895846.269146	-0.443287	-0.027228	1.297990	-0.007228	0.002147	0.968018	-0.028302	0.011727	-0.005485
1782895846.278854	-0.443287	-0.027228	1.297990	-0.007228	0.002147	0.968018	-0.028302	0.011727	-0.005485
1782895846.288907	-0.443679	-0.027140	1.297832	-0.006904	0.002418	0.968920	-0.028302	0.011727	-0.005485
1782895846.299431	-0.443920	-0.027175	1.297746	-0.006301	0.001324	0.969398	-0.024499	0.008191	-0.010325
1782895846.309191	-0.444150	-0.027153	1.297615	-0.003271	0.000158	0.971033	-0.024499	0.008191	-0.010325
1782895846.319913	-0.444514	-0.027073	1.297457	-0.002457	0.000616	0.972040	-0.023845	0.010021	-0.007241
1782895846.331678	-0.444765	-0.027139	1.297471	-0.001774	-0.000049	0.972996	-0.023845	0.010021	-0.007241
1782895846.339550	-0.445054	-0.027310	1.297370	-0.002535	-0.001142	0.975198	-0.014544	0.006466	-0.013235
1782895846.355973	-0.445427	-0.027279	1.297407	-0.003640	-0.001450	0.976871	-0.014544	0.006466	-0.013235
1782895846.360057	-0.445819	-0.027173	1.297290	-0.005703	-0.000867	0.978505	-0.020579	0.012680	-0.021904
1782895846.369399	-0.445997	-0.027183	1.297204	-0.005432	-0.000670	0.979507	-0.015845	0.010194	-0.003827
1782895846.379292	-0.445997	-0.027183	1.297204	-0.005432	-0.000670	0.979507	-0.015845	0.010194	-0.003827
1782895846.390530	-0.446284	-0.027095	1.297080	-0.001922	-0.001375	0.980198	-0.015845	0.010194	-0.003827
1782895846.399041	-0.446552	-0.026960	1.297103	-0.001957	-0.001413	0.981556	-0.017908	0.011838	-0.009846
1782895846.411375	-0.446815	-0.026897	1.297091	-0.005352	-0.000410	0.982832	-0.017908	0.011838	-0.009846
1782895846.418938	-0.447072	-0.026883	1.297092	-0.003947	-0.001221	0.983352	-0.014286	0.012787	0.004351
1782895846.430076	-0.447237	-0.026905	1.297120	-0.003756	-0.000559	0.984247	-0.014286	0.012787	0.004351
1782895846.439011	-0.447805	-0.026778	1.297077	-0.000120	-0.000735	0.986742	-0.014996	0.014919	-0.007967
1782895846.449416	-0.448139	-0.026644	1.297201	-0.003328	-0.000754	0.988260	-0.014996	0.014919	-0.007967
1782895846.461722	-0.448395	-0.026632	1.297287	-0.004446	-0.001683	0.989186	-0.018097	0.018029	0.003702
1782895846.470149	-0.448395	-0.026632	1.297287	-0.004446	-0.001683	0.989186	-0.010072	0.012143	0.005440
1782895846.480019	-0.448696	-0.026646	1.297386	-0.002879	-0.002403	0.990367	-0.010072	0.012143	0.005440
1782895846.491884	-0.448992	-0.026531	1.297458	-0.001632	-0.002194	0.992116	-0.011754	0.017021	0.002952
1782895846.499514	-0.449199	-0.026564	1.297542	-0.003166	-0.000873	0.993178	-0.011754	0.017021	0.002952
1782895846.509457	-0.449551	-0.026527	1.297711	-0.003916	-0.001242	0.995250	-0.011754	0.017021	0.002952
1782895846.520550	-0.449893	-0.026333	1.297889	-0.002955	-0.000953	0.995747	-0.011369	0.016468	0.015218
1782895846.529060	-0.450201	-0.026205	1.297827	-0.003574	-0.000338	0.997100	-0.011369	0.016468	0.015218
1782895846.538955	-0.450475	-0.026037	1.297967	-0.002160	-0.000939	0.997821	-0.016622	0.020631	0.002584
1782895846.550329	-0.450771	-0.025976	1.298329	-0.002438	-0.001188	0.998493	-0.016622	0.020631	0.002584
1782895846.558597	-0.451021	-0.026004	1.298484	-0.001706	-0.000806	0.999589	-0.013762	0.018013	0.016547
1782895846.570018	-0.451414	-0.025609	1.298622	0.000369	-0.000881	0.998423	-0.013762	0.018013	0.016547
1782895846.578842	-0.451414	-0.025609	1.298622	0.000369	-0.000881	0.998423	-0.007590	0.013050	0.013669
1782895846.588777	-0.451763	-0.025467	1.298715	-0.004281	-0.000111	0.999735	-0.009952	0.018183	0.009367
1782895846.598698	-0.452132	-0.025305	1.298877	-0.000779	-0.000709	1.003232	-0.009952	0.018183	0.009367
1782895846.608687	-0.452365	-0.025198	1.299050	-0.000061	-0.000137	1.004171	-0.009952	0.018183	0.009367
1782895846.619293	-0.452505	-0.025161	1.299112	0.001361	-0.000713	1.006285	-0.004109	0.017042	0.008304
1782895846.629988	-0.452744	-0.025184	1.299069	-0.002815	-0.001176	1.007857	-0.004109	0.017042	0.008304
1782895846.639146	-0.453130	-0.024998	1.299212	-0.005754	0.000197	1.007504	-0.009847	0.019937	0.001888
1782895846.649194	-0.453339	-0.024716	1.299285	-0.005687	0.001483	1.007121	-0.003407	0.017120	0.007363
1782895846.658805	-0.453658	-0.024505	1.299305	-0.006685	0.002180	1.008640	-0.003407	0.017120	0.007363
1782895846.669203	-0.453798	-0.024409	1.299298	-0.004921	0.002233	1.009263	-0.000905	0.013952	-0.008435
1782895846.679553	-0.453798	-0.024409	1.299298	-0.004921	0.002233	1.009263	-0.000905	0.013952	-0.008435
1782895846.689545	-0.454352	-0.024074	1.299219	0.001277	0.000595	1.011751	-0.000905	0.013952	-0.008435
1782895846.699497	-0.454536	-0.024044	1.299210	0.000489	0.000373	1.011647	-0.004623	0.019254	-0.013684
1782895846.709524	-0.454822	-0.024166	1.298990	0.001708	-0.001242	1.014294	-0.004623	0.019254	-0.013684
1782895846.720360	-0.455059	-0.024054	1.299117	0.000580	-0.001739	1.015409	-0.001319	0.017416	-0.011480
1782895846.729603	-0.455289	-0.023814	1.298951	0.000129	-0.002468	1.017073	-0.001319	0.017416	-0.011480
1782895846.739286	-0.455454	-0.023781	1.298864	-0.002331	-0.002463	1.019227	-0.007420	0.019651	-0.010749
1782895846.749893	-0.455803	-0.023478	1.298892	-0.002202	-0.003165	1.019413	-0.007420	0.019651	-0.010749
1782895846.758623	-0.456027	-0.023323	1.298807	-0.000052	-0.002983	1.019283	-0.000598	0.015794	-0.001528
1782895846.768994	-0.456027	-0.023323	1.298807	-0.000052	-0.002983	1.019283	-0.004052	0.017047	-0.018734
1782895846.780617	-0.456357	-0.023211	1.298823	0.002859	-0.003507	1.021331	-0.004052	0.017047	-0.018734
1782895846.789994	-0.456521	-0.023088	1.298845	0.001422	-0.002881	1.021881	-0.004052	0.017047	-0.018734
1782895846.799420	-0.456743	-0.022990	1.298655	0.000032	-0.002577	1.022980	-0.004183	0.016723	-0.002448
1782895846.809397	-0.457174	-0.022767	1.298720	-0.002731	-0.002978	1.024902	-0.004183	0.016723	-0.002448
1782895846.819426	-0.457365	-0.022763	1.298635	-0.000079	-0.004311	1.024060	-0.000656	0.012533	-0.004716
1782895846.829488	-0.457647	-0.022554	1.298742	-0.002750	-0.004839	1.026072	-0.000656	0.012533	-0.004716
1782895846.839262	-0.457830	-0.022407	1.298717	-0.002308	-0.004592	1.027041	-0.000545	0.014269	0.001442
1782895846.849436	-0.458043	-0.022304	1.298653	-0.002050	-0.004083	1.028222	-0.000545	0.014269	0.001442
1782895846.858996	-0.458298	-0.022054	1.298651	-0.001362	-0.004453	1.030659	0.005039	0.011982	-0.004046
1782895846.868906	-0.458447	-0.021925	1.298675	-0.000815	-0.004746	1.030025	-0.002420	0.016826	-0.005471
1782895846.879682	-0.458447	-0.021925	1.298675	-0.000815	-0.004746	1.030025	-0.002420	0.016826	-0.005471
1782895846.890121	-0.458644	-0.021783	1.298690	-0.000203	-0.004674	1.030870	-0.002420	0.016826	-0.005471
1782895846.898973	-0.458894	-0.021598	1.298692	0.001492	-0.005017	1.031859	0.004617	0.012526	-0.000306
1782895846.909037	-0.459074	-0.021452	1.298529	0.000042	-0.003970	1.032832	0.001138	0.013874	-0.016694
1782895846.919092	-0.459302	-0.021229	1.298447	0.001150	-0.003632	1.033905	0.001138	0.013874	-0.016694
1782895846.929512	-0.459640	-0.021062	1.298422	0.002619	-0.005579	1.034808	0.001138	0.013874	-0.016694
1782895846.939075	-0.459769	-0.020926	1.298374	0.003816	-0.005627	1.035632	0.000820	0.015439	-0.007203
1782895846.950276	-0.460063	-0.020782	1.298354	0.005136	-0.006806	1.036949	0.000820	0.015439	-0.007203
1782895846.958786	-0.460192	-0.020742	1.298325	0.004324	-0.006483	1.037734	-0.000085	0.012912	-0.010127
1782895846.968966	-0.460457	-0.020616	1.298270	0.004880	-0.007761	1.039613	-0.003294	0.014801	-0.003192
1782895846.978921	-0.460457	-0.020616	1.298270	0.004880	-0.007761	1.039613	-0.003294	0.014801	-0.003192
1782895846.989418	-0.460757	-0.020458	1.298193	0.002795	-0.008531	1.040335	-0.003294	0.014801	-0.003192
1782895846.999916	-0.460876	-0.020402	1.298142	0.000761	-0.007253	1.040220	0.003247	0.008835	-0.003565
1782895847.008948	-0.461054	-0.020246	1.298099	0.000312	-0.007049	1.041721	0.003247	0.008835	-0.003565
1782895847.019880	-0.461326	-0.020076	1.298203	0.002121	-0.007181	1.043127	-0.003068	0.013523	-0.008048
1782895847.028999	-0.461461	-0.020176	1.298095	0.001278	-0.005920	1.044347	-0.003068	0.013523	-0.008048
1782895847.040791	-0.461692	-0.020017	1.298183	0.002518	-0.005829	1.044973	0.001273	0.008794	0.005381
1782895847.055812	-0.461833	-0.019798	1.298122	0.002869	-0.005151	1.045364	0.001273	0.008794	0.005381
1782895847.059941	-0.461991	-0.019780	1.298110	0.002268	-0.004983	1.046923	0.000243	0.009380	0.001016
1782895847.069634	-0.462288	-0.019744	1.298028	0.003005	-0.004719	1.048482	0.004527	0.007076	0.011696
1782895847.080190	-0.462288	-0.019744	1.298028	0.003005	-0.004719	1.048482	0.004527	0.007076	0.011696
1782895847.091487	-0.462459	-0.019630	1.298180	0.001751	-0.004274	1.049226	0.003130	0.006892	-0.003537
1782895847.099577	-0.462640	-0.019665	1.298255	0.000136	-0.004378	1.050402	0.003130	0.006892	-0.003537
1782895847.111159	-0.462694	-0.019661	1.298256	-0.000411	-0.004509	1.050648	-0.001524	0.010563	-0.005090
1782895847.118989	-0.462929	-0.019465	1.298116	-0.001160	-0.004175	1.052790	-0.001524	0.010563	-0.005090
1782895847.129087	-0.463159	-0.019453	1.298245	-0.001256	-0.001992	1.052460	-0.001524	0.010563	-0.005090
1782895847.140530	-0.463319	-0.019290	1.298226	0.001360	-0.001867	1.053560	0.004643	0.004801	-0.003637
1782895847.150505	-0.463587	-0.019155	1.298172	-0.001066	-0.001125	1.055214	0.000083	0.007193	-0.008356
1782895847.160461	-0.463832	-0.018998	1.298208	0.001957	-0.001252	1.054902	0.000083	0.007193	-0.008356
1782895847.168868	-0.463910	-0.019033	1.298222	0.001246	-0.001068	1.056593	0.004271	0.007239	-0.003108
1782895847.179852	-0.463910	-0.019033	1.298222	0.001246	-0.001068	1.056593	0.004271	0.007239	-0.003108
1782895847.189115	-0.464059	-0.019015	1.298149	0.001970	-0.001046	1.058336	0.002343	0.005754	-0.008241
1782895847.199081	-0.464196	-0.019031	1.298086	-0.000805	-0.001870	1.059416	0.002343	0.005754	-0.008241
1782895847.210471	-0.464313	-0.019015	1.298107	-0.002127	-0.001766	1.060308	0.000549	0.005722	0.005284
1782895847.219517	-0.464486	-0.018859	1.298208	-0.001645	-0.002008	1.061648	0.000549	0.005722	0.005284
1782895847.229395	-0.464645	-0.018739	1.298280	-0.000871	-0.002540	1.063010	0.006938	-0.002466	0.006990
1782895847.239090	-0.464891	-0.018590	1.298352	-0.000830	-0.002612	1.064525	0.006938	-0.002466	0.006990
1782895847.249345	-0.464976	-0.018552	1.298498	0.001657	-0.002717	1.064527	0.000559	0.002758	0.003416
1782895847.259244	-0.464976	-0.018552	1.298498	0.001657	-0.002717	1.064527	0.000559	0.002758	0.003416
1782895847.269614	-0.465327	-0.018423	1.298726	0.002031	-0.003477	1.068046	0.004220	0.000447	0.019669
1782895847.279547	-0.465327	-0.018423	1.298726	0.002031	-0.003477	1.068046	0.004220	0.000447	0.019669
1782895847.289272	-0.465394	-0.018342	1.298796	0.004400	-0.003840	1.068860	0.003406	-0.000240	0.009578
1782895847.299105	-0.465427	-0.018369	1.298828	0.003935	-0.002698	1.070654	0.003406	-0.000240	0.009578
1782895847.311055	-0.465536	-0.018319	1.298967	0.002505	-0.002715	1.071422	0.008013	-0.001885	0.017434
1782895847.319510	-0.465574	-0.018386	1.299032	0.003039	-0.002967	1.073637	0.008013	-0.001885	0.017434
1782895847.378017	-0.465816	-0.018302	1.299189	0.006939	-0.004746	1.075467	0.010944	-0.003386	-0.000272
1782895847.413549	-0.466263	-0.018097	1.299534	0.003103	-0.002863	1.078620	0.004395	-0.006980	-0.010573
1782895847.455175	-0.465891	-0.017818	1.299178	0.005552	0.007740	1.079920	0.012916	-0.004749	0.011657
1782895847.502826	-0.461827	-0.016262	1.296520	0.041208	0.076734	1.049875	0.053237	-0.020063	-0.004870
1782895847.547352	-0.455711	-0.014045	1.291789	0.077385	0.142129	1.011468	0.116227	-0.048958	-0.060969
1782895847.601185	-0.447197	-0.010790	1.282956	0.097406	0.206343	0.969717	0.195185	-0.081171	-0.122392
1782895847.673630	-0.431672	-0.004200	1.268394	0.114287	0.263404	0.907794	0.359564	-0.137770	-0.128361
1782895847.720005	-0.403331	0.007728	1.249252	0.118814	0.301084	0.834228	0.549232	-0.177667	-0.080413
1782895847.755781	-0.371016	0.022271	1.232255	0.108585	0.305544	0.780528	0.731911	-0.209195	-0.072792
1782895847.795726	-0.348248	0.032543	1.222043	0.096648	0.290905	0.752443	0.859124	-0.218875	-0.088702
1782895847.830709	-0.323112	0.044030	1.211732	0.089963	0.259388	0.725498	0.949461	-0.235787	-0.140429
1782895847.877373	-0.286140	0.060441	1.196269	0.076167	0.210842	0.695686	0.989298	-0.237505	-0.180055
1782895847.917686	-0.256763	0.073232	1.182789	0.062144	0.171789	0.673037	1.076873	-0.244603	-0.314146
1782895847.950344	-0.215772	0.090954	1.162320	0.047373	0.125252	0.642188	1.108931	-0.231103	-0.414714
1782895847.985242	-0.173192	0.109135	1.139577	0.036971	0.082728	0.612192	1.122870	-0.229641	-0.442597
1782895848.039865	-0.151566	0.118049	1.127602	0.035463	0.064740	0.596279	1.125605	-0.212957	-0.520728
1782895848.076732	-0.086234	0.144310	1.091383	0.022386	0.021584	0.554662	1.104045	-0.176932	-0.544682
1782895848.108752	-0.064798	0.152602	1.079971	0.019833	0.008992	0.539126	1.095245	-0.165928	-0.534234
1782895848.154328	-0.032691	0.164949	1.063603	0.020063	-0.009874	0.517940	1.070368	-0.147627	-0.517171
1782895848.199307	0.019383	0.184172	1.040078	0.023608	-0.030140	0.486287	1.029875	-0.133300	-0.448572
1782895848.236356	0.059535	0.198127	1.025261	0.029990	-0.042381	0.464088	0.998550	-0.120221	-0.382203
1782895848.275419	0.088767	0.207334	1.016537	0.028674	-0.049312	0.446281	0.966775	-0.118659	-0.310980
1782895848.318036	0.116924	0.215923	1.009819	0.038358	-0.056613	0.432505	0.935076	-0.122650	-0.240326
1782895848.348909	0.153002	0.225627	1.003492	0.036983	-0.060998	0.412640	0.902763	-0.128621	-0.190636
1782895848.382810	0.187153	0.233922	0.999661	0.043314	-0.063586	0.395641	0.880048	-0.126475	-0.185909
1782895848.425435	0.203642	0.237190	0.998120	0.045666	-0.065527	0.386738	0.844869	-0.134994	-0.168342
1782895848.475639	0.235252	0.242873	0.995409	0.050955	-0.072767	0.373428	0.810426	-0.146747	-0.170392
1782895848.525102	0.265034	0.246991	0.992262	0.047238	-0.075683	0.358339	0.772436	-0.163437	-0.179918
1782895848.562415	0.300229	0.249598	0.987013	0.044286	-0.081144	0.341039	0.723185	-0.187282	-0.185849
1782895848.709903	0.320172	0.250084	0.983456	0.048271	-0.082657	0.334051	0.674392	-0.204167	-0.194891
1782895848.827542	0.398962	0.239479	0.961993	0.037906	-0.072184	0.297614	0.515707	-0.270898	-0.197917
1782895848.861671	0.439414	0.221794	0.944941	0.033851	-0.055023	0.263279	0.376398	-0.270158	-0.171302
1782895848.896036	0.449036	0.215691	0.940104	0.032603	-0.046532	0.250339	0.334711	-0.260181	-0.157896
1782895848.939723	0.458018	0.209374	0.935876	0.030158	-0.038638	0.236265	0.318669	-0.263448	-0.131632
1782895848.980886	0.470306	0.198155	0.929517	0.033045	-0.024295	0.215917	0.270220	-0.263699	-0.089018
1782895849.015439	0.476567	0.191027	0.926637	0.027858	-0.015953	0.200763	0.234153	-0.261589	-0.075575
1782895849.050936	0.482202	0.183645	0.923851	0.026934	-0.006698	0.186610	0.210028	-0.270540	-0.060468
1782895849.087065	0.488771	0.173071	0.920873	0.030063	-0.001199	0.168408	0.189705	-0.283452	-0.058365
1782895849.122822	0.491657	0.167691	0.919343	0.022578	0.002369	0.163050	0.179893	-0.292514	-0.055584
1782895849.160634	0.496876	0.156335	0.915798	0.015605	0.011076	0.146647	0.157608	-0.298400	-0.060262
1782895849.206378	0.500903	0.147520	0.913040	0.010651	0.018614	0.136073	0.147534	-0.313850	-0.061316
1782895849.246048	0.505717	0.135418	0.908802	0.012289	0.021521	0.123962	0.141228	-0.327131	-0.069092
1782895849.280332	0.509762	0.123088	0.904520	-0.002090	0.027369	0.115501	0.121942	-0.326957	-0.078114
1782895849.319105	0.512761	0.113574	0.901611	-0.005675	0.030032	0.109273	0.116798	-0.331677	-0.064908
1782895849.367216	0.515669	0.104531	0.898899	-0.013567	0.033760	0.098975	0.104019	-0.334592	-0.064957
1782895849.403948	0.520229	0.089173	0.894646	-0.023037	0.038924	0.091974	0.094007	-0.331528	-0.026161
1782895849.440640	0.522939	0.080021	0.893197	-0.027477	0.039350	0.087670	0.081628	-0.324878	-0.016751
1782895849.476704	0.525759	0.071508	0.892821	-0.038369	0.044437	0.080223	0.082525	-0.320382	0.019229
1782895849.520189	0.528482	0.063121	0.892732	-0.035029	0.043772	0.077709	0.073459	-0.310861	0.012801
1782895849.557537	0.532933	0.049904	0.893758	-0.041295	0.047418	0.070275	0.067812	-0.298148	0.042702
1782895849.595790	0.535938	0.042656	0.894750	-0.046307	0.050135	0.064854	0.057320	-0.278855	0.041708
1782895849.636248	0.538590	0.035807	0.895482	-0.050775	0.052495	0.061735	0.064503	-0.279120	0.046116
1782895849.682089	0.542628	0.027169	0.895908	-0.052296	0.053008	0.057914	0.054929	-0.259752	0.021885
1782895849.719940	0.546866	0.019718	0.896051	-0.051931	0.052894	0.051472	0.050942	-0.227474	0.014431
1782895849.756966	0.550935	0.013103	0.895643	-0.052717	0.051540	0.046841	0.051769	-0.207653	-0.011712
1782895849.798219	0.554188	0.009043	0.894827	-0.051583	0.052259	0.041052	0.045739	-0.179488	-0.023717
1782895849.884577	0.557585	0.005272	0.893958	-0.046519	0.048646	0.036688	0.043742	-0.158059	-0.011850
1782895849.931802	0.566076	-0.001376	0.890703	-0.040192	0.048292	0.018203	0.032853	-0.111719	-0.020210
1782895849.978752	0.571399	-0.003541	0.888738	-0.036011	0.049857	0.006810	0.023503	-0.089335	-0.015718
1782895850.008150	0.574802	-0.004827	0.887217	-0.028276	0.047740	0.000315	0.029564	-0.073811	-0.015196
1782895850.039668	0.578057	-0.004939	0.885959	-0.030408	0.047355	-0.005748	0.027746	-0.067656	-0.017023
1782895850.078629	0.582178	-0.005340	0.884071	-0.016551	0.045095	-0.013774	0.014557	-0.050892	-0.020612
1782895850.110282	0.584330	-0.005298	0.883322	-0.017185	0.046347	-0.018556	0.008998	-0.045814	-0.003721
1782895850.147214	0.588332	-0.005287	0.882066	-0.006385	0.042608	-0.023555	0.011152	-0.046906	0.000918
1782895850.188742	0.591266	-0.005203	0.881340	-0.009473	0.043497	-0.026909	0.000283	-0.038388	0.005817
1782895850.226659	0.594371	-0.005038	0.881338	-0.001609	0.045216	-0.033155	0.001912	-0.039918	0.032369
1782895850.267071	0.597999	-0.005095	0.881516	-0.003995	0.045406	-0.036498	-0.010945	-0.038468	0.032840
1782895850.304803	0.600630	-0.005174	0.881704	0.000108	0.045215	-0.039112	-0.010811	-0.042853	0.056611
1782895850.357363	0.604047	-0.005718	0.882528	-0.001641	0.046011	-0.043068	-0.022602	-0.041439	0.041149
1782895850.414984	0.609122	-0.006694	0.882759	0.001625	0.046166	-0.042422	-0.026455	-0.048502	0.020666
1782895850.455756	0.611476	-0.007528	0.882758	0.005121	0.045893	-0.045611	-0.033436	-0.045153	0.026541
1782895850.503661	0.613809	-0.008572	0.882302	0.005447	0.046367	-0.045458	-0.038077	-0.050674	0.013434
1782895850.540401	0.616156	-0.010461	0.881382	0.000680	0.047150	-0.045206	-0.038620	-0.053273	0.010945
1782895850.576543	0.617608	-0.011732	0.880410	0.004752	0.049569	-0.047048	-0.041431	-0.056646	0.000700
1782895850.608328	0.619124	-0.013132	0.879454	-0.004373	0.051481	-0.045552	-0.045528	-0.049743	-0.004335
1782895850.653189	0.620586	-0.014772	0.878216	0.004045	0.050059	-0.046092	-0.042064	-0.055523	0.006649
1782895850.685052	0.622427	-0.017345	0.876982	0.003381	0.049840	-0.047183	-0.048180	-0.051096	0.009446
1782895850.720511	0.623110	-0.018343	0.876717	-0.001151	0.048993	-0.047246	-0.048390	-0.054096	0.016118
1782895850.765067	0.624480	-0.020575	0.875760	0.001888	0.048590	-0.049555	-0.059481	-0.041089	0.012962
1782895850.809969	0.625411	-0.022257	0.875908	-0.003616	0.049272	-0.049539	-0.055644	-0.046988	0.021244
1782895850.844487	0.626630	-0.025099	0.875693	-0.001472	0.049706	-0.052639	-0.064162	-0.037893	0.021243
1782895850.881644	0.627405	-0.026885	0.875700	0.000072	0.049137	-0.052912	-0.062587	-0.045759	0.032905
1782895850.958790	0.627888	-0.028585	0.876228	-0.003440	0.049330	-0.054607	-0.065873	-0.040215	0.052825
1782895851.010702	0.628765	-0.032898	0.877765	-0.004408	0.049875	-0.058092	-0.069057	-0.037331	0.045094
1782895851.061453	0.628826	-0.035689	0.878678	-0.007639	0.049757	-0.057858	-0.077335	-0.032903	0.042975
1782895851.096778	0.628723	-0.038310	0.879501	-0.010917	0.051059	-0.058290	-0.073159	-0.037040	0.026561
1782895851.140880	0.628783	-0.040216	0.879783	-0.008641	0.054990	-0.060324	-0.078995	-0.033409	0.029973
1782895851.183889	0.628477	-0.043532	0.879615	-0.009917	0.055604	-0.061439	-0.072842	-0.037469	0.015506
1782895851.242542	0.628126	-0.045479	0.879492	-0.013171	0.058386	-0.059389	-0.077324	-0.029122	0.011145
1782895851.277944	0.627833	-0.049332	0.878802	-0.004197	0.057784	-0.061416	-0.078084	-0.026577	0.006336
1782895851.315299	0.627563	-0.050569	0.878686	-0.011316	0.058558	-0.061150	-0.066828	-0.030492	0.003935
1782895851.358513	0.627349	-0.053131	0.878269	-0.012720	0.059863	-0.064272	-0.071474	-0.024446	0.003759
1782895851.399576	0.626955	-0.054870	0.877744	-0.009393	0.058233	-0.063818	-0.062837	-0.027928	0.013769
1782895851.441009	0.626487	-0.057821	0.877473	-0.011155	0.058520	-0.065679	-0.068746	-0.019558	0.004372
1782895851.470860	0.626448	-0.060272	0.877764	-0.008594	0.057608	-0.067851	-0.067864	-0.013026	0.014958
1782895851.511362	0.626340	-0.061059	0.877912	-0.013780	0.058008	-0.068027	-0.069891	-0.009530	0.026943
1782895851.556546	0.626064	-0.062921	0.878469	-0.008292	0.055812	-0.071689	-0.062872	-0.008478	0.026016
1782895851.591045	0.625897	-0.064681	0.878744	-0.014482	0.056969	-0.071925	-0.058694	0.000132	0.031062
1782895851.683733	0.625744	-0.065621	0.879210	-0.010689	0.054602	-0.073261	-0.064360	0.010794	0.015639
1782895851.780778	0.625064	-0.067443	0.879777	-0.017788	0.055355	-0.076320	-0.061409	0.023163	-0.008491
1782895851.839285	0.624199	-0.068632	0.878360	-0.010409	0.052813	-0.079741	-0.065459	0.037880	-0.015512
1782895851.876924	0.623648	-0.068593	0.876994	-0.009519	0.052555	-0.083086	-0.062467	0.039716	-0.016781
1782895851.914310	0.623503	-0.068690	0.876508	-0.012808	0.054503	-0.084640	-0.063943	0.043517	-0.012265
1782895851.957589	0.622874	-0.068370	0.875104	-0.010135	0.053141	-0.085937	-0.054529	0.040830	-0.005905
1782895851.989581	0.622530	-0.068103	0.874602	-0.010570	0.052776	-0.085912	-0.048874	0.043219	0.000070
1782895852.069807	0.622200	-0.067563	0.874323	-0.007283	0.053666	-0.087379	-0.053805	0.049671	-0.013365
1782895852.126258	0.621590	-0.066310	0.874296	-0.004236	0.051463	-0.091250	-0.056281	0.056472	0.009069
1782895852.161876	0.621187	-0.065473	0.874873	-0.009022	0.051774	-0.089950	-0.048042	0.059322	0.010081
1782895852.196690	0.620891	-0.064700	0.875560	-0.009664	0.052283	-0.090008	-0.039079	0.052958	0.029587
1782895852.246045	0.620618	-0.064078	0.876367	-0.007083	0.054197	-0.088276	-0.045254	0.062376	0.020068
1782895852.283373	0.620369	-0.062595	0.878120	-0.003815	0.052473	-0.089964	-0.042683	0.063020	0.024648
1782895852.318685	0.620302	-0.061603	0.879087	-0.007243	0.054306	-0.090274	-0.034230	0.061110	0.030744
1782895852.359680	0.620034	-0.060753	0.879615	-0.003318	0.052767	-0.089155	-0.034674	0.061800	0.018436
1782895852.403816	0.619848	-0.059579	0.880530	-0.003217	0.054054	-0.090224	-0.030224	0.061013	0.010244
1782895852.447804	0.619689	-0.058425	0.880798	-0.000134	0.053874	-0.092629	-0.033251	0.064252	-0.001245
1782895852.481765	0.619442	-0.057348	0.880864	-0.000649	0.053772	-0.090431	-0.025653	0.057130	0.002975
1782895852.518742	0.619298	-0.056259	0.880954	-0.002053	0.054145	-0.089946	-0.029079	0.063080	-0.001099
1782895852.561939	0.619074	-0.055256	0.880794	-0.001682	0.053984	-0.088460	-0.021688	0.055661	0.013787
1782895852.598328	0.618999	-0.054119	0.881158	-0.002732	0.056424	-0.087765	-0.022186	0.054865	0.026374
1782895852.636555	0.618842	-0.053430	0.881542	-0.001909	0.056122	-0.086451	-0.024547	0.057615	0.007960
1782895852.677039	0.618852	-0.052464	0.882298	-0.002128	0.054271	-0.086197	-0.014484	0.049632	0.021282
1782895852.723694	0.618699	-0.051778	0.882632	0.000225	0.052860	-0.084827	-0.020227	0.056000	0.007896
1782895852.767404	0.618501	-0.050535	0.883257	-0.004623	0.054041	-0.082579	-0.017663	0.053328	0.004622
