时间(s)	位置x(m)	位置y(m)	位置z(m)	欧拉角roll(rad)	欧拉角pitch(rad)	欧拉角yaw(rad)	速度x(m/s)	速度y(m/s)	速度z(m/s)
1782895625.785676	-0.575027	-0.036832	1.277492	0.003906	0.002298	0.042633	0.023883	-0.015601	0.008608
1782895625.789785	-0.574945	-0.036933	1.277657	0.002062	0.002828	0.042953	0.023883	-0.015601	0.008608
1782895625.799687	-0.575006	-0.037189	1.277705	0.005117	0.001902	0.043796	0.015811	-0.011741	0.002854
1782895625.809075	-0.575006	-0.037189	1.277705	0.005117	0.001902	0.043796	0.025374	-0.020459	0.008583
1782895625.819169	-0.575016	-0.037454	1.277711	0.003197	0.001882	0.043549	0.025374	-0.020459	0.008583
1782895625.829272	-0.575092	-0.037438	1.277948	0.006636	-0.000004	0.048285	0.025374	-0.020459	0.008583
1782895625.839370	-0.575116	-0.037589	1.278035	0.006481	0.000442	0.051189	0.019504	-0.022036	0.007916
1782895625.849951	-0.575317	-0.037779	1.278251	0.008581	0.001376	0.056127	0.019504	-0.022036	0.007916
1782895625.858930	-0.575365	-0.037729	1.278466	0.006768	0.002296	0.059391	0.020644	-0.022779	0.031539
1782895625.869188	-0.575384	-0.037819	1.278751	0.006854	0.003882	0.062401	0.021325	-0.023281	0.033645
1782895625.878952	-0.575451	-0.038027	1.279050	0.003140	0.005911	0.066558	0.021325	-0.023281	0.033645
1782895625.889390	-0.575657	-0.037857	1.279642	0.001406	0.006800	0.069804	0.021325	-0.023281	0.033645
1782895625.899608	-0.575609	-0.037940	1.280066	0.000984	0.007884	0.072922	0.022248	-0.018368	0.052074
1782895625.909315	-0.575609	-0.037940	1.280066	0.000984	0.007884	0.072922	0.022248	-0.018368	0.052074
1782895625.919194	-0.575718	-0.038154	1.280692	0.000367	0.009436	0.076433	0.024782	-0.023733	0.057857
1782895625.929336	-0.575683	-0.038287	1.281404	0.001524	0.006601	0.080430	0.024782	-0.023733	0.057857
1782895625.938977	-0.575671	-0.038222	1.282186	0.002002	0.009368	0.084446	0.023495	-0.021083	0.068977
1782895625.951467	-0.575633	-0.038378	1.282915	-0.000581	0.008851	0.087583	0.023495	-0.021083	0.068977
1782895625.959457	-0.575491	-0.038406	1.283687	0.000220	0.008668	0.092785	0.026420	-0.026204	0.073212
1782895625.972609	-0.575718	-0.038604	1.284657	-0.000988	0.008706	0.096930	0.026420	-0.026204	0.073212
1782895625.980115	-0.575779	-0.038692	1.285504	-0.003799	0.009875	0.100959	0.018679	-0.020537	0.087764
1782895625.990645	-0.575862	-0.038773	1.286440	-0.005150	0.010062	0.104839	0.018679	-0.020537	0.087764
1782895626.001628	-0.575939	-0.038763	1.287341	-0.002804	0.009028	0.108884	0.029841	-0.023434	0.076973
1782895626.009665	-0.575939	-0.038763	1.287341	-0.002804	0.009028	0.108884	0.029841	-0.023434	0.076973
1782895626.019629	-0.575872	-0.038929	1.288131	-0.003571	0.009739	0.111942	0.026079	-0.022905	0.077099
1782895626.029747	-0.575935	-0.038968	1.289084	-0.004878	0.010504	0.115638	0.026079	-0.022905	0.077099
1782895626.039414	-0.575829	-0.039024	1.290002	-0.002218	0.010779	0.118542	0.030288	-0.026731	0.079358
1782895626.049461	-0.575773	-0.039075	1.290806	0.000329	0.011118	0.122600	0.028446	-0.026084	0.057274
1782895626.060233	-0.575524	-0.039099	1.291479	-0.002341	0.011368	0.126930	0.028446	-0.026084	0.057274
1782895626.070412	-0.575719	-0.038987	1.292200	-0.009101	0.012234	0.131860	0.025986	-0.022190	0.053475
1782895626.079998	-0.575701	-0.039149	1.292696	-0.006049	0.010789	0.134980	0.025986	-0.022190	0.053475
1782895626.089992	-0.575611	-0.039251	1.293412	-0.005476	0.010033	0.140887	0.025986	-0.022190	0.053475
1782895626.099508	-0.575590	-0.039311	1.293641	-0.005498	0.009683	0.143716	0.035857	-0.025895	0.048489
1782895626.111476	-0.575590	-0.039311	1.293641	-0.005498	0.009683	0.143716	0.035857	-0.025895	0.048489
1782895626.121258	-0.575464	-0.039277	1.293909	-0.010030	0.011015	0.147744	0.033642	-0.025803	0.026172
1782895626.129698	-0.575290	-0.039398	1.294513	-0.004916	0.009905	0.151255	0.034385	-0.021968	0.027209
1782895626.139666	-0.575319	-0.039290	1.294832	-0.005265	0.010327	0.154577	0.034385	-0.021968	0.027209
1782895626.150400	-0.575152	-0.039293	1.295173	-0.002097	0.010522	0.159379	0.033858	-0.023478	0.018213
1782895626.159843	-0.575118	-0.039289	1.295498	-0.005622	0.010372	0.164271	0.033858	-0.023478	0.018213
1782895626.169923	-0.575039	-0.039183	1.295576	-0.003224	0.009347	0.168376	0.029102	-0.022530	0.019170
1782895626.179441	-0.574970	-0.039313	1.295734	-0.002694	0.009340	0.171949	0.029102	-0.022530	0.019170
1782895626.190752	-0.574970	-0.039313	1.295734	-0.002694	0.009340	0.171949	0.041250	-0.025342	0.017277
1782895626.199403	-0.574819	-0.039413	1.295815	-0.005453	0.008866	0.175606	0.041250	-0.025342	0.017277
1782895626.209663	-0.574802	-0.039346	1.295854	-0.008570	0.008565	0.180998	0.038192	-0.021493	-0.011067
1782895626.220088	-0.574706	-0.039139	1.295970	-0.010052	0.010351	0.184438	0.038192	-0.021493	-0.011067
1782895626.229686	-0.574608	-0.039004	1.296014	-0.009355	0.010452	0.188915	0.038192	-0.021493	-0.011067
1782895626.239381	-0.574422	-0.038956	1.295936	-0.009737	0.011037	0.192822	0.034145	-0.015229	-0.009807
1782895626.250406	-0.574291	-0.038797	1.295839	-0.012045	0.010222	0.197192	0.034145	-0.015229	-0.009807
1782895626.259179	-0.574056	-0.038700	1.295750	-0.009066	0.009152	0.200047	0.040147	-0.018750	-0.007621
1782895626.273053	-0.573938	-0.038738	1.295538	-0.009160	0.008802	0.204858	0.038257	-0.016330	0.000150
1782895626.280815	-0.573906	-0.038713	1.295498	-0.011134	0.009059	0.209266	0.038257	-0.016330	0.000150
1782895626.289325	-0.573552	-0.038432	1.295482	-0.012355	0.010360	0.213264	0.048291	-0.016768	-0.002537
1782895626.299341	-0.573339	-0.038417	1.295338	-0.011658	0.011665	0.218092	0.048291	-0.016768	-0.002537
1782895626.309360	-0.573339	-0.038417	1.295338	-0.011658	0.011665	0.218092	0.048291	-0.016768	-0.002537
1782895626.319280	-0.573323	-0.038127	1.295382	-0.009806	0.009095	0.222166	0.041613	-0.009796	-0.012639
1782895626.330205	-0.573102	-0.037939	1.295414	-0.010564	0.008851	0.226259	0.041613	-0.009796	-0.012639
1782895626.340760	-0.573081	-0.037886	1.295398	-0.008679	0.008632	0.229657	0.047132	-0.011515	0.006732
1782895626.349465	-0.572971	-0.037688	1.295451	-0.009665	0.006986	0.233940	0.044193	-0.008956	-0.001455
1782895626.359389	-0.572678	-0.037419	1.295533	-0.009478	0.008122	0.238928	0.044193	-0.008956	-0.001455
1782895626.369408	-0.572314	-0.037232	1.295519	-0.008954	0.008822	0.242904	0.044193	-0.008956	-0.001455
1782895626.380853	-0.572098	-0.036963	1.295610	-0.010154	0.008224	0.245748	0.046405	-0.005616	0.013927
1782895626.390985	-0.571932	-0.036823	1.295815	-0.010385	0.007915	0.249512	0.040948	-0.002490	0.011005
1782895626.399367	-0.571767	-0.036469	1.296096	-0.010414	0.008460	0.253263	0.040948	-0.002490	0.011005
1782895626.409998	-0.571767	-0.036469	1.296096	-0.010414	0.008460	0.253263	0.040948	-0.002490	0.011005
1782895626.420674	-0.571517	-0.036162	1.296170	-0.010488	0.008704	0.257178	0.047970	-0.005680	0.028206
1782895626.429883	-0.571384	-0.035816	1.296339	-0.009007	0.008230	0.261686	0.047970	-0.005680	0.028206
1782895626.439828	-0.571070	-0.035481	1.296641	-0.007610	0.007304	0.265028	0.046208	-0.002258	0.009268
1782895626.449768	-0.570666	-0.035312	1.296713	-0.007967	0.007329	0.270091	0.046208	-0.002258	0.009268
1782895626.459406	-0.570472	-0.035000	1.296887	-0.007632	0.007100	0.273498	0.046208	-0.002258	0.009268
1782895626.469391	-0.570390	-0.034583	1.297096	-0.007102	0.006554	0.276768	0.051211	-0.002350	0.012459
1782895626.479459	-0.570261	-0.034311	1.297260	-0.007316	0.005602	0.281932	0.051211	-0.002350	0.012459
1782895626.490083	-0.569784	-0.034212	1.297512	-0.008860	0.006995	0.286772	0.051211	-0.002350	0.012459
1782895626.499840	-0.569575	-0.033836	1.297687	-0.009142	0.006381	0.291056	0.055762	-0.002280	0.017095
1782895626.509571	-0.569575	-0.033836	1.297687	-0.009142	0.006381	0.291056	0.055762	-0.002280	0.017095
1782895626.519423	-0.569462	-0.033438	1.297825	-0.008496	0.006063	0.294763	0.055355	-0.001146	-0.003870
1782895626.529380	-0.569279	-0.032899	1.298077	-0.005972	0.005393	0.298724	0.055355	-0.001146	-0.003870
1782895626.539619	-0.569029	-0.032668	1.298206	-0.004421	0.005202	0.302142	0.049465	0.005549	0.001441
1782895626.551777	-0.568598	-0.032332	1.298118	-0.008750	0.006427	0.305878	0.051928	0.000109	0.004608
1782895626.559325	-0.568357	-0.031829	1.298084	-0.007829	0.006411	0.310387	0.051928	0.000109	0.004608
1782895626.569346	-0.568143	-0.031442	1.298142	-0.009885	0.006417	0.312520	0.046631	0.003653	0.010415
1782895626.579340	-0.567780	-0.031142	1.298336	-0.007332	0.005141	0.318589	0.046631	0.003653	0.010415
1782895626.589423	-0.567593	-0.030791	1.298371	-0.004948	0.004179	0.322474	0.046631	0.003653	0.010415
1782895626.599809	-0.567593	-0.030791	1.298371	-0.004948	0.004179	0.322474	0.053579	0.003274	0.001245
1782895626.609389	-0.567363	-0.030303	1.298359	-0.003849	0.005710	0.325474	0.053579	0.003274	0.001245
1782895626.619810	-0.567278	-0.029923	1.298364	-0.008145	0.006497	0.328876	0.048000	0.010116	-0.010267
1782895626.629780	-0.567029	-0.029452	1.298388	-0.006124	0.003690	0.332181	0.048000	0.010116	-0.010267
1782895626.639758	-0.566551	-0.029210	1.298327	-0.003647	0.003835	0.338848	0.053497	0.007029	-0.005809
1782895626.650300	-0.566311	-0.028711	1.298255	-0.002579	0.004249	0.342915	0.048024	0.006847	-0.015975
1782895626.659876	-0.566296	-0.028303	1.298166	-0.005299	0.004772	0.346610	0.048024	0.006847	-0.015975
1782895626.669397	-0.566152	-0.027981	1.297923	-0.002674	0.004317	0.350710	0.051372	0.006438	-0.006155
1782895626.679419	-0.565874	-0.027330	1.297759	-0.001865	0.004657	0.354576	0.051372	0.006438	-0.006155
1782895626.690151	-0.565638	-0.027149	1.297917	0.000541	0.004564	0.357365	0.046204	0.009566	-0.020457
1782895626.699464	-0.565638	-0.027149	1.297917	0.000541	0.004564	0.357365	0.046204	0.009566	-0.020457
1782895626.709893	-0.565040	-0.026305	1.297603	-0.000578	0.006433	0.365076	0.046204	0.009566	-0.020457
1782895626.719410	-0.565040	-0.026305	1.297603	-0.000578	0.006433	0.365076	0.048714	0.008565	-0.003131
1782895626.729357	-0.565040	-0.026305	1.297603	-0.000578	0.006433	0.365076	0.048714	0.008565	-0.003131
1782895626.739262	-0.564696	-0.025289	1.297365	-0.004024	0.007462	0.371511	0.054519	0.005884	-0.013751
1782895626.756009	-0.564508	-0.024799	1.297209	-0.002386	0.005953	0.376378	0.055206	0.007644	-0.013507
1782895626.760007	-0.564210	-0.024407	1.296966	0.001367	0.004037	0.380263	0.055206	0.007644	-0.013507
1782895626.774129	-0.563983	-0.023951	1.297022	0.000230	0.004316	0.386186	0.055258	0.007437	-0.018292
1782895626.781999	-0.563772	-0.023746	1.296982	-0.003275	0.004480	0.389013	0.055258	0.007437	-0.018292
1782895626.791024	-0.563470	-0.023226	1.296794	-0.003209	0.005479	0.392476	0.055258	0.007437	-0.018292
1782895626.801783	-0.563173	-0.022783	1.296785	-0.000027	0.004479	0.395511	0.051461	0.007835	-0.006736
1782895626.814521	-0.563173	-0.022783	1.296785	-0.000027	0.004479	0.395511	0.051461	0.007835	-0.006736
1782895626.824032	-0.563008	-0.022309	1.296802	0.001586	0.003644	0.398842	0.053139	0.005136	-0.007089
1782895626.832906	-0.563008	-0.022309	1.296802	0.001586	0.003644	0.398842	0.053139	0.005136	-0.007089
1782895626.839895	-0.563008	-0.022309	1.296802	0.001586	0.003644	0.398842	0.047972	0.009718	0.001704
1782895626.850169	-0.563008	-0.022309	1.296802	0.001586	0.003644	0.398842	0.047972	0.009718	0.001704
1782895626.860215	-0.561988	-0.020772	1.297113	0.001426	0.003742	0.414008	0.049287	0.006659	0.012713
1782895626.869812	-0.561764	-0.020121	1.297256	0.003262	0.002831	0.417675	0.049666	0.006077	0.024142
1782895626.879264	-0.561504	-0.019803	1.297343	0.003312	0.003578	0.420488	0.049666	0.006077	0.024142
1782895626.890327	-0.561116	-0.019467	1.297761	0.004063	0.003225	0.424661	0.052434	0.004365	0.014973
1782895626.899180	-0.560791	-0.019129	1.298004	0.003884	0.002382	0.427939	0.052434	0.004365	0.014973
1782895626.909187	-0.560791	-0.019129	1.298004	0.003884	0.002382	0.427939	0.052434	0.004365	0.014973
1782895626.921081	-0.560528	-0.018747	1.298258	0.007366	0.001160	0.432208	0.050279	0.006674	0.019496
1782895626.929056	-0.560338	-0.018231	1.298472	0.003118	0.002472	0.435453	0.050279	0.006674	0.019496
1782895626.938913	-0.560073	-0.017866	1.298848	0.000226	0.002902	0.438274	0.055956	0.001174	0.011023
1782895626.949881	-0.559854	-0.017517	1.299042	0.000844	0.002043	0.442222	0.055956	0.001174	0.011023
1782895626.958826	-0.559602	-0.017274	1.299186	0.003530	0.001361	0.445645	0.051757	0.005458	0.006211
1782895626.969543	-0.559430	-0.016870	1.299290	0.002581	0.001413	0.449791	0.053361	0.004904	0.006195
1782895626.979038	-0.559273	-0.016408	1.299542	0.000842	0.001551	0.453093	0.053361	0.004904	0.006195
1782895626.989023	-0.558815	-0.016182	1.299727	-0.001628	0.001196	0.456122	0.053361	0.004904	0.006195
1782895626.998937	-0.558526	-0.015735	1.299959	-0.002693	0.000673	0.458094	0.043878	0.007615	-0.001054
1782895627.009461	-0.558526	-0.015735	1.299959	-0.002693	0.000673	0.458094	0.043878	0.007615	-0.001054
1782895627.019838	-0.558389	-0.015388	1.300112	-0.000829	0.001114	0.460835	0.046031	0.004858	0.013594
1782895627.029484	-0.558119	-0.014968	1.300158	0.002361	0.000478	0.464299	0.050645	0.002059	-0.001598
1782895627.039569	-0.557841	-0.014696	1.300191	0.005942	-0.000056	0.466992	0.050645	0.002059	-0.001598
1782895627.050816	-0.557603	-0.014439	1.300169	0.002310	0.000895	0.470011	0.045194	0.008007	-0.006053
1782895627.059581	-0.557476	-0.013984	1.300291	0.005204	-0.000569	0.474000	0.045194	0.008007	-0.006053
1782895627.069699	-0.557196	-0.013714	1.300385	0.005177	-0.000722	0.477525	0.045194	0.008007	-0.006053
1782895627.081121	-0.557074	-0.013448	1.300530	0.004310	-0.001072	0.480387	0.049119	0.005031	-0.006304
1782895627.089348	-0.556929	-0.013195	1.300471	0.004864	0.000057	0.482932	0.040927	0.003390	-0.003912
1782895627.099287	-0.556724	-0.012961	1.300627	0.001068	0.001013	0.487434	0.040927	0.003390	-0.003912
1782895627.110779	-0.556724	-0.012961	1.300627	0.001068	0.001013	0.487434	0.043802	0.002713	0.002181
1782895627.119362	-0.556403	-0.012516	1.300676	0.001465	-0.000011	0.490356	0.043802	0.002713	0.002181
1782895627.131457	-0.556143	-0.012179	1.300843	0.000737	0.001249	0.491744	0.037195	0.005347	-0.014452
1782895627.139426	-0.556017	-0.011811	1.300793	0.001232	-0.000333	0.494773	0.037195	0.005347	-0.014452
1782895627.149693	-0.555847	-0.011521	1.300760	0.002368	0.000100	0.496311	0.037195	0.005347	-0.014452
1782895627.159582	-0.555658	-0.011309	1.300689	0.002978	-0.000047	0.498595	0.035903	0.004758	-0.001248
1782895627.169719	-0.555433	-0.011026	1.300526	0.003884	-0.000218	0.502489	0.042836	-0.000818	-0.004774
1782895627.179889	-0.555248	-0.010725	1.300410	0.005231	0.000144	0.505882	0.042836	-0.000818	-0.004774
1782895627.189996	-0.555181	-0.010400	1.300340	0.001395	0.001431	0.508065	0.042836	-0.000818	-0.004774
1782895627.199896	-0.555181	-0.010400	1.300340	0.001395	0.001431	0.508065	0.037196	0.002713	-0.013675
1782895627.209809	-0.554942	-0.010314	1.300388	-0.002141	0.001507	0.512500	0.037196	0.002713	-0.013675
1782895627.219934	-0.554628	-0.010092	1.300458	-0.000003	0.000713	0.514580	0.040929	0.001077	-0.010891
1782895627.230328	-0.554623	-0.009882	1.300433	0.004945	0.000162	0.516636	0.040929	0.001077	-0.010891
1782895627.242265	-0.554228	-0.009534	1.300395	0.008515	0.000387	0.520190	0.035973	-0.000223	-0.008286
1782895627.250909	-0.554042	-0.009301	1.300503	0.009676	-0.001871	0.523221	0.035973	-0.000223	-0.008286
1782895627.259309	-0.553869	-0.009068	1.300554	0.007086	0.000041	0.524423	0.039445	-0.002125	-0.003030
1782895627.269481	-0.553673	-0.008833	1.300613	0.007000	0.000899	0.527221	0.032361	0.000299	-0.019298
1782895627.279428	-0.553600	-0.008847	1.300619	0.008623	-0.000319	0.529790	0.032361	0.000299	-0.019298
1782895627.289580	-0.553422	-0.008720	1.300652	0.007172	0.000401	0.532078	0.032361	0.000299	-0.019298
1782895627.299788	-0.553311	-0.008240	1.300609	0.008697	-0.000936	0.535222	0.031530	-0.003614	-0.001337
1782895627.309818	-0.553149	-0.008010	1.300518	0.009301	-0.001042	0.537399	0.031530	-0.003614	-0.001337
1782895627.319463	-0.553149	-0.008010	1.300518	0.009301	-0.001042	0.537399	0.033743	-0.009757	-0.004060
1782895627.329653	-0.553090	-0.007969	1.300632	0.008967	-0.000385	0.541424	0.033743	-0.009757	-0.004060
1782895627.341474	-0.552742	-0.007890	1.300691	0.007383	-0.002035	0.547399	0.029140	-0.003950	-0.003331
1782895627.352040	-0.552742	-0.007890	1.300691	0.007383	-0.002035	0.547399	0.033658	-0.009019	-0.000183
1782895627.361821	-0.552559	-0.007689	1.300617	0.009478	-0.000497	0.549872	0.033658	-0.009019	-0.000183
1782895627.376343	-0.552537	-0.007538	1.300631	0.010539	-0.000357	0.552947	0.026801	-0.007826	-0.003136
1782895627.381376	-0.552353	-0.007351	1.300736	0.011810	0.000239	0.555681	0.026801	-0.007826	-0.003136
1782895627.390652	-0.551952	-0.007120	1.300828	0.009753	0.001756	0.557956	0.026801	-0.007826	-0.003136
1782895627.402693	-0.551815	-0.007075	1.300719	0.009697	0.002695	0.558933	0.029686	-0.011079	0.008218
1782895627.416942	-0.551730	-0.007153	1.300806	0.011646	0.002314	0.561626	0.025212	-0.009931	-0.010569
1782895627.425696	-0.551730	-0.007153	1.300806	0.011646	0.002314	0.561626	0.025212	-0.009931	-0.010569
1782895627.430203	-0.551566	-0.006967	1.300797	0.009517	0.001977	0.562908	0.025212	-0.009931	-0.010569
1782895627.441368	-0.551453	-0.006987	1.300813	0.009246	0.001373	0.567868	0.020148	-0.008233	0.004815
1782895627.451895	-0.551350	-0.006749	1.300881	0.009798	0.001740	0.569725	0.027105	-0.014461	0.000170
1782895627.460628	-0.551114	-0.006793	1.300844	0.007777	0.002079	0.571443	0.027105	-0.014461	0.000170
1782895627.470920	-0.551165	-0.006707	1.300921	0.006060	0.001182	0.576269	0.022070	-0.009445	-0.004888
1782895627.479694	-0.550871	-0.006676	1.300816	0.003827	0.001251	0.579056	0.022070	-0.009445	-0.004888
1782895627.489746	-0.550850	-0.006681	1.300822	0.005252	0.001497	0.580980	0.022070	-0.009445	-0.004888
1782895627.500838	-0.550700	-0.006575	1.300817	0.007199	0.001357	0.583281	0.026854	-0.009634	-0.002463
1782895627.509228	-0.550700	-0.006575	1.300817	0.007199	0.001357	0.583281	0.026854	-0.009634	-0.002463
1782895627.520672	-0.550561	-0.006514	1.300688	0.005295	0.003706	0.585815	0.021962	-0.010470	-0.006090
1782895627.529653	-0.550353	-0.006307	1.300574	0.004351	0.004971	0.588873	0.021962	-0.010470	-0.006090
1782895627.539165	-0.550307	-0.006266	1.300533	0.005682	0.005432	0.590834	0.026248	-0.013672	-0.002467
1782895627.549809	-0.549992	-0.006306	1.300464	0.002173	0.006212	0.593833	0.026248	-0.013672	-0.002467
1782895627.558936	-0.549944	-0.006181	1.300392	0.002382	0.005756	0.595625	0.021077	-0.011903	-0.021684
1782895627.569583	-0.549645	-0.006109	1.300452	-0.000773	0.006158	0.598115	0.021077	-0.011903	-0.021684
1782895627.579386	-0.549433	-0.006063	1.300271	0.003185	0.004576	0.600979	0.016433	-0.009248	-0.013021
1782895627.589065	-0.549506	-0.006028	1.300141	0.004086	0.003945	0.604174	0.016433	-0.009248	-0.013021
1782895627.598934	-0.549314	-0.006096	1.299987	0.003433	0.003351	0.607249	0.022906	-0.016203	-0.008729
1782895627.608933	-0.549314	-0.006096	1.299987	0.003433	0.003351	0.607249	0.022906	-0.016203	-0.008729
1782895627.623334	-0.549188	-0.006015	1.299988	0.005008	0.003258	0.608877	0.022906	-0.016203	-0.008729
1782895627.630095	-0.549036	-0.006030	1.299909	0.002355	0.005092	0.610312	0.019067	-0.012738	-0.015561
1782895627.639681	-0.548730	-0.005975	1.299659	0.004994	0.005135	0.612169	0.023800	-0.013144	-0.012121
1782895627.650449	-0.548472	-0.005841	1.299653	0.005146	0.005077	0.615216	0.023800	-0.013144	-0.012121
1782895627.659420	-0.548228	-0.005746	1.299418	0.005065	0.005737	0.617945	0.021275	-0.013756	-0.012804
1782895627.669639	-0.548216	-0.005727	1.299230	0.003820	0.006160	0.619901	0.027850	-0.016249	-0.006170
1782895627.679777	-0.547963	-0.005629	1.299094	0.007874	0.004986	0.621850	0.027850	-0.016249	-0.006170
1782895627.690325	-0.547845	-0.005760	1.299057	0.008210	0.006186	0.624490	0.023186	-0.014420	-0.029324
1782895627.699737	-0.547758	-0.005728	1.298845	0.005391	0.004246	0.627061	0.023186	-0.014420	-0.029324
1782895627.711059	-0.547758	-0.005728	1.298845	0.005391	0.004246	0.627061	0.023186	-0.014420	-0.029324
1782895627.719693	-0.547515	-0.005826	1.298609	0.004326	0.003450	0.630193	0.021835	-0.013234	-0.015094
1782895627.731304	-0.547308	-0.005607	1.298533	0.000534	0.004847	0.632240	0.021835	-0.013234	-0.015094
1782895627.739707	-0.547157	-0.005606	1.298444	0.001578	0.004519	0.633795	0.025309	-0.017502	-0.020786
1782895627.750427	-0.547069	-0.005596	1.298342	0.002869	0.004775	0.636166	0.021230	-0.013292	-0.021774
1782895627.759444	-0.546820	-0.005589	1.298190	0.005328	0.005927	0.638056	0.021230	-0.013292	-0.021774
1782895627.769548	-0.546487	-0.005650	1.298020	0.008430	0.005002	0.640449	0.021361	-0.016592	-0.011590
1782895627.779649	-0.546232	-0.005479	1.297882	0.008732	0.005803	0.643025	0.021361	-0.016592	-0.011590
1782895627.791279	-0.546111	-0.005385	1.297834	0.009778	0.006220	0.644832	0.017544	-0.015570	-0.004119
1782895627.800041	-0.545929	-0.005354	1.297872	0.010674	0.006287	0.645520	0.017544	-0.015570	-0.004119
1782895627.810654	-0.545929	-0.005354	1.297872	0.010674	0.006287	0.645520	0.017544	-0.015570	-0.004119
1782895627.819987	-0.545802	-0.005198	1.297840	0.008461	0.007151	0.647638	0.021843	-0.014424	-0.003902
1782895627.831722	-0.545582	-0.005239	1.297689	0.006801	0.006049	0.649186	0.017757	-0.012937	0.004292
1782895627.840121	-0.545306	-0.005293	1.297601	0.007414	0.005119	0.652218	0.017757	-0.012937	0.004292
1782895627.852123	-0.545159	-0.005374	1.297710	0.006674	0.005522	0.655001	0.027016	-0.019002	0.008822
1782895627.859918	-0.545002	-0.005330	1.297813	0.003516	0.004499	0.658076	0.027016	-0.019002	0.008822
1782895627.869524	-0.544894	-0.005249	1.297875	0.004215	0.004726	0.659179	0.021246	-0.013046	-0.007091
1782895627.880751	-0.544674	-0.005119	1.297900	0.005304	0.004100	0.661181	0.021246	-0.013046	-0.007091
1782895627.890298	-0.544291	-0.005143	1.297897	0.006819	0.003121	0.663581	0.024536	-0.014051	0.011480
1782895627.900206	-0.544148	-0.005083	1.297825	0.008374	0.003373	0.666443	0.024536	-0.014051	0.011480
1782895627.910161	-0.544148	-0.005083	1.297825	0.008374	0.003373	0.666443	0.025866	-0.016802	-0.005249
1782895627.922510	-0.543869	-0.004826	1.297768	0.002946	0.004732	0.668557	0.025866	-0.016802	-0.005249
1782895627.930237	-0.543637	-0.004723	1.298093	0.004772	0.002974	0.669634	0.025392	-0.010886	-0.001854
1782895627.939797	-0.543386	-0.004626	1.298157	0.005845	0.002240	0.671766	0.025392	-0.010886	-0.001854
1782895627.950282	-0.543275	-0.004527	1.298135	0.005588	0.003591	0.673012	0.025392	-0.010886	-0.001854
1782895627.959556	-0.543132	-0.004445	1.298279	0.005654	0.003212	0.675122	0.027781	-0.013229	-0.001419
1782895627.969904	-0.542953	-0.004463	1.298254	0.005167	0.003216	0.677463	0.027781	-0.013229	-0.001419
1782895627.979177	-0.542727	-0.004449	1.298329	0.004081	0.003240	0.679359	0.024063	-0.011554	0.001729
1782895627.989104	-0.542327	-0.004308	1.298218	0.006340	0.003828	0.681854	0.027842	-0.009286	0.001404
1782895627.999260	-0.542156	-0.004111	1.298407	0.008022	0.002712	0.684418	0.027842	-0.009286	0.001404
1782895628.010242	-0.542156	-0.004111	1.298407	0.008022	0.002712	0.684418	0.027842	-0.009286	0.001404
1782895628.018982	-0.541940	-0.004059	1.298498	0.006400	0.003700	0.685373	0.020063	-0.007902	-0.002591
1782895628.029770	-0.541813	-0.003932	1.298666	0.006411	0.003804	0.687991	0.020951	-0.009041	0.010392
1782895628.039886	-0.541658	-0.003873	1.298688	0.006335	0.003727	0.688824	0.020951	-0.009041	0.010392
1782895628.051024	-0.541440	-0.003860	1.298817	0.004976	0.004660	0.689866	0.023596	-0.009520	-0.001830
1782895628.059894	-0.541142	-0.003688	1.298972	0.002563	0.004180	0.692833	0.023596	-0.009520	-0.001830
1782895628.069695	-0.540981	-0.003532	1.299045	0.002468	0.004295	0.693849	0.017485	-0.004848	-0.002003
1782895628.079377	-0.540789	-0.003329	1.299073	0.002647	0.002704	0.695226	0.017485	-0.004848	-0.002003
1782895628.090778	-0.540623	-0.003272	1.299107	0.000567	0.001261	0.697051	0.022705	-0.009183	0.014934
1782895628.099402	-0.540378	-0.003144	1.299034	0.001203	0.001186	0.699571	0.022705	-0.009183	0.014934
1782895628.111628	-0.540378	-0.003144	1.299034	0.001203	0.001186	0.699571	0.022430	-0.009428	-0.003885
1782895628.119529	-0.540088	-0.002974	1.298949	0.004652	0.001851	0.701704	0.022430	-0.009428	-0.003885
1782895628.130278	-0.539901	-0.002902	1.298959	0.004484	0.003021	0.702945	0.021084	-0.004979	0.005226
1782895628.139418	-0.539685	-0.002481	1.298946	0.006462	0.003284	0.704359	0.021084	-0.004979	0.005226
1782895628.150004	-0.539513	-0.002416	1.299008	0.007087	0.003646	0.705051	0.027491	-0.009338	0.004312
1782895628.160025	-0.539377	-0.002252	1.298961	0.004780	0.004522	0.706055	0.027491	-0.009338	0.004312
1782895628.171422	-0.539202	-0.002168	1.298985	0.003013	0.004393	0.707580	0.022959	-0.008077	0.003461
1782895628.179266	-0.539012	-0.001982	1.299027	0.002871	0.004521	0.710393	0.022959	-0.008077	0.003461
1782895628.189634	-0.538739	-0.001877	1.299169	0.003991	0.004796	0.712183	0.030748	-0.009025	0.005589
1782895628.199361	-0.538573	-0.001847	1.299063	0.004944	0.003264	0.715366	0.030748	-0.009025	0.005589
1782895628.211506	-0.538573	-0.001847	1.299063	0.004944	0.003264	0.715366	0.030748	-0.009025	0.005589
1782895628.220073	-0.538018	-0.001460	1.299319	0.005361	0.004718	0.715370	0.027952	-0.007958	-0.003620
1782895628.230229	-0.538018	-0.001460	1.299319	0.005361	0.004718	0.715370	0.027952	-0.007958	-0.003620
1782895628.240417	-0.537894	-0.001228	1.299384	0.004038	0.004749	0.716752	0.027942	-0.007205	0.004657
1782895628.249576	-0.537699	-0.000817	1.299473	0.002273	0.005340	0.717763	0.033136	-0.010431	-0.008503
1782895628.259625	-0.537319	-0.000509	1.299654	0.004349	0.005442	0.719349	0.033136	-0.010431	-0.008503
1782895628.271313	-0.536943	-0.000303	1.299448	0.004938	0.003929	0.721373	0.024921	-0.004087	-0.015185
1782895628.282966	-0.536806	-0.000297	1.299384	0.006041	0.003241	0.723247	0.024921	-0.004087	-0.015185
1782895628.290265	-0.536707	-0.000151	1.299424	0.004944	0.003483	0.725002	0.027371	-0.008688	0.003058
1782895628.299999	-0.536553	0.000064	1.299371	0.006272	0.003303	0.726844	0.027371	-0.008688	0.003058
1782895628.310221	-0.536553	0.000064	1.299371	0.006272	0.003303	0.726844	0.027371	-0.008688	0.003058
1782895628.319596	-0.536288	0.000142	1.299239	0.006287	0.003619	0.727876	0.029001	-0.010515	-0.009932
1782895628.329507	-0.536110	0.000389	1.299251	0.003561	0.005441	0.730332	0.029001	-0.010515	-0.009932
1782895628.339350	-0.535913	0.000789	1.299290	0.004320	0.005430	0.731343	0.023566	-0.004031	-0.000947
1782895628.349670	-0.535631	0.001006	1.299266	0.004729	0.005417	0.733548	0.028438	-0.007205	0.003157
1782895628.359416	-0.535438	0.001245	1.299271	0.005109	0.004023	0.735500	0.028438	-0.007205	0.003157
1782895628.370599	-0.535181	0.001500	1.299128	0.004856	0.003771	0.736703	0.028438	-0.007205	0.003157
1782895628.406049	-0.534527	0.002115	1.299176	0.008840	0.004606	0.742725	0.026370	-0.006834	0.013738
1782895628.409131	-0.534527	0.002115	1.299176	0.008840	0.004606	0.742725	0.026370	-0.006834	0.013738
1782895628.412359	-0.534527	0.002115	1.299176	0.008840	0.004606	0.742725	0.026370	-0.006834	0.013738
1782895628.416624	-0.534272	0.002317	1.299121	0.005972	0.004925	0.744741	0.025514	-0.005635	-0.001398
1782895628.421753	-0.534272	0.002317	1.299121	0.005972	0.004925	0.744741	0.025514	-0.005635	-0.001398
1782895628.429815	-0.534144	0.002591	1.299309	0.002787	0.003655	0.746456	0.025514	-0.005635	-0.001398
1782895628.439680	-0.533755	0.002793	1.299267	0.000613	0.004839	0.747086	0.023668	-0.006330	0.007849
1782895628.450433	-0.533596	0.003004	1.299427	0.000134	0.005213	0.748624	0.023668	-0.006330	0.007849
1782895628.459762	-0.533380	0.003147	1.299448	0.002845	0.004055	0.749548	0.033424	-0.009718	0.005044
1782895628.470406	-0.533037	0.003348	1.299374	0.004669	0.004844	0.752000	0.033424	-0.009718	0.005044
1782895628.480035	-0.532844	0.003523	1.299301	0.004817	0.004665	0.752999	0.027869	-0.007385	-0.012240
1782895628.489457	-0.532419	0.003893	1.299095	0.007466	0.003743	0.755688	0.027372	-0.007374	-0.002911
1782895628.500272	-0.532419	0.003893	1.299095	0.007466	0.003743	0.755688	0.027372	-0.007374	-0.002911
1782895628.509420	-0.532245	0.004121	1.298968	0.007829	0.003418	0.757143	0.027372	-0.007374	-0.002911
1782895628.519990	-0.532038	0.004279	1.298937	0.007525	0.003630	0.758311	0.035036	-0.014416	-0.006187
1782895628.530671	-0.531734	0.004607	1.298822	0.003978	0.006235	0.759654	0.030711	-0.010446	-0.008603
1782895628.539728	-0.531468	0.004775	1.298775	0.004297	0.006777	0.761159	0.030711	-0.010446	-0.008603
1782895628.550879	-0.531165	0.005099	1.298839	0.006309	0.006620	0.762216	0.030711	-0.010446	-0.008603
1782895628.559412	-0.530845	0.005401	1.298779	0.008240	0.007728	0.762131	0.036368	-0.012745	-0.000867
1782895628.569515	-0.530585	0.005497	1.298813	0.007285	0.005763	0.764841	0.032545	-0.014089	-0.000865
1782895628.580482	-0.530372	0.005648	1.298905	0.007849	0.004488	0.767342	0.032545	-0.014089	-0.000865
1782895628.589713	-0.530084	0.005831	1.298976	0.008357	0.004648	0.768908	0.032545	-0.014089	-0.000865
1782895628.600360	-0.529730	0.006028	1.299095	0.007172	0.005358	0.771021	0.035232	-0.015229	0.011229
1782895628.610954	-0.529730	0.006028	1.299095	0.007172	0.005358	0.771021	0.033405	-0.015737	-0.000830
1782895628.619385	-0.529395	0.006191	1.299246	0.007643	0.003656	0.772056	0.033405	-0.015737	-0.000830
1782895628.629411	-0.529112	0.006509	1.299331	0.004851	0.004726	0.773765	0.033405	-0.015737	-0.000830
1782895628.640712	-0.528789	0.006843	1.299413	0.007519	0.003937	0.774509	0.025739	-0.012396	0.007998
1782895628.650072	-0.528583	0.006967	1.299446	0.006541	0.004329	0.776050	0.033755	-0.018474	0.015898
1782895628.659792	-0.528196	0.007021	1.299570	0.004889	0.005063	0.777631	0.033755	-0.018474	0.015898
1782895628.669420	-0.528007	0.007380	1.299661	0.007658	0.003454	0.779375	0.028994	-0.017175	-0.000157
1782895628.679693	-0.527646	0.007526	1.299726	0.012413	0.002106	0.781169	0.028994	-0.017175	-0.000157
1782895628.690962	-0.527206	0.007619	1.299705	0.010031	0.001878	0.782389	0.026680	-0.016587	0.011522
1782895628.700694	-0.526834	0.007712	1.299717	0.011570	0.000614	0.783996	0.026680	-0.016587	0.011522
1782895628.710628	-0.526457	0.007885	1.299774	0.012064	0.000900	0.786239	0.026680	-0.016587	0.011522
1782895628.719459	-0.526457	0.007885	1.299774	0.012064	0.000900	0.786239	0.031200	-0.022541	0.005770
1782895628.729560	-0.526211	0.007957	1.299618	0.010876	0.000262	0.788132	0.031200	-0.022541	0.005770
1782895628.740052	-0.525882	0.008069	1.299559	0.009353	0.001666	0.788002	0.025609	-0.021904	0.000599
1782895628.750577	-0.525427	0.008386	1.299623	0.006932	0.002505	0.789493	0.031263	-0.021302	0.004175
1782895628.759819	-0.525066	0.008648	1.299671	0.009368	0.002722	0.790004	0.031263	-0.021302	0.004175
1782895628.769454	-0.524728	0.008912	1.299387	0.008056	0.003212	0.792136	0.030348	-0.021725	-0.011784
1782895628.779412	-0.524426	0.008999	1.299290	0.007728	0.003029	0.793777	0.030348	-0.021725	-0.011784
1782895628.789370	-0.524056	0.009147	1.299143	0.006429	0.003717	0.795778	0.030348	-0.021725	-0.011784
1782895628.800297	-0.523530	0.009263	1.298882	0.007292	0.002782	0.797353	0.027648	-0.023072	-0.008152
1782895628.809977	-0.523530	0.009263	1.298882	0.007292	0.002782	0.797353	0.036185	-0.027886	-0.013341
1782895628.819789	-0.523227	0.009315	1.298758	0.009061	0.001547	0.798857	0.036185	-0.027886	-0.013341
1782895628.829505	-0.522762	0.009481	1.298596	0.008602	0.001418	0.798804	0.036185	-0.027886	-0.013341
1782895628.840262	-0.522428	0.009576	1.298423	0.009662	0.001377	0.800424	0.029874	-0.026129	-0.032115
1782895628.850432	-0.522087	0.009664	1.298329	0.011578	0.000841	0.802509	0.029081	-0.025750	-0.015596
1782895628.860776	-0.521622	0.009801	1.298071	0.007206	0.001876	0.801515	0.029081	-0.025750	-0.015596
1782895628.870773	-0.521326	0.009859	1.297727	0.009494	0.000011	0.802922	0.029081	-0.025750	-0.015596
1782895628.881100	-0.520827	0.009988	1.297297	0.009285	-0.000689	0.804732	0.033880	-0.032751	-0.023291
1782895628.891378	-0.520480	0.010189	1.297035	0.007587	-0.000651	0.807774	0.029433	-0.027028	-0.020191
1782895628.899367	-0.520161	0.010294	1.296897	0.007953	-0.000139	0.808925	0.029433	-0.027028	-0.020191
1782895628.909957	-0.520161	0.010294	1.296897	0.007953	-0.000139	0.808925	0.029433	-0.027028	-0.020191
1782895628.921030	-0.519934	0.010402	1.296690	0.008483	-0.001509	0.810229	0.032422	-0.030962	-0.013651
1782895628.935459	-0.519400	0.010493	1.296461	0.006670	-0.000674	0.811780	0.026211	-0.030600	-0.006288
1782895628.940889	-0.519024	0.010540	1.296499	0.006748	0.000030	0.813635	0.026211	-0.030600	-0.006288
1782895628.951156	-0.518710	0.010684	1.296387	0.006939	-0.002051	0.814851	0.026211	-0.030600	-0.006288
1782895628.960319	-0.518311	0.010841	1.296427	0.006422	-0.000919	0.815854	0.030956	-0.030667	0.002336
1782895628.970508	-0.517991	0.011051	1.296520	0.006140	-0.001315	0.816555	0.022119	-0.028268	0.000991
1782895628.980278	-0.517665	0.011117	1.296470	0.005683	-0.000816	0.817427	0.022119	-0.028268	0.000991
1782895628.990013	-0.517243	0.011202	1.296540	0.007670	-0.001017	0.818878	0.025540	-0.030948	0.022545
1782895629.000041	-0.516861	0.011130	1.296618	0.007920	-0.001678	0.821467	0.025540	-0.030948	0.022545
1782895629.009840	-0.516861	0.011130	1.296618	0.007920	-0.001678	0.821467	0.025540	-0.030948	0.022545
1782895629.025669	-0.516518	0.011165	1.296700	0.007826	-0.002681	0.823214	0.024560	-0.031939	0.006426
1782895629.029707	-0.516100	0.011246	1.296763	0.007912	-0.004302	0.824031	0.024560	-0.031939	0.006426
1782895629.041504	-0.515749	0.011228	1.296809	0.004962	-0.005415	0.826267	0.019626	-0.028737	0.017205
1782895629.049601	-0.515356	0.011337	1.296845	0.005886	-0.005215	0.826798	0.025117	-0.035188	0.021348
1782895629.059350	-0.514903	0.011332	1.296965	0.005745	-0.003502	0.828812	0.025117	-0.035188	0.021348
1782895629.069518	-0.514520	0.011471	1.297203	0.002769	-0.002063	0.830489	0.019654	-0.031268	0.015967
1782895629.079547	-0.514251	0.011567	1.297281	0.004958	-0.002540	0.831157	0.019654	-0.031268	0.015967
1782895629.090656	-0.514251	0.011567	1.297281	0.004958	-0.002540	0.831157	0.022788	-0.031587	0.019757
1782895629.099251	-0.514251	0.011567	1.297281	0.004958	-0.002540	0.831157	0.022788	-0.031587	0.019757
1782895629.109291	-0.513306	0.011599	1.297732	0.000203	-0.000971	0.834378	0.019598	-0.032732	0.008792
1782895629.120241	-0.513306	0.011599	1.297732	0.000203	-0.000971	0.834378	0.019598	-0.032732	0.008792
1782895629.129995	-0.512938	0.011642	1.297558	0.004002	-0.000736	0.836517	0.019598	-0.032732	0.008792
1782895629.140853	-0.512662	0.011593	1.297628	0.004742	-0.000871	0.837820	0.020549	-0.034252	0.016261
1782895629.151944	-0.512306	0.011520	1.297549	0.005426	-0.000831	0.839673	0.020549	-0.034252	0.016261
1782895629.160025	-0.512023	0.011624	1.297547	0.005249	-0.000827	0.840445	0.026018	-0.035559	0.001966
1782895629.172429	-0.511726	0.011766	1.297581	0.008295	-0.001670	0.841045	0.018091	-0.032067	-0.007316
1782895629.179911	-0.511305	0.011741	1.297512	0.006793	0.000276	0.842264	0.018091	-0.032067	-0.007316
1782895629.189541	-0.511051	0.011729	1.297419	0.007101	-0.001150	0.843956	0.018091	-0.032067	-0.007316
1782895629.200259	-0.511051	0.011729	1.297419	0.007101	-0.001150	0.843956	0.018091	-0.032067	-0.007316
1782895629.210261	-0.510772	0.011808	1.297453	0.008358	-0.000695	0.844810	0.022255	-0.037787	-0.007320
1782895629.219399	-0.510517	0.011749	1.297272	0.006435	-0.001477	0.844696	0.022255	-0.037787	-0.007320
1782895629.231921	-0.510075	0.011670	1.297060	0.008569	-0.003031	0.846673	0.014479	-0.031014	-0.009779
1782895629.239394	-0.509701	0.011659	1.297211	0.006768	-0.001672	0.847653	0.014479	-0.031014	-0.009779
1782895629.249717	-0.509380	0.011689	1.297198	0.006272	-0.002294	0.848782	0.014479	-0.031014	-0.009779
1782895629.259468	-0.509146	0.011624	1.297156	0.007208	-0.002021	0.849885	0.017853	-0.034329	0.005185
1782895629.269234	-0.508777	0.011645	1.297141	0.006064	-0.001789	0.851351	0.012926	-0.034523	0.006360
1782895629.279585	-0.508595	0.011885	1.297220	0.006579	-0.001491	0.851404	0.012926	-0.034523	0.006360
1782895629.289157	-0.508362	0.011798	1.297225	0.006396	-0.001946	0.852477	0.013560	-0.032508	0.020810
1782895629.298962	-0.508042	0.011864	1.297307	0.006790	-0.003124	0.854780	0.013560	-0.032508	0.020810
1782895629.309022	-0.508042	0.011864	1.297307	0.006790	-0.003124	0.854780	0.008944	-0.031242	0.012427
1782895629.319093	-0.507778	0.011849	1.297407	0.006072	-0.001813	0.855615	0.008944	-0.031242	0.012427
1782895629.332341	-0.507505	0.011689	1.297665	0.004428	-0.000786	0.857465	0.006585	-0.032411	0.025908
1782895629.340692	-0.507214	0.011683	1.297665	0.001970	-0.001682	0.858966	0.006585	-0.032411	0.025908
1782895629.350562	-0.507114	0.011649	1.297740	0.000476	-0.001133	0.860021	0.006585	-0.032411	0.025908
1782895629.359424	-0.506863	0.011622	1.297722	-0.000683	-0.001737	0.860524	0.010951	-0.032947	0.015532
1782895629.369428	-0.506659	0.011569	1.297910	-0.000727	-0.000457	0.861651	0.002005	-0.028880	0.011982
1782895629.379997	-0.506451	0.011605	1.298015	0.000442	-0.000153	0.862138	0.002005	-0.028880	0.011982
1782895629.390381	-0.506073	0.011477	1.298114	0.000899	0.000038	0.863394	0.002005	-0.028880	0.011982
1782895629.401592	-0.505823	0.011531	1.298036	0.005011	-0.000005	0.863592	0.004144	-0.032269	0.026170
1782895629.409622	-0.505823	0.011531	1.298036	0.005011	-0.000005	0.863592	0.004144	-0.032269	0.026170
1782895629.421726	-0.505652	0.011486	1.298048	0.005713	-0.000312	0.863882	0.007395	-0.034945	0.015176
1782895629.429675	-0.505387	0.011399	1.298007	0.004224	0.000424	0.864461	0.007395	-0.034945	0.015176
1782895629.441724	-0.505162	0.011297	1.297964	0.005943	0.000459	0.866250	0.003615	-0.030542	0.010943
1782895629.449523	-0.504902	0.011161	1.297994	0.005260	0.001011	0.868241	0.009367	-0.032035	0.009826
1782895629.459429	-0.504588	0.011156	1.297933	0.007927	0.001268	0.869677	0.009367	-0.032035	0.009826
1782895629.470485	-0.504402	0.011229	1.297908	0.008259	0.001367	0.869804	0.009367	-0.032035	0.009826
1782895629.479486	-0.504151	0.011162	1.297838	0.006866	0.001295	0.870387	0.004716	-0.033081	0.002297
1782895629.489582	-0.504033	0.011124	1.297768	0.005758	0.001962	0.870745	0.004716	-0.033081	0.002297
1782895629.501168	-0.503906	0.011146	1.297790	0.006852	0.002263	0.871335	0.007378	-0.033728	0.006003
1782895629.509371	-0.503906	0.011146	1.297790	0.006852	0.002263	0.871335	0.007378	-0.033728	0.006003
1782895629.521119	-0.503652	0.010954	1.297543	0.006407	0.001069	0.873202	0.011631	-0.033752	-0.011900
1782895629.530311	-0.503494	0.010869	1.297290	0.004662	0.001544	0.874288	0.011631	-0.033752	-0.011900
1782895629.540555	-0.503275	0.010813	1.297122	0.005542	0.000209	0.875806	0.011631	-0.033752	-0.011900
1782895629.551119	-0.503098	0.010802	1.296999	0.006004	-0.000044	0.877156	0.006644	-0.034967	-0.007378
1782895629.559635	-0.502926	0.010809	1.296907	0.005910	0.000490	0.877978	0.007020	-0.032675	-0.004663
1782895629.569586	-0.502716	0.010626	1.296590	0.004059	0.001227	0.877571	0.007464	-0.035927	-0.016219
1782895629.579503	-0.502507	0.010644	1.296431	0.003071	0.001404	0.878325	0.007464	-0.035927	-0.016219
1782895629.589503	-0.502397	0.010660	1.296296	0.002418	0.001680	0.878813	0.007464	-0.035927	-0.016219
1782895629.599900	-0.502087	0.010530	1.296143	0.001423	0.001775	0.880259	0.002539	-0.029919	-0.009353
1782895629.609718	-0.502087	0.010530	1.296143	0.001423	0.001775	0.880259	0.002539	-0.029919	-0.009353
1782895629.619540	-0.501960	0.010600	1.295983	0.001079	0.002221	0.880503	0.006477	-0.034196	-0.000446
1782895629.629518	-0.501772	0.010534	1.295951	0.000283	0.001546	0.881652	0.006477	-0.034196	-0.000446
1782895629.639512	-0.501462	0.010442	1.295929	0.002039	0.002292	0.883950	0.000945	-0.030408	0.008568
1782895629.650289	-0.501403	0.010460	1.295924	0.002823	0.001891	0.884586	0.000945	-0.030408	0.008568
1782895629.660022	-0.501200	0.010360	1.295945	0.002206	0.001925	0.886496	0.004661	-0.028484	0.016399
1782895629.669621	-0.501037	0.010394	1.295953	0.002896	0.001717	0.887560	0.003594	-0.027918	0.017272
1782895629.679484	-0.501011	0.010415	1.296209	0.005238	0.001338	0.888002	0.003594	-0.027918	0.017272
1782895629.689844	-0.500734	0.010420	1.296392	0.001232	0.001434	0.888128	0.003594	-0.027918	0.017272
1782895629.699724	-0.500631	0.010444	1.296605	0.005107	0.000715	0.888496	0.000511	-0.027542	0.033721
1782895629.709856	-0.500631	0.010444	1.296605	0.005107	0.000715	0.888496	0.000511	-0.027542	0.033721
1782895629.719521	-0.500560	0.010451	1.296751	0.002817	0.001010	0.889193	0.007988	-0.030165	0.025268
1782895629.729463	-0.500418	0.010393	1.296837	0.001748	0.002131	0.890274	0.007988	-0.030165	0.025268
1782895629.739465	-0.500107	0.010458	1.297106	0.003599	0.000680	0.892244	0.000491	-0.025372	0.014084
1782895629.752515	-0.499935	0.010400	1.297136	0.003315	0.000248	0.893526	0.000491	-0.025372	0.014084
1782895629.760192	-0.499827	0.010338	1.297147	0.003174	0.000425	0.894472	0.002092	-0.026055	0.025784
1782895629.771965	-0.499704	0.010417	1.297377	0.001125	-0.000140	0.895675	0.005786	-0.029571	0.012752
1782895629.779729	-0.499481	0.010409	1.297515	0.003687	-0.000545	0.895988	0.005786	-0.029571	0.012752
1782895629.789405	-0.499466	0.010393	1.297574	0.001865	0.000232	0.896705	0.005786	-0.029571	0.012752
1782895629.799403	-0.499253	0.010449	1.297670	0.004256	0.000357	0.898112	0.000025	-0.023643	0.008743
1782895629.809802	-0.499253	0.010449	1.297670	0.004256	0.000357	0.898112	0.000025	-0.023643	0.008743
1782895629.820525	-0.499067	0.010574	1.297821	0.003430	0.000530	0.898810	0.003695	-0.025465	0.011204
1782895629.831312	-0.499012	0.010490	1.297817	0.002472	0.001020	0.899446	0.003695	-0.025465	0.011204
1782895629.840350	-0.498859	0.010496	1.297868	0.003435	0.000753	0.900248	-0.002124	-0.024846	0.007549
1782895629.852921	-0.498674	0.010348	1.297887	0.004342	0.000654	0.902729	-0.002124	-0.024846	0.007549
1782895629.860093	-0.498573	0.010314	1.297881	0.003276	0.000188	0.904011	-0.000123	-0.026095	0.013632
1782895629.869991	-0.498535	0.010382	1.297913	0.002624	0.000344	0.903966	0.000183	-0.025670	0.001766
1782895629.879482	-0.498399	0.010303	1.297928	0.003488	0.000698	0.905643	0.000183	-0.025670	0.001766
1782895629.890826	-0.498399	0.010303	1.297928	0.003488	0.000698	0.905643	-0.008194	-0.022362	0.005213
1782895629.899307	-0.498178	0.010261	1.298005	0.003216	0.001170	0.906793	-0.008194	-0.022362	0.005213
1782895629.910097	-0.498178	0.010261	1.298005	0.003216	0.001170	0.906793	-0.000424	-0.028368	0.014568
1782895629.919960	-0.498119	0.010289	1.298072	0.002130	0.001243	0.907467	-0.000424	-0.028368	0.014568
1782895629.930858	-0.497970	0.010369	1.298078	0.003644	0.000130	0.908598	-0.000424	-0.028368	0.014568
1782895629.939509	-0.497801	0.010278	1.298031	0.004618	0.000344	0.910657	-0.001605	-0.028292	-0.002895
1782895629.949894	-0.497771	0.010238	1.297974	0.003070	0.001234	0.911830	-0.005328	-0.024945	0.003430
1782895629.959624	-0.497687	0.010193	1.297886	0.002970	0.000297	0.912841	-0.005328	-0.024945	0.003430
1782895629.970254	-0.497553	0.010116	1.297854	0.004549	-0.000189	0.913886	0.000204	-0.029753	0.006798
1782895629.980526	-0.497457	0.010138	1.297728	0.007093	-0.000166	0.914696	0.000204	-0.029753	0.006798
1782895629.989584	-0.497447	0.010181	1.297831	0.005507	0.000433	0.914971	0.000204	-0.029753	0.006798
1782895630.000519	-0.497247	0.010083	1.297889	0.003543	0.000529	0.916742	-0.004354	-0.028266	0.007996
1782895630.010856	-0.497247	0.010083	1.297889	0.003543	0.000529	0.916742	-0.004354	-0.028266	0.007996
1782895630.021441	-0.497195	0.010124	1.297875	0.005010	0.000284	0.917347	0.000952	-0.028547	0.011624
1782895630.035508	-0.497125	0.010102	1.297824	0.007145	0.000589	0.917956	0.000952	-0.028547	0.011624
1782895630.041391	-0.496983	0.010024	1.297862	0.006641	0.000835	0.920401	-0.003316	-0.027290	-0.001805
1782895630.049799	-0.496883	0.009936	1.297935	0.001809	0.000696	0.921873	-0.003316	-0.027290	-0.001805
1782895630.060296	-0.496735	0.009777	1.297728	0.007732	-0.000762	0.923587	-0.003469	-0.029072	0.002673
1782895630.073519	-0.496735	0.009777	1.297728	0.007732	-0.000762	0.923587	-0.003469	-0.029072	0.002673
1782895630.080446	-0.496724	0.009874	1.297772	0.006147	-0.000695	0.924189	0.002283	-0.032483	-0.006790
1782895630.090209	-0.496469	0.009681	1.297713	0.005876	-0.001238	0.926383	-0.007135	-0.029512	-0.015183
1782895630.099811	-0.496469	0.009681	1.297713	0.005876	-0.001238	0.926383	-0.007135	-0.029512	-0.015183
1782895630.110015	-0.496242	0.009719	1.297454	0.005232	-0.000631	0.926252	-0.007135	-0.029512	-0.015183
1782895630.120176	-0.496242	0.009719	1.297454	0.005232	-0.000631	0.926252	-0.007257	-0.030352	0.000767
1782895630.130204	-0.496176	0.009499	1.297224	0.004043	-0.000700	0.928539	-0.005749	-0.035168	-0.005146
1782895630.139000	-0.496089	0.009463	1.297120	0.006397	-0.000666	0.928866	-0.005749	-0.035168	-0.005146
1782895630.149949	-0.495930	0.009367	1.297074	0.007416	-0.000333	0.931960	-0.007913	-0.031899	0.002668
1782895630.159087	-0.495773	0.009230	1.296912	0.009161	-0.000420	0.933128	-0.007913	-0.031899	0.002668
1782895630.169837	-0.495639	0.009050	1.296758	0.009426	-0.001416	0.933943	-0.003993	-0.032571	0.000588
1782895630.179519	-0.495533	0.009031	1.296795	0.010146	-0.000697	0.934915	-0.003993	-0.032571	0.000588
1782895630.190191	-0.495442	0.008982	1.296742	0.007520	0.000341	0.935957	-0.010086	-0.032292	0.009650
1782895630.199621	-0.495262	0.008852	1.296886	0.008979	0.000734	0.936797	-0.010086	-0.032292	0.009650
1782895630.209136	-0.495262	0.008852	1.296886	0.008979	0.000734	0.936797	-0.010086	-0.032292	0.009650
1782895630.219754	-0.495225	0.008826	1.296942	0.007149	0.002043	0.937704	-0.000793	-0.037898	0.019129
1782895630.229339	-0.495087	0.008802	1.297080	0.006014	0.003254	0.939178	-0.005286	-0.033288	0.001942
1782895630.238960	-0.494863	0.008798	1.297223	0.007809	0.002651	0.939926	-0.005286	-0.033288	0.001942
1782895630.252149	-0.494753	0.008654	1.297226	0.005153	0.003541	0.940972	-0.004330	-0.032732	0.019857
1782895630.259229	-0.494666	0.008607	1.297229	0.005752	0.002699	0.941909	-0.004330	-0.032732	0.019857
1782895630.269981	-0.494481	0.008488	1.297285	0.003808	0.002244	0.943802	-0.004330	-0.032732	0.019857
1782895630.279200	-0.494397	0.008369	1.297363	0.002580	0.003186	0.945409	-0.001144	-0.035023	0.013867
1782895630.290369	-0.494346	0.008298	1.297655	-0.001631	0.002076	0.945533	-0.003482	-0.033698	0.017538
1782895630.299618	-0.494346	0.008298	1.297655	-0.001631	0.002076	0.945533	-0.003482	-0.033698	0.017538
1782895630.309208	-0.493912	0.008179	1.297931	0.001749	0.003578	0.946810	0.002155	-0.033887	0.009848
1782895630.319176	-0.493912	0.008179	1.297931	0.001749	0.003578	0.946810	0.002155	-0.033887	0.009848
1782895630.329970	-0.493818	0.008109	1.298117	-0.001532	0.003453	0.948192	0.002155	-0.033887	0.009848
1782895630.339024	-0.493592	0.008046	1.298095	-0.001242	0.002686	0.950242	-0.005990	-0.031294	0.001420
1782895630.349716	-0.493595	0.007879	1.298484	0.001882	0.000759	0.950446	-0.005990	-0.031294	0.001420
1782895630.360847	-0.493482	0.007787	1.298494	0.003144	-0.001011	0.951860	-0.002781	-0.032509	0.009846
1782895630.370566	-0.493413	0.007629	1.298522	0.004763	-0.003479	0.952554	-0.000596	-0.036733	0.000619
1782895630.382162	-0.493071	0.007509	1.298646	0.007094	-0.002671	0.954524	-0.000596	-0.036733	0.000619
1782895630.391368	-0.492879	0.007364	1.298739	0.005181	-0.001742	0.956107	-0.000596	-0.036733	0.000619
1782895630.405981	-0.492879	0.007364	1.298739	0.005181	-0.001742	0.956107	-0.006953	-0.030035	0.000703
1782895630.417138	-0.492601	0.007267	1.298744	0.003432	-0.000325	0.957976	-0.003039	-0.034565	0.010147
1782895630.428710	-0.492601	0.007267	1.298744	0.003432	-0.000325	0.957976	-0.003039	-0.034565	0.010147
1782895630.437694	-0.492359	0.007207	1.298738	0.004270	0.000060	0.958299	-0.007755	-0.033919	0.007094
1782895630.442385	-0.492359	0.007207	1.298738	0.004270	0.000060	0.958299	-0.007755	-0.033919	0.007094
1782895630.450863	-0.492181	0.007216	1.298652	0.004702	0.001178	0.959891	-0.007755	-0.033919	0.007094
1782895630.459820	-0.492049	0.007191	1.298629	0.007946	0.000630	0.961744	-0.002433	-0.035384	0.011340
1782895630.470582	-0.491792	0.006916	1.298626	0.005588	-0.000713	0.964972	-0.002433	-0.035384	0.011340
1782895630.481013	-0.491630	0.006833	1.298733	0.004883	-0.000477	0.965370	-0.002291	-0.035309	-0.002187
1782895630.490788	-0.491617	0.006760	1.298706	0.004262	-0.001676	0.966358	-0.002291	-0.035309	-0.002187
1782895630.503033	-0.491391	0.006636	1.298647	0.003693	-0.001121	0.966344	-0.006194	-0.032902	0.003743
1782895630.513605	-0.491391	0.006636	1.298647	0.003693	-0.001121	0.966344	-0.006194	-0.032902	0.003743
1782895630.521022	-0.491277	0.006590	1.298705	0.004115	-0.001132	0.968126	0.001456	-0.038986	0.002490
1782895630.530887	-0.491173	0.006519	1.298825	0.004191	-0.001672	0.968071	-0.002582	-0.036017	-0.009254
1782895630.540108	-0.490862	0.006344	1.298685	0.003128	-0.000983	0.968841	-0.002582	-0.036017	-0.009254
1782895630.550961	-0.490865	0.006273	1.298715	0.005679	-0.002554	0.970189	-0.002582	-0.036017	-0.009254
1782895630.559369	-0.490579	0.006027	1.298670	0.003728	-0.002621	0.971190	-0.001358	-0.034014	0.001379
1782895630.569352	-0.490542	0.006044	1.298687	0.003376	-0.001660	0.972919	-0.004987	-0.034699	-0.005012
1782895630.579034	-0.490391	0.005848	1.298686	0.002398	-0.002103	0.973931	-0.004987	-0.034699	-0.005012
1782895630.589011	-0.490227	0.005837	1.298761	0.005148	-0.001610	0.975825	-0.006112	-0.035250	0.010329
1782895630.599284	-0.490227	0.005837	1.298761	0.005148	-0.001610	0.975825	-0.006112	-0.035250	0.010329
1782895630.610460	-0.490230	0.005747	1.298826	-0.000588	-0.001868	0.976989	-0.004903	-0.033228	-0.000495
1782895630.619027	-0.490141	0.005619	1.298904	0.001054	-0.001395	0.976618	-0.004903	-0.033228	-0.000495
1782895630.630032	-0.490045	0.005533	1.298934	-0.002339	-0.001395	0.979500	-0.013311	-0.029143	0.005339
1782895630.639043	-0.489802	0.005488	1.298958	0.000688	-0.002013	0.981194	-0.013311	-0.029143	0.005339
1782895630.650393	-0.489752	0.005346	1.299126	-0.003252	-0.000363	0.981537	-0.013311	-0.029143	0.005339
1782895630.660168	-0.489677	0.005227	1.299196	-0.000690	-0.000787	0.982360	-0.007479	-0.034573	0.016467
1782895630.670222	-0.489620	0.005167	1.299378	0.000389	-0.001416	0.984514	-0.009257	-0.031707	0.009453
1782895630.679160	-0.489500	0.005100	1.299463	0.001793	-0.001079	0.984315	-0.009257	-0.031707	0.009453
1782895630.689824	-0.489553	0.004991	1.299505	0.000721	-0.000610	0.985860	-0.007528	-0.030923	0.015591
1782895630.699327	-0.489391	0.004874	1.299695	0.002348	-0.001536	0.987179	-0.007528	-0.030923	0.015591
1782895630.709287	-0.489391	0.004874	1.299695	0.002348	-0.001536	0.987179	-0.007528	-0.030923	0.015591
1782895630.720382	-0.489149	0.004689	1.299827	0.001843	-0.001237	0.989565	-0.006535	-0.031078	0.006903
1782895630.730060	-0.489198	0.004595	1.299931	0.002953	-0.001429	0.990193	-0.007848	-0.031036	0.012155
1782895630.739795	-0.489092	0.004412	1.299994	0.003440	-0.001078	0.990266	-0.007848	-0.031036	0.012155
1782895630.751208	-0.488939	0.004311	1.300037	0.003091	-0.001091	0.992016	0.000985	-0.034895	0.002336
1782895630.759772	-0.488874	0.004139	1.300070	0.002831	-0.001024	0.993229	0.000985	-0.034895	0.002336
1782895630.772322	-0.488761	0.004046	1.300062	0.001988	-0.000096	0.993721	-0.005391	-0.029011	-0.013781
1782895630.779144	-0.488745	0.003956	1.299990	0.003075	-0.000069	0.994633	-0.005391	-0.029011	-0.013781
1782895630.789384	-0.488718	0.003943	1.300062	0.003524	-0.000349	0.994617	-0.005391	-0.029011	-0.013781
1782895630.800461	-0.488608	0.003957	1.300060	0.000409	0.000809	0.996206	-0.005675	-0.028967	-0.001684
1782895630.809922	-0.488473	0.003784	1.300111	0.002444	0.000190	0.997514	-0.005675	-0.028967	-0.001684
1782895630.820163	-0.488473	0.003784	1.300111	0.002444	0.000190	0.997514	-0.005925	-0.030428	-0.006738
1782895630.829413	-0.488349	0.003625	1.299902	0.002543	0.000047	1.000025	-0.005925	-0.030428	-0.006738
1782895630.840340	-0.488413	0.003583	1.299862	0.002797	-0.000624	1.000780	-0.010008	-0.028331	0.000957
1782895630.849640	-0.488316	0.003430	1.299877	0.001605	0.000944	1.001188	-0.004576	-0.028576	-0.002578
1782895630.860046	-0.488196	0.003389	1.299878	0.002570	0.000860	1.002446	-0.004576	-0.028576	-0.002578
1782895630.869670	-0.488180	0.003283	1.299876	0.004400	0.001385	1.003491	-0.011966	-0.023588	-0.009408
1782895630.879368	-0.488061	0.003255	1.299824	0.002325	0.001525	1.004011	-0.011966	-0.023588	-0.009408
1782895630.889730	-0.487941	0.003172	1.299768	0.001217	0.001859	1.005322	-0.007839	-0.025490	0.006012
1782895630.899632	-0.487941	0.003172	1.299768	0.001217	0.001859	1.005322	-0.007839	-0.025490	0.006012
1782895630.911130	-0.487907	0.003101	1.299546	0.001972	0.001885	1.004954	-0.007839	-0.025490	0.006012
1782895630.920376	-0.487782	0.003026	1.299418	0.002966	0.000677	1.005639	-0.002042	-0.027798	-0.008304
1782895630.929839	-0.487658	0.002926	1.299212	0.002444	0.001704	1.007399	-0.002042	-0.027798	-0.008304
1782895630.940283	-0.487449	0.002789	1.299105	-0.000861	0.002929	1.008427	-0.004749	-0.023161	-0.009114
1782895630.950190	-0.487299	0.002720	1.298981	-0.001009	0.002927	1.010148	0.002310	-0.025530	-0.014065
1782895630.959447	-0.487366	0.002747	1.298855	0.003425	0.002564	1.010365	0.002310	-0.025530	-0.014065
1782895630.970262	-0.487208	0.002664	1.298556	0.002214	0.001962	1.010619	-0.002570	-0.024408	-0.014981
1782895630.979691	-0.487142	0.002707	1.298541	-0.000345	0.002551	1.010710	-0.002570	-0.024408	-0.014981
1782895630.989676	-0.487119	0.002719	1.298404	0.002528	0.002464	1.011239	-0.002570	-0.024408	-0.014981
1782895630.999488	-0.487024	0.002702	1.298360	0.003312	0.001850	1.010891	0.003717	-0.026860	-0.009235
1782895631.009393	-0.487024	0.002702	1.298360	0.003312	0.001850	1.010891	-0.000598	-0.024061	-0.029943
1782895631.019890	-0.487025	0.002702	1.298271	0.003865	0.001696	1.011646	-0.000598	-0.024061	-0.029943
1782895631.029559	-0.486858	0.002385	1.298073	0.004623	0.000152	1.014110	-0.000598	-0.024061	-0.029943
1782895631.039401	-0.486782	0.002497	1.297968	0.002601	0.000531	1.014315	-0.002697	-0.022684	-0.011429
1782895631.049665	-0.486668	0.002297	1.297823	0.004933	-0.001558	1.015483	0.000380	-0.026980	-0.009442
1782895631.059662	-0.486488	0.002253	1.297723	0.004010	-0.001661	1.018141	0.000380	-0.026980	-0.009442
1782895631.070783	-0.486463	0.002236	1.297711	0.004087	-0.001266	1.019318	-0.003901	-0.021973	-0.000791
1782895631.080824	-0.486513	0.002355	1.297643	0.004010	-0.001025	1.019553	-0.003901	-0.021973	-0.000791
1782895631.089504	-0.486431	0.002297	1.297669	0.003720	-0.000663	1.019535	-0.003901	-0.021973	-0.000791
1782895631.100221	-0.486416	0.002379	1.297726	0.002816	-0.000034	1.021321	-0.001614	-0.022554	0.002457
1782895631.109959	-0.486416	0.002379	1.297726	0.002816	-0.000034	1.021321	-0.001614	-0.022554	0.002457
1782895631.123296	-0.486367	0.002368	1.297773	0.003633	0.000048	1.021363	-0.005850	-0.022016	0.009692
1782895631.129935	-0.486367	0.002368	1.297773	0.003633	0.000048	1.021363	-0.005850	-0.022016	0.009692
1782895631.141174	-0.486191	0.002413	1.297786	0.002969	0.000651	1.021801	0.003351	-0.026312	0.010471
1782895631.149970	-0.485997	0.002309	1.297921	0.002959	0.000383	1.024536	-0.002925	-0.021781	-0.005395
1782895631.159708	-0.485890	0.002293	1.297948	0.004440	0.000006	1.025329	-0.002925	-0.021781	-0.005395
1782895631.170700	-0.485805	0.002285	1.297907	0.003763	-0.001238	1.026578	0.001170	-0.024259	0.006542
1782895631.180184	-0.485624	0.002183	1.297870	0.002080	-0.000196	1.028335	0.001170	-0.024259	0.006542
1782895631.189422	-0.485645	0.002253	1.297960	0.000973	0.000049	1.029976	0.001170	-0.024259	0.006542
1782895631.201215	-0.485645	0.002253	1.297960	0.000973	0.000049	1.029976	0.007246	-0.029148	-0.004058
1782895631.209862	-0.485537	0.002186	1.297903	0.003167	0.000092	1.029424	0.004207	-0.025931	-0.004555
1782895631.219345	-0.485542	0.002256	1.297795	0.001850	-0.000236	1.030509	0.004207	-0.025931	-0.004555
1782895631.229701	-0.485444	0.002324	1.297783	0.003004	-0.000566	1.031247	0.004207	-0.025931	-0.004555
1782895631.239279	-0.485251	0.002246	1.297803	0.002309	0.000139	1.031263	0.009423	-0.027094	-0.007810
1782895631.249391	-0.485200	0.002249	1.297754	0.002446	-0.000298	1.032712	0.009423	-0.027094	-0.007810
1782895631.259017	-0.485014	0.002132	1.297754	0.003391	-0.001167	1.034791	0.000141	-0.024225	-0.008353
1782895631.269209	-0.484839	0.002041	1.297752	0.002220	-0.001602	1.036930	0.000141	-0.024225	-0.008353
1782895631.281943	-0.484719	0.002058	1.297776	0.001431	-0.001876	1.037402	0.004264	-0.026494	0.004570
1782895631.289438	-0.484544	0.002034	1.297766	0.001635	-0.002115	1.038201	0.004264	-0.026494	0.004570
1782895631.299319	-0.484528	0.001968	1.297779	0.001500	-0.001469	1.039395	0.003973	-0.026698	-0.007699
1782895631.309366	-0.484528	0.001968	1.297779	0.001500	-0.001469	1.039395	0.003973	-0.026698	-0.007699
1782895631.319370	-0.484418	0.001990	1.297819	0.002095	-0.001203	1.039853	0.000532	-0.023141	0.001222
1782895631.329359	-0.484314	0.002115	1.297835	0.002272	-0.001109	1.040341	0.000532	-0.023141	0.001222
1782895631.339774	-0.484187	0.002040	1.297732	0.004047	-0.000665	1.042080	0.004235	-0.028469	0.003579
1782895631.350857	-0.484126	0.002066	1.297820	0.003681	-0.001006	1.042481	0.004235	-0.028469	0.003579
1782895631.359702	-0.483919	0.002018	1.297961	0.004054	0.000244	1.043704	0.000375	-0.028174	0.011562
1782895631.370833	-0.483843	0.002064	1.298060	0.004126	-0.000230	1.044485	0.005585	-0.028604	0.013450
1782895631.380342	-0.483698	0.002047	1.298184	0.001097	0.000319	1.045936	0.005585	-0.028604	0.013450
1782895631.390813	-0.483591	0.002011	1.298228	-0.000890	0.000076	1.046865	0.005585	-0.028604	0.013450
1782895631.400962	-0.483362	0.001922	1.298279	-0.001045	-0.001082	1.048873	-0.001318	-0.025109	0.006020
1782895631.409516	-0.483362	0.001922	1.298279	-0.001045	-0.001082	1.048873	-0.001318	-0.025109	0.006020
1782895631.419089	-0.483250	0.001894	1.298403	-0.000124	-0.000253	1.049387	-0.001157	-0.024465	0.021337
1782895631.429194	-0.483122	0.001872	1.298406	-0.001137	-0.000452	1.050725	-0.001157	-0.024465	0.021337
1782895631.439189	-0.483096	0.001873	1.298539	0.001021	-0.001654	1.051008	0.004171	-0.029735	0.008866
1782895631.450569	-0.482944	0.001763	1.298608	0.002698	-0.001926	1.051276	0.004171	-0.029735	0.008866
1782895631.460164	-0.483036	0.001749	1.298668	0.004688	-0.002697	1.051763	0.001545	-0.027345	0.006990
1782895631.470246	-0.482831	0.001711	1.298863	0.004275	-0.001717	1.052295	0.007583	-0.027583	-0.000238
1782895631.479828	-0.482693	0.001590	1.298877	0.004583	-0.000898	1.055154	0.007583	-0.027583	-0.000238
1782895631.489853	-0.482471	0.001468	1.298983	0.003799	-0.000604	1.056774	0.007583	-0.027583	-0.000238
1782895631.502055	-0.482400	0.001396	1.299001	0.004749	-0.001258	1.057444	-0.001093	-0.025401	-0.005870
1782895631.509963	-0.482400	0.001396	1.299001	0.004749	-0.001258	1.057444	-0.001093	-0.025401	-0.005870
1782895631.519522	-0.482259	0.001387	1.299032	0.005181	-0.002587	1.058963	0.002347	-0.028632	0.003206
1782895631.529519	-0.482204	0.001274	1.298978	0.004771	-0.002226	1.059457	0.002347	-0.028632	0.003206
1782895631.539329	-0.482139	0.001217	1.298956	0.003706	-0.002393	1.060555	0.002035	-0.031178	-0.004647
1782895631.550825	-0.482097	0.001193	1.299056	0.003926	-0.001212	1.059906	0.002035	-0.031178	-0.004647
1782895631.559697	-0.482062	0.001030	1.298906	0.002063	-0.001226	1.060701	-0.004977	-0.026913	0.003836
1782895631.569629	-0.481903	0.001141	1.298806	-0.000148	-0.000678	1.061497	-0.004977	-0.026913	0.003836
1782895631.580544	-0.481744	0.001065	1.298830	0.001316	-0.000673	1.062796	0.004080	-0.030295	0.000581
1782895631.589349	-0.481485	0.000968	1.298910	-0.000694	0.000261	1.065353	0.004080	-0.030295	0.000581
1782895631.600040	-0.481454	0.000898	1.298766	0.001464	-0.000816	1.065591	-0.002678	-0.028465	-0.010908
1782895631.609617	-0.481454	0.000898	1.298766	0.001464	-0.000816	1.065591	-0.003462	-0.028129	-0.002377
1782895631.619660	-0.481303	0.000780	1.298546	0.001579	-0.002199	1.067655	-0.003462	-0.028129	-0.002377
1782895631.629185	-0.481090	0.000541	1.298712	0.002027	-0.002874	1.068650	-0.003462	-0.028129	-0.002377
1782895631.639431	-0.480992	0.000452	1.298589	0.004010	-0.002860	1.068963	0.000098	-0.032014	-0.009916
1782895631.649965	-0.480955	0.000208	1.298506	0.004591	-0.002533	1.070148	0.000098	-0.032014	-0.009916
1782895631.659533	-0.480795	0.000092	1.298445	0.005690	-0.002576	1.071694	-0.006128	-0.026549	-0.011295
1782895631.669864	-0.480715	0.000056	1.298456	0.008040	-0.002441	1.072135	-0.001677	-0.031188	-0.005405
1782895631.679824	-0.480556	0.000025	1.298444	0.006331	-0.002415	1.072959	-0.001677	-0.031188	-0.005405
1782895631.689792	-0.480598	-0.000138	1.298392	0.006448	-0.001969	1.073718	-0.001677	-0.031188	-0.005405
1782895631.700446	-0.480427	-0.000200	1.298352	0.006358	-0.002298	1.075384	-0.008587	-0.030523	0.000788
1782895631.710176	-0.480427	-0.000200	1.298352	0.006358	-0.002298	1.075384	-0.008587	-0.030523	0.000788
1782895631.722538	-0.480430	-0.000236	1.298311	0.006470	-0.002414	1.075812	-0.001635	-0.033954	0.012433
1782895631.729397	-0.480281	-0.000405	1.298388	0.006364	-0.002664	1.075993	-0.001635	-0.033954	0.012433
1782895631.739545	-0.480103	-0.000691	1.298404	0.006261	-0.003192	1.077856	-0.006828	-0.029310	-0.001155
1782895631.750523	-0.480021	-0.000871	1.298319	0.003214	-0.002354	1.078955	-0.007585	-0.028480	0.012379
1782895631.760114	-0.479900	-0.000983	1.298437	0.003987	-0.001922	1.080079	-0.007585	-0.028480	0.012379
1782895631.771486	-0.479829	-0.001047	1.298454	0.004244	-0.002185	1.080848	-0.003046	-0.032335	0.003195
1782895631.779757	-0.479750	-0.001248	1.298565	0.004117	-0.002239	1.082243	-0.003046	-0.032335	0.003195
1782895631.828734	-0.479531	-0.001476	1.298534	0.000842	-0.000640	1.082778	-0.005663	-0.031495	0.003400
1782895631.865848	-0.479103	-0.002049	1.298644	0.002351	0.000043	1.088109	-0.010175	-0.028381	-0.008904
1782895631.902428	-0.478322	-0.002418	1.298381	0.007844	0.012265	1.089690	0.012564	-0.035221	0.024869
1782895631.948759	-0.474879	-0.002037	1.296639	0.036800	0.063539	1.070093	0.030094	-0.038628	0.012739
1782895631.992573	-0.467164	-0.000187	1.291905	0.072513	0.147436	1.023095	0.086529	-0.062617	-0.029172
1782895632.030060	-0.460180	0.001649	1.286350	0.092759	0.196097	0.989744	0.160033	-0.094369	-0.081175
1782895632.067096	-0.448789	0.005416	1.276390	0.115980	0.247950	0.943873	0.254399	-0.131560	-0.115259
1782895632.103385	-0.437312	0.009517	1.268381	0.119607	0.271487	0.906540	0.373967	-0.168440	-0.107174
1782895632.150616	-0.423550	0.014761	1.259882	0.118281	0.284672	0.871690	0.491156	-0.197088	-0.105628
1782895632.200210	-0.395359	0.026282	1.244942	0.110617	0.272891	0.823107	0.603957	-0.221571	-0.114616
1782895632.279513	-0.368093	0.037701	1.230795	0.100842	0.252493	0.784422	0.718937	-0.246027	-0.143469
1782895632.327447	-0.302975	0.064709	1.194236	0.071599	0.197324	0.717661	0.891003	-0.271617	-0.279330
1782895632.370110	-0.275655	0.076223	1.177678	0.069524	0.173148	0.692748	0.995199	-0.280285	-0.376070
1782895632.406061	-0.227544	0.095902	1.147081	0.051983	0.132008	0.652947	1.028201	-0.263493	-0.457660
1782895632.439475	-0.207416	0.103711	1.133729	0.047676	0.113319	0.640268	1.064854	-0.254107	-0.511666
1782895632.483077	-0.166742	0.119913	1.107751	0.035871	0.078227	0.606739	1.077896	-0.237865	-0.528469
1782895632.511049	-0.125404	0.135812	1.082484	0.023862	0.045251	0.580517	1.070105	-0.213691	-0.530483
1782895632.549112	-0.104443	0.143632	1.070782	0.022067	0.032018	0.566513	1.064561	-0.195885	-0.507078
1782895632.593160	-0.062779	0.159083	1.049416	0.020994	0.010255	0.541625	1.053855	-0.189068	-0.499537
1782895632.641184	-0.021704	0.173664	1.031895	0.019044	-0.007571	0.517824	1.033705	-0.172857	-0.432474
1782895632.677723	0.018338	0.187280	1.018704	0.025077	-0.024823	0.494739	0.996195	-0.156984	-0.332350
1782895632.718462	0.047738	0.196496	1.011421	0.026578	-0.032943	0.478442	0.986418	-0.158442	-0.285685
1782895632.759116	0.076044	0.204712	1.006082	0.031097	-0.041508	0.462686	0.951841	-0.153842	-0.229262
1782895632.804518	0.112687	0.214649	1.001822	0.036384	-0.049921	0.442486	0.910936	-0.160586	-0.154879
1782895632.843167	0.147647	0.222615	0.999681	0.041581	-0.060904	0.424920	0.870970	-0.166609	-0.147153
1782895632.882479	0.180864	0.228926	0.998097	0.038201	-0.067506	0.406006	0.836530	-0.169099	-0.138106
1782895632.916610	0.212539	0.233738	0.996635	0.036696	-0.070489	0.391973	0.803745	-0.175294	-0.135072
1782895632.960319	0.227805	0.235791	0.995679	0.040803	-0.070099	0.382472	0.788958	-0.174556	-0.133728
1782895633.005576	0.264295	0.239479	0.993179	0.040395	-0.068425	0.360997	0.734603	-0.171246	-0.130144
1782895633.039778	0.284702	0.240853	0.991493	0.040008	-0.066645	0.348197	0.696807	-0.172208	-0.142534
1782895633.069878	0.310228	0.241502	0.988952	0.046792	-0.075128	0.329931	0.662592	-0.185456	-0.172013
1782895633.114833	0.328420	0.241083	0.985747	0.043658	-0.069598	0.317745	0.639573	-0.187532	-0.165849
1782895633.152893	0.345692	0.239689	0.982037	0.042713	-0.068790	0.307749	0.581275	-0.217849	-0.162842
1782895633.184687	0.366953	0.236780	0.976946	0.045164	-0.061902	0.295153	0.531098	-0.230667	-0.158910
1782895633.228492	0.376960	0.234454	0.974066	0.041133	-0.058293	0.289328	0.511813	-0.243135	-0.149689
1782895633.267915	0.394926	0.229136	0.968209	0.036723	-0.050676	0.279504	0.456030	-0.247374	-0.165669
1782895633.352457	0.410956	0.222747	0.962055	0.045167	-0.044111	0.264631	0.422894	-0.259631	-0.140653
1782895633.399033	0.437622	0.207359	0.949248	0.040090	-0.022641	0.235140	0.320873	-0.266838	-0.136295
1782895633.478554	0.443060	0.202802	0.945908	0.041187	-0.018710	0.229594	0.305882	-0.272188	-0.135850
1782895633.614597	0.471283	0.169572	0.921945	0.025164	0.001956	0.185181	0.218486	-0.314471	-0.157453
1782895633.681782	0.484772	0.145830	0.906568	0.016142	0.015451	0.164005	0.184953	-0.330955	-0.153559
1782895633.715585	0.495140	0.123901	0.893572	-0.001665	0.024574	0.150560	0.157567	-0.348027	-0.131858
1782895633.761030	0.497669	0.117439	0.889946	-0.002262	0.026190	0.148605	0.155327	-0.349680	-0.121330
1782895633.805758	0.503993	0.101590	0.883187	-0.013246	0.033284	0.140470	0.132182	-0.349875	-0.066560
1782895633.840567	0.507060	0.092022	0.880571	-0.017643	0.037102	0.137029	0.109758	-0.343929	-0.010299
1782895633.876611	0.511446	0.079886	0.879646	-0.027394	0.043764	0.132711	0.095396	-0.329821	0.025343
1782895633.913556	0.514458	0.071187	0.880312	-0.033714	0.049425	0.128422	0.092999	-0.327552	0.066837
1782895633.959917	0.517289	0.062952	0.882333	-0.040823	0.050592	0.127230	0.083077	-0.306388	0.077965
1782895633.993421	0.521931	0.050321	0.885734	-0.044080	0.053813	0.120268	0.072159	-0.285748	0.083693
1782895634.032420	0.523679	0.045834	0.887103	-0.051236	0.052861	0.119915	0.079515	-0.278485	0.069373
1782895634.077825	0.527718	0.037214	0.889628	-0.052508	0.054076	0.112304	0.070162	-0.243794	0.041709
1782895634.122886	0.532028	0.029806	0.890709	-0.050944	0.053930	0.107379	0.071015	-0.234226	0.027985
1782895634.163102	0.536063	0.023464	0.890558	-0.043553	0.052907	0.102300	0.057932	-0.193396	-0.006897
1782895634.193729	0.540260	0.017983	0.889614	-0.042117	0.052909	0.096216	0.061926	-0.176721	-0.005875
1782895634.233591	0.542273	0.015954	0.889083	-0.042974	0.051975	0.093097	0.062725	-0.164231	-0.023982
1782895634.268744	0.546275	0.012541	0.887001	-0.037185	0.052335	0.085819	0.049062	-0.142299	-0.028110
1782895634.302522	0.549089	0.010427	0.885901	-0.035376	0.054523	0.077359	0.040376	-0.118970	-0.006119
1782895634.340658	0.551626	0.008732	0.884772	-0.024034	0.050083	0.075261	0.032590	-0.102546	-0.008359
1782895634.386664	0.555147	0.007497	0.883623	-0.029343	0.052856	0.067357	0.018034	-0.079789	-0.003473
1782895634.472850	0.557656	0.006827	0.882789	-0.019715	0.054635	0.059198	0.023008	-0.071780	-0.001412
1782895634.510334	0.565050	0.006212	0.880414	-0.010382	0.055992	0.047649	0.014308	-0.055360	-0.000954
1782895634.551852	0.567563	0.006548	0.879900	-0.006659	0.058855	0.041260	0.006265	-0.047883	-0.005861
1782895634.587564	0.570953	0.006487	0.878665	0.003605	0.057624	0.035283	0.006400	-0.045106	-0.013917
1782895634.619851	0.573283	0.006642	0.877975	0.004849	0.055270	0.034554	-0.000209	-0.044214	0.010240
1782895634.655888	0.575789	0.006792	0.877352	0.004795	0.055999	0.028783	-0.001460	-0.045229	0.006400
1782895634.689900	0.577860	0.006949	0.877024	-0.002010	0.052852	0.029648	-0.008875	-0.041482	0.025312
1782895634.727116	0.580215	0.006825	0.877158	0.001192	0.053763	0.026756	-0.010493	-0.044115	0.022933
1782895634.770775	0.582187	0.006855	0.877059	0.000787	0.052591	0.024355	-0.015774	-0.041707	0.046123
1782895634.806912	0.585199	0.006503	0.878081	0.003126	0.055706	0.021161	-0.028248	-0.035167	0.044122
1782895634.839734	0.586232	0.006204	0.878510	0.005493	0.054860	0.020388	-0.032240	-0.038418	0.035531
1782895634.879848	0.588565	0.005590	0.879350	0.004462	0.055663	0.019759	-0.034191	-0.042972	0.053993
1782895634.920741	0.590562	0.004859	0.879987	0.004284	0.056663	0.018966	-0.039835	-0.037837	0.030473
1782895634.960692	0.591748	0.004231	0.880436	0.007647	0.057497	0.017422	-0.043310	-0.039460	0.020667
1782895634.995060	0.593139	0.002992	0.880130	0.003502	0.056587	0.015102	-0.046467	-0.040872	0.028405
1782895635.037203	0.594029	0.002305	0.880048	0.008448	0.057546	0.013860	-0.055718	-0.037434	0.007869
1782895635.071685	0.595003	0.000846	0.879156	0.008502	0.056746	0.012030	-0.054272	-0.039076	0.001395
1782895635.105935	0.596018	-0.000690	0.878264	0.007436	0.057600	0.008227	-0.065959	-0.036172	-0.001533
1782895635.146098	0.596203	-0.001505	0.877784	0.008658	0.055716	0.007380	-0.065317	-0.038267	0.016267
1782895635.188111	0.596826	-0.003231	0.876821	0.008063	0.059085	0.003029	-0.074682	-0.034484	0.005339
1782895635.225071	0.596640	-0.004710	0.876619	0.008681	0.057484	0.001601	-0.072701	-0.040222	0.005482
1782895635.263383	0.596661	-0.006795	0.876151	0.004342	0.058232	-0.002051	-0.077769	-0.040768	0.016760
1782895635.310078	0.596379	-0.009160	0.875786	0.003246	0.060958	-0.004336	-0.080692	-0.042866	0.012913
1782895635.355105	0.595943	-0.011481	0.876036	0.000726	0.061395	-0.007032	-0.078112	-0.050347	0.029076
1782895635.389691	0.595122	-0.014202	0.876558	0.005724	0.061305	-0.008537	-0.082858	-0.050048	0.031537
1782895635.424250	0.594911	-0.016226	0.877018	-0.000840	0.061843	-0.009709	-0.087684	-0.049157	0.023535
1782895635.468914	0.593969	-0.018497	0.877497	-0.000803	0.062069	-0.010863	-0.084323	-0.051504	0.033157
1782895635.552137	0.592955	-0.021744	0.878138	-0.000879	0.061428	-0.011829	-0.088726	-0.053688	0.026490
1782895635.597972	0.590835	-0.027794	0.878868	-0.009822	0.065624	-0.013222	-0.083134	-0.054245	0.022217
1782895635.639116	0.590286	-0.030030	0.879048	-0.008166	0.065316	-0.013712	-0.084005	-0.046706	0.025705
1782895635.674417	0.588756	-0.033535	0.879373	-0.011791	0.067943	-0.012801	-0.083523	-0.044292	0.005635
1782895635.705070	0.587920	-0.035790	0.879383	-0.016940	0.069522	-0.012754	-0.072116	-0.045215	0.014223
1782895635.749664	0.587370	-0.037240	0.879282	-0.017122	0.068677	-0.012296	-0.076762	-0.036541	0.003094
1782895635.792049	0.586244	-0.040388	0.879838	-0.013988	0.066431	-0.010892	-0.067607	-0.037540	0.015298
1782895635.832485	0.585587	-0.042335	0.880241	-0.011633	0.062747	-0.010505	-0.066291	-0.032233	0.030662
1782895635.869418	0.585018	-0.044623	0.880937	-0.018011	0.065136	-0.012213	-0.069272	-0.025303	0.016305
1782895635.903886	0.584293	-0.046029	0.881311	-0.016543	0.061548	-0.013558	-0.060217	-0.021865	0.011291
1782895635.944975	0.583857	-0.047427	0.881416	-0.016327	0.060754	-0.014212	-0.062476	-0.016515	0.008677
1782895635.981240	0.582929	-0.049410	0.881669	-0.010457	0.060416	-0.014185	-0.059931	-0.015967	0.004192
1782895636.020637	0.582281	-0.051108	0.881758	-0.008371	0.059727	-0.016276	-0.064055	-0.006319	0.002964
1782895636.058089	0.581612	-0.052109	0.882037	-0.013240	0.062472	-0.017758	-0.063342	-0.002005	0.007447
1782895636.090791	0.581046	-0.053094	0.882223	-0.010778	0.060758	-0.016452	-0.053382	-0.003762	0.010704
1782895636.134142	0.580289	-0.054418	0.882855	-0.006085	0.061944	-0.018715	-0.057909	-0.002016	0.013244
1782895636.180292	0.579737	-0.055310	0.883096	-0.009680	0.062555	-0.018823	-0.048761	-0.001860	0.015333
1782895636.218846	0.578843	-0.056591	0.883905	-0.010058	0.063247	-0.022871	-0.048566	0.005133	0.025320
1782895636.252640	0.578650	-0.056906	0.884456	-0.010189	0.065946	-0.023681	-0.044632	0.007054	0.002677
1782895636.298680	0.578065	-0.057829	0.885254	-0.009660	0.062189	-0.024008	-0.035817	0.009732	0.017680
1782895636.340700	0.577814	-0.058393	0.885652	-0.011590	0.065086	-0.027494	-0.034598	0.010276	0.007684
1782895636.386451	0.577073	-0.059249	0.886151	-0.008798	0.063922	-0.030441	-0.031644	0.013930	0.012905
1782895636.420024	0.576392	-0.059571	0.886506	-0.012635	0.062049	-0.030404	-0.038272	0.024835	0.002020
1782895636.457512	0.576265	-0.059846	0.886859	-0.012960	0.063340	-0.032084	-0.031165	0.019528	0.018376
1782895636.570679	0.575868	-0.060170	0.887150	-0.014289	0.060075	-0.032928	-0.030327	0.024858	0.016213
1782895636.701314	0.574908	-0.060406	0.887206	-0.008688	0.057805	-0.036961	-0.021721	0.032023	-0.015784
1782895636.775104	0.573804	-0.059671	0.885493	-0.008854	0.057480	-0.040539	-0.013606	0.034776	-0.016241
1782895636.806242	0.572927	-0.058844	0.884414	-0.010800	0.057131	-0.039685	-0.016806	0.044420	-0.029555
1782895636.844037	0.572845	-0.058534	0.883992	-0.008709	0.057423	-0.040444	-0.018243	0.044726	-0.007783
1782895636.887308	0.572501	-0.058284	0.883375	-0.005906	0.055801	-0.041066	-0.014693	0.045178	-0.021546
1782895636.919954	0.572109	-0.057681	0.883502	-0.004147	0.055628	-0.043487	-0.007546	0.043793	-0.011682
1782895636.955302	0.571709	-0.057245	0.883236	-0.006481	0.053250	-0.044353	-0.013226	0.046255	-0.004961
1782895636.998590	0.571291	-0.056751	0.883240	-0.009890	0.051722	-0.046386	-0.013914	0.047796	-0.014711
1782895637.042943	0.570988	-0.056473	0.883104	-0.009396	0.049721	-0.046885	-0.006827	0.045120	-0.016726
1782895637.077857	0.570177	-0.055542	0.882627	0.000316	0.047846	-0.048746	-0.015021	0.046988	-0.013750
1782895637.110484	0.569560	-0.055158	0.882301	-0.006880	0.047336	-0.049015	-0.009129	0.044572	-0.020285
1782895637.155902	0.568921	-0.054571	0.881780	-0.001912	0.047072	-0.051185	-0.019654	0.049871	-0.016073
1782895637.199355	0.567671	-0.053750	0.881256	-0.009880	0.047363	-0.049255	-0.023463	0.051489	-0.014577
1782895637.235799	0.566427	-0.052852	0.880777	-0.008374	0.047013	-0.048703	-0.023695	0.052194	-0.028370
1782895637.277666	0.565477	-0.051937	0.880279	-0.005729	0.047540	-0.048270	-0.025604	0.051809	-0.008539
1782895637.316129	0.564180	-0.050976	0.879912	-0.008364	0.050671	-0.046555	-0.026393	0.054536	-0.022147
1782895637.359318	0.563174	-0.050251	0.879586	-0.006849	0.052890	-0.045070	-0.020447	0.049986	-0.010587
1782895637.389765	0.561947	-0.049165	0.879527	-0.006406	0.058466	-0.043922	-0.022682	0.052404	-0.006083
1782895637.422885	0.560996	-0.048230	0.879730	-0.002902	0.058818	-0.042164	-0.020112	0.055257	0.005074
1782895637.466536	0.560112	-0.047337	0.880029	-0.004701	0.060833	-0.039348	-0.015670	0.054046	0.011042
1782895637.506544	0.559135	-0.046212	0.880934	-0.006925	0.062719	-0.037671	-0.003088	0.052620	0.010505
1782895637.541598	0.558458	-0.045213	0.881608	-0.002480	0.061599	-0.035700	0.001679	0.051900	0.004324
1782895637.582583	0.557784	-0.044155	0.882549	-0.008630	0.061298	-0.032829	0.002813	0.054628	0.017025
1782895637.633351	0.557391	-0.042888	0.883409	-0.004657	0.060268	-0.031562	0.005315	0.058609	0.005818
1782895637.674759	0.556991	-0.041568	0.884559	-0.004586	0.058079	-0.027917	0.017561	0.054579	0.014928
1782895637.711554	0.556779	-0.040342	0.885759	0.004854	0.054658	-0.025016	0.013952	0.055208	-0.002135
1782895637.787780	0.556800	-0.039293	0.886281	0.002733	0.054893	-0.025254	0.015790	0.052085	0.012546
1782895637.848354	0.556662	-0.037025	0.887367	-0.001989	0.052174	-0.018375	0.014982	0.051452	-0.003073
1782895637.894149	0.556292	-0.035618	0.888004	-0.001480	0.052485	-0.015595	0.012010	0.053418	0.003987
1782895637.929012	0.556244	-0.034583	0.888391	0.000694	0.052710	-0.014263	0.017179	0.051535	-0.017569
1782895637.965207	0.556160	-0.033867	0.888276	-0.004658	0.053142	-0.011592	0.019112	0.047108	-0.000554
1782895638.005445	0.556173	-0.032427	0.888308	-0.005039	0.054233	-0.010397	0.014692	0.053756	0.003101
1782895638.042596	0.555928	-0.031642	0.888499	-0.005662	0.053350	-0.008739	0.014555	0.052161	-0.000381
1782895638.083628	0.555942	-0.030568	0.888600	0.002963	0.053073	-0.005454	0.015083	0.052495	-0.009295
1782895638.133797	0.556039	-0.029588	0.888849	0.000586	0.054360	-0.005964	0.024865	0.045585	-0.014537
1782895638.185805	0.556017	-0.028228	0.888317	0.005415	0.055844	-0.001951	0.028596	0.042820	-0.017572
1782895638.228690	0.556051	-0.026942	0.887997	0.007698	0.054568	0.002003	0.029901	0.042568	-0.014150
1782895638.266318	0.556172	-0.026272	0.887955	0.002794	0.055270	0.003148	0.033262	0.040638	-0.004650
1782895638.300406	0.556412	-0.025370	0.887698	0.003614	0.056182	0.003934	0.029204	0.042004	-0.009273
1782895638.345542	0.556539	-0.024672	0.887796	0.000505	0.054667	0.005416	0.032381	0.038101	-0.016820
1782895638.392526	0.556628	-0.023897	0.887931	-0.000314	0.054932	0.007126	0.035547	0.032323	-0.001161
1782895638.428309	0.556935	-0.023239	0.888504	0.006230	0.050718	0.008051	0.034215	0.033741	0.005267
1782895638.464646	0.557095	-0.023035	0.889027	0.000020	0.049903	0.009650	0.032611	0.029246	0.020724
1782895638.505948	0.557450	-0.022434	0.889753	0.006739	0.048539	0.009183	0.024360	0.030613	0.012043
1782895638.549140	0.557544	-0.022061	0.890029	0.006504	0.048502	0.010709	0.022903	0.025525	-0.002878
1782895638.609557	0.557385	-0.022080	0.890632	0.006657	0.048826	0.013515	0.018974	0.019256	-0.002997
1782895638.650598	0.556991	-0.022155	0.890704	0.005551	0.049728	0.015170	0.020419	0.010757	0.003451
1782895638.695733	0.556635	-0.022238	0.890983	0.007388	0.049244	0.015365	0.017678	0.010344	0.007982
1782895638.729479	0.556158	-0.022536	0.891060	0.006848	0.049231	0.017260	0.013391	0.005923	0.006284
1782895638.769609	0.555579	-0.022958	0.891069	0.008153	0.049811	0.016619	0.009846	0.004984	-0.002521
1782895638.803782	0.554972	-0.023441	0.890829	0.000257	0.051978	0.016550	0.016322	-0.000177	-0.014382
1782895638.869639	0.554674	-0.023695	0.890497	-0.004912	0.052394	0.015936	0.009260	0.001938	-0.008220
