时间(s)	位置x(m)	位置y(m)	位置z(m)	欧拉角roll(rad)	欧拉角pitch(rad)	欧拉角yaw(rad)	速度x(m/s)	速度y(m/s)	速度z(m/s)
1782895817.404964	-0.573190	-0.034243	1.276353	-0.006681	0.014332	-0.018881	0.010654	-0.014511	-0.008105
1782895817.416657	-0.573115	-0.034271	1.276222	-0.003087	0.014080	-0.018583	0.010654	-0.014511	-0.008105
1782895817.425201	-0.573013	-0.034328	1.276083	-0.003482	0.012670	-0.018361	0.017892	-0.012958	-0.010649
1782895817.436472	-0.573048	-0.034433	1.276199	-0.006739	0.012816	-0.017530	0.017915	-0.016237	0.002346
1782895817.445943	-0.573059	-0.034454	1.276138	-0.004438	0.013132	-0.015254	0.017915	-0.016237	0.002346
1782895817.455464	-0.572780	-0.034542	1.276016	-0.002205	0.012486	-0.013358	0.017376	-0.016729	-0.006240
1782895817.465488	-0.572662	-0.034404	1.276043	-0.000176	0.013178	-0.011804	0.017376	-0.016729	-0.006240
1782895817.476558	-0.572466	-0.034518	1.276227	-0.003597	0.013227	-0.010372	0.016189	-0.012649	0.016707
1782895817.485038	-0.572466	-0.034518	1.276227	-0.003597	0.013227	-0.010372	0.016189	-0.012649	0.016707
1782895817.497875	-0.572401	-0.034615	1.276291	-0.002093	0.013209	-0.008499	0.022912	-0.015872	0.040082
1782895817.506792	-0.572387	-0.034729	1.276675	-0.001604	0.013654	-0.005661	0.022912	-0.015872	0.040082
1782895817.516078	-0.572170	-0.034606	1.277032	-0.000339	0.014814	-0.004568	0.025067	-0.015916	0.048111
1782895817.525118	-0.571855	-0.034568	1.277591	-0.004579	0.015514	-0.001743	0.025067	-0.015916	0.048111
1782895817.535286	-0.571697	-0.034648	1.278110	-0.003561	0.014175	0.000787	0.024199	-0.009873	0.066826
1782895817.546046	-0.571563	-0.034681	1.278998	0.000626	0.015104	0.003464	0.024199	-0.009873	0.066826
1782895817.557219	-0.571337	-0.034548	1.279678	-0.001681	0.013860	0.005708	0.031184	-0.016016	0.094391
1782895817.565338	-0.571092	-0.034476	1.280812	-0.001896	0.013419	0.007432	0.031184	-0.016016	0.094391
1782895817.576129	-0.571092	-0.034476	1.280812	-0.001896	0.013419	0.007432	0.031184	-0.016016	0.094391
1782895817.585077	-0.570883	-0.034475	1.281608	-0.001210	0.015348	0.009685	0.024639	-0.010895	0.089604
1782895817.595436	-0.570530	-0.034593	1.282901	-0.003918	0.014558	0.012100	0.030561	-0.017083	0.116278
1782895817.605717	-0.570321	-0.034404	1.283972	-0.002983	0.015345	0.015013	0.030561	-0.017083	0.116278
1782895817.616683	-0.569871	-0.034503	1.284872	-0.003273	0.015173	0.017067	0.030561	-0.017083	0.116278
1782895817.625276	-0.569755	-0.034566	1.286091	0.000884	0.012236	0.019889	0.033017	-0.015329	0.100140
1782895817.636461	-0.569561	-0.034559	1.287151	-0.004582	0.013316	0.023732	0.033017	-0.015329	0.100140
1782895817.645777	-0.569253	-0.034537	1.288051	-0.008693	0.014133	0.025614	0.029583	-0.014279	0.095630
1782895817.656079	-0.568746	-0.034435	1.289105	0.002570	0.010986	0.027141	0.036137	-0.012301	0.083239
1782895817.666625	-0.568301	-0.034310	1.289990	-0.002677	0.011989	0.029384	0.036137	-0.012301	0.083239
1782895817.676679	-0.568301	-0.034310	1.289990	-0.002677	0.011989	0.029384	0.042889	-0.018139	0.070382
1782895817.685481	-0.568305	-0.034441	1.290843	-0.005483	0.014016	0.031988	0.042889	-0.018139	0.070382
1782895817.696746	-0.567831	-0.034621	1.291321	-0.004921	0.013395	0.035500	0.042889	-0.018139	0.070382
1782895817.705151	-0.567543	-0.034470	1.292057	-0.003682	0.012239	0.037111	0.041841	-0.019944	0.058392
1782895817.719539	-0.567189	-0.034410	1.292623	-0.008734	0.014123	0.038628	0.041841	-0.019944	0.058392
1782895817.725618	-0.566725	-0.034382	1.293104	-0.003308	0.011626	0.041440	0.037694	-0.014077	0.042838
1782895817.738611	-0.566473	-0.034463	1.293257	0.000568	0.010014	0.045531	0.037694	-0.014077	0.042838
1782895817.744667	-0.566033	-0.034319	1.293503	-0.002243	0.011643	0.048742	0.037276	-0.010669	0.035857
1782895817.754729	-0.565662	-0.034249	1.293846	-0.004037	0.012131	0.050924	0.044157	-0.016794	0.040777
1782895817.766695	-0.565192	-0.034176	1.294170	-0.002546	0.011830	0.053300	0.044157	-0.016794	0.040777
1782895817.774730	-0.565192	-0.034176	1.294170	-0.002546	0.011830	0.053300	0.046955	-0.016694	0.017420
1782895817.785534	-0.564910	-0.034186	1.294211	-0.002520	0.012964	0.055273	0.046955	-0.016694	0.017420
1782895817.797275	-0.564514	-0.034152	1.294343	-0.001367	0.012054	0.058852	0.041836	-0.011521	0.008114
1782895817.807164	-0.564163	-0.033968	1.294533	-0.002955	0.010259	0.062529	0.041836	-0.011521	0.008114
1782895817.818100	-0.563714	-0.033905	1.294425	-0.002057	0.010493	0.063926	0.041836	-0.011521	0.008114
1782895817.825506	-0.563461	-0.033695	1.294362	-0.005105	0.011640	0.065578	0.048854	-0.014555	0.012202
1782895817.835593	-0.562918	-0.033639	1.294325	-0.005667	0.012209	0.068194	0.055558	-0.016503	-0.001334
1782895817.845365	-0.562434	-0.033648	1.294407	-0.004011	0.010707	0.071103	0.055558	-0.016503	-0.001334
1782895817.854980	-0.562034	-0.033554	1.294245	-0.006000	0.010299	0.074679	0.048148	-0.010542	-0.004157
1782895817.865172	-0.561649	-0.033504	1.294115	-0.013484	0.011133	0.077296	0.048148	-0.010542	-0.004157
1782895817.876756	-0.561152	-0.033253	1.294053	-0.007721	0.009307	0.080334	0.049021	-0.010862	0.002264
1782895817.885139	-0.561152	-0.033253	1.294053	-0.007721	0.009307	0.080334	0.049021	-0.010862	0.002264
1782895817.895579	-0.560599	-0.033180	1.293821	-0.011539	0.009301	0.082739	0.049021	-0.010862	0.002264
1782895817.905417	-0.560151	-0.032932	1.293756	-0.005924	0.008884	0.084128	0.055241	-0.011010	-0.004170
1782895817.915229	-0.559606	-0.032830	1.293819	-0.004169	0.008980	0.086401	0.055241	-0.011010	-0.004170
1782895817.925184	-0.559243	-0.032853	1.293800	-0.006365	0.009069	0.088215	0.048942	-0.009645	-0.004834
1782895817.935413	-0.558706	-0.032748	1.293701	-0.007933	0.007965	0.091687	0.051861	-0.007162	-0.000418
1782895817.944644	-0.558179	-0.032640	1.293402	-0.006590	0.007047	0.094597	0.051861	-0.007162	-0.000418
1782895817.954626	-0.557731	-0.032518	1.293355	-0.006214	0.006427	0.097291	0.056674	-0.008181	0.004414
1782895817.965605	-0.557272	-0.032324	1.293410	-0.008367	0.007041	0.100478	0.053460	-0.007270	0.007524
1782895817.979103	-0.556775	-0.032028	1.293192	-0.009170	0.007017	0.102873	0.053460	-0.007270	0.007524
1782895817.985744	-0.556775	-0.032028	1.293192	-0.009170	0.007017	0.102873	0.053460	-0.007270	0.007524
1782895817.995325	-0.556272	-0.031694	1.293419	-0.012333	0.008167	0.105714	0.055751	-0.003506	0.014345
1782895818.005318	-0.555807	-0.031623	1.293414	-0.009529	0.007040	0.108057	0.055751	-0.003506	0.014345
1782895818.015190	-0.555349	-0.031360	1.293556	-0.008254	0.007240	0.110679	0.061059	-0.009354	0.024259
1782895818.026825	-0.554783	-0.031294	1.293675	-0.007732	0.007696	0.114573	0.061059	-0.009354	0.024259
1782895818.039009	-0.554213	-0.031251	1.293848	-0.005488	0.006374	0.117752	0.056450	-0.002076	0.017968
1782895818.046846	-0.553685	-0.030953	1.294087	-0.009655	0.006943	0.120406	0.056450	-0.002076	0.017968
1782895818.057673	-0.553151	-0.030584	1.294370	-0.005593	0.007494	0.122331	0.059732	-0.003196	0.035110
1782895818.066060	-0.552725	-0.030370	1.294592	-0.005346	0.006436	0.125420	0.059732	-0.003196	0.035110
1782895818.075395	-0.552725	-0.030370	1.294592	-0.005346	0.006436	0.125420	0.063420	-0.006536	0.029473
1782895818.087651	-0.552093	-0.030087	1.294903	-0.007765	0.006536	0.126926	0.063420	-0.006536	0.029473
1782895818.098295	-0.551546	-0.029885	1.295206	-0.008247	0.006626	0.130039	0.057159	0.002257	0.027893
1782895818.106009	-0.551015	-0.029649	1.295444	-0.008271	0.006058	0.133840	0.057159	0.002257	0.027893
1782895818.115912	-0.550475	-0.029466	1.295697	-0.008798	0.005593	0.136982	0.064036	-0.003289	0.043237
1782895818.126411	-0.550072	-0.029168	1.296063	-0.006642	0.005210	0.139751	0.064036	-0.003289	0.043237
1782895818.138001	-0.549524	-0.028907	1.296168	-0.007722	0.006499	0.143134	0.064533	-0.004143	0.023087
1782895818.149436	-0.549524	-0.028907	1.296168	-0.007722	0.006499	0.143134	0.064533	-0.004143	0.023087
1782895818.163287	-0.548465	-0.028362	1.296945	-0.010455	0.006515	0.146277	0.057246	0.002354	0.024852
1782895818.175726	-0.547790	-0.028092	1.297168	-0.011333	0.007081	0.149463	0.057246	0.002354	0.024852
1782895818.179386	-0.547790	-0.028092	1.297168	-0.011333	0.007081	0.149463	0.063787	-0.002120	0.024722
1782895818.186440	-0.547296	-0.027866	1.297191	-0.010682	0.005898	0.152911	0.063787	-0.002120	0.024722
1782895818.195924	-0.546910	-0.027685	1.297295	-0.010629	0.004147	0.155043	0.065250	-0.003012	0.006844
1782895818.212862	-0.546425	-0.027364	1.297267	-0.007067	0.003549	0.159461	0.065250	-0.003012	0.006844
1782895818.218324	-0.546425	-0.027364	1.297267	-0.007067	0.003549	0.159461	0.056945	0.002827	0.001584
1782895818.225155	-0.545328	-0.026720	1.297635	-0.010586	0.004023	0.163426	0.056945	0.002827	0.001584
1782895818.238331	-0.544853	-0.026519	1.297561	-0.009809	0.004007	0.165806	0.061644	0.001657	0.007494
1782895818.248471	-0.544412	-0.026098	1.297586	-0.006106	0.002196	0.168386	0.061644	0.001657	0.007494
1782895818.255527	-0.543915	-0.025918	1.297484	-0.005770	0.000808	0.170650	0.064762	-0.000752	-0.006041
1782895818.265210	-0.543543	-0.025655	1.297263	-0.006633	-0.000602	0.175126	0.064762	-0.000752	-0.006041
1782895818.276957	-0.543543	-0.025655	1.297263	-0.006633	-0.000602	0.175126	0.053784	0.003905	-0.011000
1782895818.286228	-0.543081	-0.025416	1.297260	-0.004848	0.000320	0.177241	0.053784	0.003905	-0.011000
1782895818.299009	-0.542552	-0.025068	1.297245	-0.003359	0.000700	0.178668	0.054477	0.003026	-0.001355
1782895818.307106	-0.542117	-0.024629	1.297056	-0.007831	0.000323	0.181055	0.054477	0.003026	-0.001355
1782895818.314802	-0.541573	-0.024263	1.296860	-0.006283	-0.000596	0.183752	0.058869	-0.000475	-0.012479
1782895818.324668	-0.541274	-0.023923	1.296694	-0.003468	-0.001144	0.186524	0.058869	-0.000475	-0.012479
1782895818.334560	-0.541058	-0.023785	1.296560	-0.006307	-0.001895	0.189626	0.048489	0.006990	-0.016382
1782895818.345977	-0.540562	-0.023523	1.296118	-0.008554	-0.001907	0.191719	0.048489	0.006990	-0.016382
1782895818.354625	-0.540081	-0.023048	1.295998	-0.007403	-0.001494	0.194007	0.049491	0.005858	-0.005614
1782895818.364764	-0.539690	-0.022675	1.295882	-0.008268	-0.001374	0.195828	0.049491	0.005858	-0.005614
1782895818.374644	-0.539337	-0.022469	1.295607	-0.005714	-0.001483	0.197327	0.052476	0.002399	-0.014381
1782895818.384681	-0.539337	-0.022469	1.295607	-0.005714	-0.001483	0.197327	0.052476	0.002399	-0.014381
1782895818.395419	-0.538813	-0.022115	1.295410	-0.001078	-0.002293	0.200172	0.042329	0.008000	-0.013373
1782895818.404723	-0.538378	-0.021835	1.295113	-0.002606	-0.002729	0.204066	0.042329	0.008000	-0.013373
1782895818.414572	-0.538289	-0.021622	1.294884	-0.000035	-0.002994	0.205439	0.046198	0.005374	-0.004333
1782895818.424657	-0.538087	-0.021359	1.294820	-0.003062	-0.002921	0.207440	0.046198	0.005374	-0.004333
1782895818.434594	-0.537650	-0.020928	1.294700	-0.001991	-0.003255	0.209956	0.046289	0.005423	-0.012401
1782895818.445285	-0.537266	-0.020574	1.294497	-0.002129	-0.005189	0.211435	0.046289	0.005423	-0.012401
1782895818.454548	-0.536993	-0.020177	1.294264	-0.001004	-0.004682	0.212439	0.037477	0.008809	-0.005697
1782895818.464556	-0.536657	-0.019887	1.294104	-0.000727	-0.004643	0.214294	0.037477	0.008809	-0.005697
1782895818.474672	-0.536657	-0.019887	1.294104	-0.000727	-0.004643	0.214294	0.042029	0.005279	-0.001531
1782895818.484607	-0.536430	-0.019484	1.294060	-0.000342	-0.004584	0.215996	0.042029	0.005279	-0.001531
1782895818.495817	-0.536130	-0.019455	1.293851	-0.000055	-0.005652	0.218998	0.038048	0.005207	-0.008563
1782895818.506260	-0.535864	-0.019183	1.293807	-0.000466	-0.005626	0.221814	0.038048	0.005207	-0.008563
1782895818.515180	-0.535688	-0.018782	1.293629	-0.001738	-0.005822	0.225068	0.031977	0.007782	0.000878
1782895818.525227	-0.535419	-0.018439	1.293563	-0.000495	-0.005452	0.226677	0.031977	0.007782	0.000878
1782895818.535103	-0.535160	-0.018198	1.293434	-0.000553	-0.004381	0.227875	0.036669	0.006652	0.005009
1782895818.545709	-0.534901	-0.017938	1.293406	-0.005007	-0.003805	0.229481	0.036669	0.006652	0.005009
1782895818.555407	-0.534751	-0.017537	1.293464	-0.005651	-0.002225	0.230733	0.030960	0.007072	0.004455
1782895818.565527	-0.534542	-0.017098	1.293426	-0.005609	-0.001703	0.233801	0.030960	0.007072	0.004455
1782895818.575188	-0.534542	-0.017098	1.293426	-0.005609	-0.001703	0.233801	0.029394	0.009904	0.010065
1782895818.585197	-0.534414	-0.016760	1.293447	-0.001984	-0.001783	0.237278	0.029394	0.009904	0.010065
1782895818.598364	-0.534235	-0.016628	1.293513	-0.003273	-0.000959	0.240501	0.033511	0.006850	0.022167
1782895818.606094	-0.534129	-0.016375	1.293630	-0.000278	-0.001462	0.242540	0.033511	0.006850	0.022167
1782895818.615276	-0.533926	-0.016179	1.293856	-0.000628	-0.000228	0.244932	0.027832	0.008251	0.021287
1782895818.626023	-0.533783	-0.015824	1.294055	0.001749	-0.000266	0.246477	0.027832	0.008251	0.021287
1782895818.635103	-0.533570	-0.015528	1.294302	0.002684	-0.000346	0.248333	0.032690	0.006991	0.038542
1782895818.645230	-0.533481	-0.015185	1.294599	0.001515	0.001413	0.250260	0.032690	0.006991	0.038542
1782895818.655444	-0.533412	-0.014755	1.294903	-0.000169	0.000373	0.252919	0.030008	0.006747	0.038550
1782895818.666662	-0.533435	-0.014558	1.295227	0.000072	-0.000602	0.254028	0.030008	0.006747	0.038550
1782895818.674816	-0.533234	-0.014380	1.295349	0.002671	-0.001536	0.255839	0.022270	0.010464	0.028416
1782895818.684958	-0.533234	-0.014380	1.295349	0.002671	-0.001536	0.255839	0.022270	0.010464	0.028416
1782895818.694742	-0.533241	-0.014240	1.295589	0.002272	-0.001121	0.258529	0.022845	0.009637	0.021823
1782895818.704870	-0.533195	-0.013815	1.295877	0.001241	0.001285	0.262012	0.022845	0.009637	0.021823
1782895818.715610	-0.532968	-0.013426	1.295893	0.002899	0.002727	0.262932	0.028403	0.003395	0.033147
1782895818.724988	-0.532876	-0.013121	1.296274	-0.001510	0.003735	0.266288	0.028403	0.003395	0.033147
1782895818.736451	-0.532857	-0.012807	1.296493	0.001071	0.004083	0.267575	0.029521	0.001228	0.011531
1782895818.745503	-0.532784	-0.012650	1.296669	0.001643	0.003834	0.270050	0.029521	0.001228	0.011531
1782895818.755388	-0.532668	-0.012568	1.296896	-0.000697	0.002887	0.272128	0.019917	0.005733	0.011473
1782895818.767962	-0.532634	-0.012388	1.296979	0.003954	0.001567	0.273390	0.019917	0.005733	0.011473
1782895818.776762	-0.532519	-0.012211	1.297026	0.006646	0.001880	0.274621	0.022880	0.002909	0.016528
1782895818.785120	-0.532519	-0.012211	1.297026	0.006646	0.001880	0.274621	0.022880	0.002909	0.016528
1782895818.795187	-0.532436	-0.011921	1.297100	0.007792	0.001937	0.277349	0.015562	0.005033	0.010493
1782895818.805179	-0.532391	-0.011628	1.297045	0.006476	0.002130	0.279816	0.015562	0.005033	0.010493
1782895818.815426	-0.532395	-0.011500	1.296886	0.006092	0.002702	0.281395	0.015360	0.005141	-0.003442
1782895818.825514	-0.532348	-0.011234	1.296879	0.003152	0.002797	0.284496	0.015360	0.005141	-0.003442
1782895818.835118	-0.532260	-0.010904	1.296862	0.001203	0.003764	0.285716	0.016547	0.003622	-0.005019
1782895818.845253	-0.532158	-0.010733	1.296748	0.001330	0.004437	0.285922	0.016547	0.003622	-0.005019
1782895818.855973	-0.532088	-0.010651	1.296548	0.003332	0.003899	0.287626	0.021121	0.000988	-0.011429
1782895818.865415	-0.532005	-0.010417	1.296167	0.005212	0.004343	0.289988	0.021121	0.000988	-0.011429
1782895818.875913	-0.531915	-0.010201	1.295956	0.003027	0.004932	0.291738	0.013879	0.001196	-0.017340
1782895818.885594	-0.531915	-0.010201	1.295956	0.003027	0.004932	0.291738	0.013879	0.001196	-0.017340
1782895818.896461	-0.531886	-0.010210	1.295544	0.003559	0.003036	0.294257	0.011732	0.001505	-0.012959
1782895818.905689	-0.531939	-0.009862	1.295391	0.003171	0.002311	0.296659	0.011732	0.001505	-0.012959
1782895818.915530	-0.531814	-0.009632	1.295157	0.001090	0.003676	0.297945	0.018393	-0.000789	-0.009948
1782895818.925804	-0.531711	-0.009530	1.295119	0.001355	0.004255	0.298779	0.018393	-0.000789	-0.009948
1782895818.935519	-0.531731	-0.009416	1.294903	0.002118	0.004402	0.300093	0.013871	-0.002049	-0.012802
1782895818.945528	-0.531593	-0.009343	1.294758	0.002074	0.004921	0.301566	0.013871	-0.002049	-0.012802
1782895818.955130	-0.531488	-0.009192	1.294520	0.004917	0.005389	0.306099	0.021308	-0.003727	-0.003941
1782895818.965510	-0.531535	-0.009038	1.294256	0.004395	0.004530	0.309569	0.021308	-0.003727	-0.003941
1782895818.979990	-0.531395	-0.008862	1.294305	0.006474	0.004221	0.310347	0.019791	-0.002346	0.000084
1782895818.986378	-0.531395	-0.008862	1.294305	0.006474	0.004221	0.310347	0.019791	-0.002346	0.000084
1782895818.995651	-0.531408	-0.008697	1.294149	0.001507	0.005698	0.312317	0.013953	-0.002398	0.007726
1782895819.007105	-0.531253	-0.008472	1.294129	0.001878	0.006327	0.313969	0.013953	-0.002398	0.007726
1782895819.015693	-0.531226	-0.008262	1.294297	-0.000237	0.006651	0.315158	0.019197	-0.004749	0.015736
1782895819.026466	-0.531197	-0.008218	1.294343	-0.000384	0.006459	0.316389	0.019197	-0.004749	0.015736
1782895819.036885	-0.531053	-0.008146	1.294443	-0.001250	0.006954	0.318820	0.018937	-0.003680	0.023836
1782895819.045409	-0.530921	-0.007802	1.294611	0.000743	0.007330	0.320568	0.018937	-0.003680	0.023836
1782895819.055433	-0.530776	-0.007842	1.294876	-0.000341	0.008837	0.323208	0.020060	-0.004625	0.030265
1782895819.065580	-0.530721	-0.007748	1.295058	-0.001588	0.008647	0.326276	0.020060	-0.004625	0.030265
1782895819.075476	-0.530721	-0.007748	1.295058	-0.001588	0.008647	0.326276	0.021068	-0.005140	0.035848
1782895819.085549	-0.530637	-0.007572	1.295411	0.000063	0.008621	0.328588	0.021068	-0.005140	0.035848
1782895819.096056	-0.530398	-0.007525	1.295691	0.003274	0.008492	0.329486	0.017824	-0.003487	0.028870
1782895819.105046	-0.530428	-0.007384	1.296012	-0.001014	0.009921	0.331608	0.017824	-0.003487	0.028870
1782895819.115163	-0.530269	-0.007161	1.296414	0.002919	0.009516	0.332723	0.017824	-0.003487	0.028870
1782895819.125202	-0.530324	-0.006986	1.296700	0.003816	0.009102	0.334802	0.017853	-0.003158	0.032443
1782895819.136137	-0.530225	-0.006921	1.296919	0.002279	0.008666	0.338064	0.023015	-0.008082	0.030037
1782895819.145751	-0.530063	-0.006815	1.296952	0.006840	0.008813	0.340996	0.023015	-0.008082	0.030037
1782895819.156494	-0.530063	-0.006815	1.296952	0.006840	0.008813	0.340996	0.018585	-0.008203	0.019628
1782895819.166644	-0.529877	-0.006678	1.297162	0.005451	0.009674	0.345711	0.018585	-0.008203	0.019628
1782895819.175834	-0.529877	-0.006678	1.297162	0.005451	0.009674	0.345711	0.019973	-0.006025	0.015344
1782895819.187658	-0.529628	-0.006524	1.297204	0.002789	0.010580	0.347359	0.019973	-0.006025	0.015344
1782895819.195855	-0.529408	-0.006289	1.297227	0.000909	0.011780	0.348457	0.024603	-0.010541	0.010033
1782895819.205425	-0.529298	-0.006219	1.297282	0.000696	0.011449	0.351247	0.024603	-0.010541	0.010033
1782895819.216253	-0.529184	-0.006149	1.297249	-0.000860	0.012194	0.353424	0.021160	-0.011643	0.000610
1782895819.225350	-0.529171	-0.006199	1.297198	-0.001620	0.012455	0.355848	0.021160	-0.011643	0.000610
1782895819.235549	-0.528869	-0.006093	1.297151	-0.000985	0.011280	0.359076	0.021526	-0.009588	-0.005369
1782895819.246665	-0.528834	-0.005768	1.297037	-0.000956	0.011821	0.361267	0.021526	-0.009588	-0.005369
1782895819.254902	-0.528640	-0.005674	1.296991	-0.001798	0.012521	0.363113	0.027205	-0.010811	-0.002205
1782895819.264686	-0.528469	-0.005508	1.296766	0.000333	0.013422	0.364777	0.027205	-0.010811	-0.002205
1782895819.274579	-0.528469	-0.005508	1.296766	0.000333	0.013422	0.364777	0.022347	-0.011914	-0.008546
1782895819.284727	-0.528262	-0.005516	1.296698	0.000695	0.012751	0.367673	0.022347	-0.011914	-0.008546
1782895819.294728	-0.528223	-0.005389	1.296656	0.001116	0.011606	0.370467	0.023762	-0.010967	-0.005323
1782895819.304920	-0.528011	-0.005300	1.296502	-0.000820	0.011398	0.373221	0.023762	-0.010967	-0.005323
1782895819.314640	-0.527834	-0.005213	1.296391	0.001355	0.010711	0.375020	0.027815	-0.011709	-0.005552
1782895819.324873	-0.527627	-0.005257	1.296270	0.000819	0.010772	0.376890	0.027815	-0.011709	-0.005552
1782895819.334554	-0.527341	-0.005074	1.296151	-0.001949	0.011692	0.378553	0.023073	-0.011492	0.000198
1782895819.345025	-0.527115	-0.004987	1.296090	-0.001514	0.011360	0.379896	0.023073	-0.011492	0.000198
1782895819.355899	-0.526960	-0.004552	1.296054	-0.004027	0.013115	0.382954	0.028907	-0.010745	0.005056
1782895819.365511	-0.526761	-0.004465	1.295999	-0.004123	0.012382	0.384927	0.028907	-0.010745	0.005056
1782895819.374995	-0.526761	-0.004465	1.295999	-0.004123	0.012382	0.384927	0.029009	-0.011970	0.002224
1782895819.385139	-0.526564	-0.004274	1.295947	-0.003501	0.013166	0.387471	0.029009	-0.011970	0.002224
1782895819.395066	-0.526433	-0.004263	1.295891	-0.001519	0.012564	0.389443	0.026136	-0.009853	0.007812
1782895819.405830	-0.526066	-0.004209	1.296001	-0.002934	0.013050	0.392953	0.026136	-0.009853	0.007812
1782895819.416866	-0.525834	-0.004064	1.296051	-0.002253	0.012620	0.394566	0.033691	-0.011187	0.011019
1782895819.425673	-0.525634	-0.003990	1.296004	-0.002066	0.012102	0.395894	0.033691	-0.011187	0.011019
1782895819.435593	-0.525335	-0.003867	1.295994	-0.002679	0.012582	0.397602	0.027866	-0.009205	0.000234
1782895819.445669	-0.525079	-0.003605	1.296027	0.000663	0.009683	0.400133	0.027866	-0.009205	0.000234
1782895819.455494	-0.524947	-0.003213	1.296225	-0.001131	0.009616	0.401968	0.028628	-0.009122	0.008399
1782895819.466580	-0.524609	-0.003159	1.296175	-0.001415	0.009390	0.403721	0.028628	-0.009122	0.008399
1782895819.475051	-0.524382	-0.003169	1.296085	-0.003704	0.009119	0.406506	0.035963	-0.010304	0.004849
1782895819.485156	-0.524382	-0.003169	1.296085	-0.003704	0.009119	0.406506	0.035963	-0.010304	0.004849
1782895819.496018	-0.524188	-0.003032	1.296105	-0.002317	0.008616	0.408096	0.029550	-0.006771	-0.006016
1782895819.507251	-0.523874	-0.002832	1.296060	-0.006621	0.009909	0.409570	0.029550	-0.006771	-0.006016
1782895819.516316	-0.523597	-0.002653	1.296058	-0.005146	0.009891	0.411162	0.029702	-0.006956	0.003871
1782895819.525857	-0.523274	-0.002436	1.296129	-0.004701	0.010060	0.411743	0.029702	-0.006956	0.003871
1782895819.535359	-0.523045	-0.002134	1.295977	-0.002647	0.009645	0.413697	0.036964	-0.011226	-0.001035
1782895819.546885	-0.522777	-0.002039	1.295959	-0.001305	0.008997	0.415515	0.036964	-0.011226	-0.001035
1782895819.555099	-0.522270	-0.001916	1.295869	-0.000471	0.006738	0.417418	0.029775	-0.007668	-0.014649
1782895819.567214	-0.522131	-0.001752	1.295837	0.001682	0.005983	0.419512	0.029775	-0.007668	-0.014649
1782895819.575181	-0.521780	-0.001482	1.295852	-0.000121	0.007339	0.421885	0.028663	-0.006893	0.003566
1782895819.585262	-0.521780	-0.001482	1.295852	-0.000121	0.007339	0.421885	0.028663	-0.006893	0.003566
1782895819.595156	-0.521651	-0.001314	1.295787	0.001820	0.007451	0.422902	0.036622	-0.012867	0.000905
1782895819.605241	-0.521454	-0.001202	1.295732	-0.000031	0.008213	0.423432	0.036622	-0.012867	0.000905
1782895819.615974	-0.521218	-0.001054	1.295699	-0.000985	0.009544	0.424208	0.029025	-0.005842	-0.006529
1782895819.626743	-0.520804	-0.000685	1.295600	0.000344	0.007732	0.427805	0.029025	-0.005842	-0.006529
1782895819.635283	-0.520465	-0.000642	1.295598	-0.000997	0.007080	0.431264	0.029747	-0.006875	0.018176
1782895819.645345	-0.520250	-0.000454	1.295622	-0.004358	0.007678	0.433127	0.029747	-0.006875	0.018176
1782895819.655843	-0.520050	-0.000185	1.295950	-0.002176	0.006555	0.435350	0.033193	-0.011722	0.016241
1782895819.665623	-0.519730	-0.000023	1.296128	0.000131	0.006050	0.436464	0.024887	-0.005474	0.012595
1782895819.675605	-0.519730	-0.000023	1.296128	0.000131	0.006050	0.436464	0.024887	-0.005474	0.012595
1782895819.686191	-0.519410	0.000185	1.296340	-0.000882	0.006471	0.438719	0.024887	-0.005474	0.012595
1782895819.695115	-0.519160	0.000320	1.296570	-0.001557	0.006699	0.439556	0.029618	-0.010669	0.034129
1782895819.705233	-0.518769	0.000480	1.296750	0.002135	0.007456	0.440711	0.029618	-0.010669	0.034129
1782895819.717785	-0.518532	0.000701	1.296840	0.002731	0.006906	0.441774	0.031863	-0.012367	0.021886
1782895819.726384	-0.518189	0.001033	1.297130	0.002245	0.006519	0.444837	0.031863	-0.012367	0.021886
1782895819.735952	-0.517884	0.001070	1.297339	0.000825	0.006895	0.447346	0.025138	-0.005089	0.024672
1782895819.745353	-0.517597	0.001290	1.297765	0.001071	0.007090	0.450165	0.025138	-0.005089	0.024672
1782895819.755116	-0.517446	0.001474	1.298151	0.001157	0.007390	0.450563	0.030354	-0.011588	0.038596
1782895819.765274	-0.517090	0.001757	1.298517	0.003435	0.006819	0.452279	0.030354	-0.011588	0.038596
1782895819.775136	-0.517090	0.001757	1.298517	0.003435	0.006819	0.452279	0.031568	-0.016887	0.022998
1782895819.785591	-0.516786	0.001803	1.298837	0.002794	0.007119	0.454006	0.031568	-0.016887	0.022998
1782895819.795785	-0.516575	0.001968	1.299047	0.001632	0.006825	0.455418	0.024746	-0.009530	0.017875
1782895819.805269	-0.516384	0.002111	1.299198	-0.000212	0.006180	0.458079	0.024746	-0.009530	0.017875
1782895819.815126	-0.516008	0.002193	1.299389	0.001797	0.003735	0.461395	0.028765	-0.014801	0.027645
1782895819.825295	-0.515715	0.002403	1.299510	-0.000624	0.004131	0.463269	0.028765	-0.014801	0.027645
1782895819.835661	-0.515353	0.002526	1.299679	0.002780	0.004746	0.465329	0.032859	-0.020636	0.015775
1782895819.846141	-0.515066	0.002636	1.299906	0.002921	0.005909	0.466207	0.032859	-0.020636	0.015775
1782895819.855220	-0.514814	0.002956	1.300068	0.003790	0.004522	0.468215	0.027958	-0.015937	0.004568
1782895819.865394	-0.514579	0.003119	1.300234	0.004720	0.005779	0.470014	0.027796	-0.016495	0.006772
1782895819.875095	-0.514263	0.003157	1.300283	0.004705	0.005166	0.473513	0.027796	-0.016495	0.006772
1782895819.886415	-0.514263	0.003157	1.300283	0.004705	0.005166	0.473513	0.027796	-0.016495	0.006772
1782895819.895481	-0.513855	0.003245	1.300246	0.002275	0.005722	0.476006	0.032853	-0.023445	0.001739
1782895819.905346	-0.513575	0.003306	1.300227	-0.000839	0.006885	0.477182	0.032853	-0.023445	0.001739
1782895819.916397	-0.513280	0.003499	1.300105	0.002192	0.004753	0.478921	0.027939	-0.023173	-0.009875
1782895819.925116	-0.513044	0.003611	1.299916	0.005816	0.005177	0.479724	0.027939	-0.023173	-0.009875
1782895819.935027	-0.512779	0.003625	1.299807	0.006441	0.005558	0.481607	0.024658	-0.020149	-0.007841
1782895819.945448	-0.512401	0.003705	1.299619	0.006488	0.005219	0.484939	0.024658	-0.020149	-0.007841
1782895819.955457	-0.512115	0.003777	1.299674	0.006850	0.005833	0.486478	0.029291	-0.024847	-0.003077
1782895819.966625	-0.511856	0.003742	1.299736	0.008749	0.005067	0.488541	0.029291	-0.024847	-0.003077
1782895819.975221	-0.511692	0.003906	1.299746	0.010103	0.003538	0.491001	0.025805	-0.026277	-0.010720
1782895819.985254	-0.511692	0.003906	1.299746	0.010103	0.003538	0.491001	0.025805	-0.026277	-0.010720
1782895819.995173	-0.511521	0.004060	1.299766	0.008666	0.004781	0.491133	0.022487	-0.023803	-0.003250
1782895820.005224	-0.511263	0.004148	1.299644	0.011298	0.003837	0.493801	0.022487	-0.023803	-0.003250
1782895820.016972	-0.510983	0.004167	1.299584	0.008794	0.003507	0.496999	0.026996	-0.028215	0.003756
1782895820.025292	-0.510731	0.004237	1.299591	0.005618	0.003860	0.498576	0.026996	-0.028215	0.003756
1782895820.035176	-0.510397	0.004266	1.299577	0.008121	0.003448	0.501124	0.022035	-0.026322	0.001570
1782895820.045571	-0.510201	0.004296	1.299402	0.007736	0.002753	0.503585	0.022035	-0.026322	0.001570
1782895820.056219	-0.510056	0.004462	1.299519	0.003992	0.002940	0.505552	0.023615	-0.025553	0.011571
1782895820.066537	-0.509706	0.004611	1.299601	-0.000838	0.004418	0.506707	0.023615	-0.025553	0.011571
1782895820.075090	-0.509318	0.004731	1.299652	-0.002864	0.004514	0.509111	0.024412	-0.029653	0.007526
1782895820.085035	-0.509318	0.004731	1.299652	-0.002864	0.004514	0.509111	0.024412	-0.029653	0.007526
1782895820.123387	-0.508534	0.004595	1.299815	0.002012	0.005817	0.513952	0.024953	-0.030216	0.012347
1782895820.128501	-0.508346	0.004607	1.299785	0.001319	0.005067	0.515501	0.024953	-0.030216	0.012347
1782895820.137687	-0.508071	0.004516	1.299853	0.002834	0.005111	0.517515	0.022140	-0.031991	0.002761
1782895820.147787	-0.507595	0.004619	1.299819	0.005091	0.005670	0.520878	0.022140	-0.031991	0.002761
1782895820.157770	-0.507392	0.004666	1.299994	0.007953	0.004766	0.522028	0.020575	-0.030623	0.007034
1782895820.167771	-0.506991	0.004721	1.300127	0.005918	0.006545	0.522649	0.025403	-0.032142	0.004455
1782895820.179509	-0.506991	0.004721	1.300127	0.005918	0.006545	0.522649	0.025403	-0.032142	0.004455
1782895820.187900	-0.506770	0.004794	1.300112	0.004545	0.007021	0.524659	0.025403	-0.032142	0.004455
1782895820.198110	-0.506549	0.004870	1.300112	0.005741	0.006835	0.525709	0.021310	-0.034901	-0.003162
1782895820.208349	-0.506103	0.004729	1.300020	0.005375	0.006197	0.528649	0.021310	-0.034901	-0.003162
1782895820.218460	-0.505880	0.004765	1.299941	0.004658	0.005974	0.531303	0.019328	-0.033731	-0.000151
1782895820.229044	-0.505620	0.004848	1.299969	0.005595	0.005360	0.532636	0.019328	-0.033731	-0.000151
1782895820.237817	-0.505620	0.004848	1.299969	0.005595	0.005360	0.532636	0.025022	-0.033712	-0.001967
1782895820.249807	-0.505128	0.004999	1.299913	0.002969	0.007997	0.534298	0.019942	-0.034718	-0.012800
1782895820.258406	-0.505018	0.004936	1.299734	0.004024	0.007034	0.535402	0.019942	-0.034718	-0.012800
1782895820.269782	-0.504784	0.004858	1.299695	0.002747	0.007199	0.537746	0.019942	-0.034718	-0.012800
1782895820.278965	-0.504784	0.004858	1.299695	0.002747	0.007199	0.537746	0.016106	-0.032436	-0.010669
1782895820.288379	-0.504483	0.004793	1.299521	-0.003048	0.006071	0.541117	0.016106	-0.032436	-0.010669
1782895820.299023	-0.504164	0.004830	1.299270	0.000244	0.005766	0.541565	0.022346	-0.034395	-0.008885
1782895820.314614	-0.503936	0.004787	1.299052	0.000904	0.006255	0.543267	0.022346	-0.034395	-0.008885
1782895820.319201	-0.503737	0.004830	1.299076	0.000537	0.006149	0.544071	0.020547	-0.035537	-0.021667
1782895820.329264	-0.503501	0.004800	1.298927	0.003454	0.005241	0.544684	0.012817	-0.030834	-0.022438
1782895820.338675	-0.503166	0.004757	1.298650	0.000451	0.005071	0.547977	0.012817	-0.030834	-0.022438
1782895820.349068	-0.502854	0.004764	1.298434	-0.000528	0.004563	0.549295	0.019727	-0.033479	-0.015451
1782895820.357425	-0.502732	0.004740	1.298162	0.004710	0.004717	0.550317	0.019727	-0.033479	-0.015451
1782895820.367640	-0.502504	0.004909	1.297860	-0.000315	0.005469	0.550803	0.018764	-0.033252	-0.029211
1782895820.377337	-0.502113	0.004985	1.297418	-0.001286	0.005138	0.552231	0.018764	-0.033252	-0.029211
1782895820.387341	-0.502113	0.004985	1.297418	-0.001286	0.005138	0.552231	0.018764	-0.033252	-0.029211
1782895820.397745	-0.501956	0.005048	1.297384	-0.000123	0.003411	0.553608	0.010565	-0.028040	-0.023719
1782895820.407349	-0.501790	0.004948	1.297081	-0.002534	0.004692	0.554722	0.010565	-0.028040	-0.023719
1782895820.417317	-0.501642	0.004940	1.296816	-0.003630	0.003652	0.556681	0.016536	-0.032091	-0.010627
1782895820.427672	-0.501527	0.005029	1.296614	-0.002748	0.001648	0.557446	0.016536	-0.032091	-0.010627
1782895820.437330	-0.501363	0.004909	1.296486	-0.000217	0.001670	0.558969	0.012811	-0.028916	-0.023445
1782895820.448889	-0.501169	0.004830	1.296390	-0.002458	0.001179	0.561191	0.012811	-0.028916	-0.023445
1782895820.457321	-0.501004	0.004898	1.296334	-0.000888	0.000794	0.562522	0.008386	-0.025215	-0.003617
1782895820.467295	-0.500850	0.004998	1.296279	0.000076	0.001339	0.563327	0.014554	-0.029560	-0.000133
1782895820.477768	-0.500698	0.004945	1.296347	0.000629	0.002132	0.564781	0.014554	-0.029560	-0.000133
1782895820.487757	-0.500698	0.004945	1.296347	0.000629	0.002132	0.564781	0.006573	-0.023213	-0.001891
1782895820.499368	-0.500584	0.004962	1.296542	-0.001741	0.002199	0.564455	0.006573	-0.023213	-0.001891
1782895820.508046	-0.500441	0.004991	1.296530	0.001162	0.002254	0.566019	0.008568	-0.025869	0.019576
1782895820.518263	-0.500259	0.005002	1.296630	0.000728	0.001126	0.567282	0.008568	-0.025869	0.019576
1782895820.529310	-0.500102	0.005117	1.296878	0.001654	-0.000180	0.568763	0.008568	-0.025869	0.019576
1782895820.538236	-0.499935	0.005140	1.297031	-0.001922	-0.000315	0.569251	0.010003	-0.027749	0.010679
1782895820.548821	-0.499935	0.005140	1.297031	-0.001922	-0.000315	0.569251	0.010003	-0.027749	0.010679
1782895820.558124	-0.499848	0.005131	1.297463	-0.000856	0.000309	0.573507	0.002547	-0.022065	0.017477
1782895820.567946	-0.499853	0.005151	1.297672	0.002337	0.001306	0.574013	0.002547	-0.022065	0.017477
1782895820.577447	-0.499853	0.005151	1.297672	0.002337	0.001306	0.574013	0.007199	-0.025358	0.033519
1782895820.587509	-0.499817	0.005066	1.297871	-0.000056	0.001271	0.575034	0.003412	-0.024536	0.012900
1782895820.597428	-0.499855	0.005233	1.298002	0.002332	0.000138	0.577182	0.003412	-0.024536	0.012900
1782895820.607854	-0.499699	0.005170	1.298366	0.002259	-0.000510	0.578594	0.003412	-0.024536	0.012900
1782895820.617343	-0.499670	0.005187	1.298503	0.000513	-0.000490	0.580182	-0.003715	-0.020008	0.023383
1782895820.627417	-0.499665	0.005096	1.298642	0.001460	-0.000708	0.582383	0.001728	-0.023641	0.032169
1782895820.638747	-0.499662	0.005213	1.299004	-0.000185	-0.000999	0.583220	0.001728	-0.023641	0.032169
1782895820.648678	-0.499502	0.005218	1.299309	0.000288	-0.000133	0.583353	0.001728	-0.023641	0.032169
1782895820.658042	-0.499606	0.005211	1.299582	0.002622	0.001096	0.584548	-0.003067	-0.022837	0.010551
1782895820.667709	-0.499633	0.005193	1.299736	0.002792	0.001188	0.585557	-0.003067	-0.022837	0.010551
1782895820.677599	-0.499633	0.005193	1.299736	0.002792	0.001188	0.585557	-0.009386	-0.018836	0.017822
1782895820.687609	-0.499701	0.005250	1.299955	0.002566	0.000775	0.587895	-0.009386	-0.018836	0.017822
1782895820.697584	-0.499656	0.005157	1.300065	0.001501	0.001054	0.589275	-0.003219	-0.023265	0.019160
1782895820.708965	-0.499715	0.005208	1.300089	0.000728	0.000810	0.590445	-0.003219	-0.023265	0.019160
1782895820.720373	-0.499753	0.005165	1.300231	0.001482	0.000550	0.590818	-0.004793	-0.023708	-0.002767
1782895820.728261	-0.499849	0.005101	1.300291	0.003677	0.000029	0.592750	-0.004793	-0.023708	-0.002767
1782895820.738342	-0.499938	0.005175	1.300360	0.005971	-0.000142	0.593146	-0.013902	-0.019005	-0.005367
1782895820.747816	-0.500051	0.005212	1.300381	0.005199	0.000672	0.594175	-0.013902	-0.019005	-0.005367
1782895820.757812	-0.500154	0.005067	1.300319	0.004715	0.000352	0.595302	-0.012333	-0.021947	-0.000108
1782895820.767875	-0.500270	0.005045	1.300212	0.003503	0.000876	0.595997	-0.007338	-0.025864	-0.009246
1782895820.777288	-0.500270	0.005045	1.300212	0.003503	0.000876	0.595997	-0.007338	-0.025864	-0.009246
1782895820.787360	-0.500300	0.004997	1.300153	0.004447	0.001364	0.597158	-0.007338	-0.025864	-0.009246
1782895820.797969	-0.500420	0.004947	1.300036	0.002717	0.003194	0.597214	-0.015742	-0.021611	-0.018779
1782895820.807275	-0.500509	0.004917	1.300006	0.003282	0.002663	0.598121	-0.017733	-0.021034	-0.012828
1782895820.818670	-0.500500	0.004802	1.299663	-0.001312	0.003449	0.600338	-0.017733	-0.021034	-0.012828
1782895820.827865	-0.500668	0.004760	1.299575	-0.002734	0.002493	0.601632	-0.017733	-0.021034	-0.012828
1782895820.838997	-0.500704	0.004739	1.299338	-0.001256	0.001595	0.602114	-0.011207	-0.024470	-0.011349
1782895820.848812	-0.500704	0.004739	1.299338	-0.001256	0.001595	0.602114	-0.016131	-0.023434	-0.027814
1782895820.857519	-0.500874	0.004594	1.299067	-0.000258	0.003144	0.603762	-0.016131	-0.023434	-0.027814
1782895820.867959	-0.501124	0.004599	1.298836	-0.002324	0.005103	0.604023	-0.020890	-0.021139	-0.021352
1782895820.878453	-0.501231	0.004460	1.298492	0.000052	0.004878	0.606311	-0.020890	-0.021139	-0.021352
1782895820.887706	-0.501231	0.004460	1.298492	0.000052	0.004878	0.606311	-0.020890	-0.021139	-0.021352
1782895820.898787	-0.501317	0.004361	1.298326	0.000581	0.004559	0.607417	-0.014174	-0.025056	-0.011439
1782895820.907636	-0.501433	0.004247	1.298187	0.001153	0.004587	0.607336	-0.014174	-0.025056	-0.011439
1782895820.919936	-0.501454	0.004048	1.298037	0.000740	0.004280	0.609270	-0.017014	-0.025768	-0.024321
1782895820.929278	-0.501579	0.003919	1.297912	0.000068	0.005197	0.609503	-0.021069	-0.023008	-0.013168
1782895820.939398	-0.501811	0.003930	1.297740	0.000289	0.006140	0.610044	-0.021069	-0.023008	-0.013168
1782895820.948285	-0.501897	0.003732	1.297696	0.002148	0.006051	0.611391	-0.013971	-0.026108	-0.004520
1782895820.957645	-0.501994	0.003639	1.297632	0.003085	0.005837	0.612483	-0.013971	-0.026108	-0.004520
1782895820.967589	-0.502091	0.003628	1.297603	0.001702	0.005638	0.612953	-0.019365	-0.025125	-0.016035
1782895820.978562	-0.502091	0.003628	1.297603	0.001702	0.005638	0.612953	-0.019365	-0.025125	-0.016035
1782895820.988036	-0.502215	0.003390	1.297546	0.002412	0.005768	0.614529	-0.019365	-0.025125	-0.016035
1782895820.997608	-0.502390	0.003404	1.297600	0.003895	0.005372	0.615461	-0.022468	-0.024727	-0.001477
1782895821.008009	-0.502476	0.003318	1.297640	0.003350	0.005017	0.616072	-0.015481	-0.028439	0.006065
1782895821.017928	-0.502590	0.003249	1.297627	0.004620	0.004876	0.616686	-0.015481	-0.028439	0.006065
1782895821.029756	-0.502604	0.003037	1.297637	0.002082	0.007083	0.616859	-0.022880	-0.027049	-0.001681
1782895821.038293	-0.502674	0.002947	1.297723	0.004198	0.005509	0.617727	-0.022880	-0.027049	-0.001681
1782895821.048123	-0.502783	0.002691	1.297806	0.004575	0.004632	0.619633	-0.022880	-0.027049	-0.001681
1782895821.057629	-0.502858	0.002518	1.297774	0.004233	0.003797	0.621076	-0.024039	-0.026618	0.008968
1782895821.067833	-0.503019	0.002294	1.297934	0.005564	0.002493	0.622069	-0.017551	-0.029415	0.006876
1782895821.077652	-0.503094	0.002114	1.297908	0.006567	0.002165	0.621864	-0.017551	-0.029415	0.006876
1782895821.087867	-0.503094	0.002114	1.297908	0.006567	0.002165	0.621864	-0.024676	-0.028781	-0.001295
1782895821.098442	-0.503138	0.001956	1.297939	0.005696	0.003110	0.622925	-0.024676	-0.028781	-0.001295
1782895821.107749	-0.503233	0.001740	1.297981	0.006294	0.004150	0.623856	-0.024676	-0.028781	-0.001295
1782895821.118819	-0.503391	0.001601	1.298011	0.002816	0.004622	0.624419	-0.025012	-0.029859	0.003860
1782895821.128004	-0.503405	0.001449	1.298003	0.002717	0.004620	0.626197	-0.018272	-0.031989	0.000855
1782895821.142940	-0.503526	0.001431	1.297992	0.001001	0.004912	0.626647	-0.018272	-0.031989	0.000855
1782895821.152011	-0.503605	0.001207	1.297928	0.000563	0.005053	0.627425	-0.018272	-0.031989	0.000855
1782895821.165411	-0.503689	0.001150	1.297940	0.000706	0.004726	0.629210	-0.024158	-0.032617	-0.012704
1782895821.175824	-0.503709	0.001055	1.297855	0.003671	0.004878	0.629725	-0.026682	-0.030334	-0.008022
1782895821.181155	-0.503810	0.000901	1.297858	0.004191	0.004375	0.630626	-0.026682	-0.030334	-0.008022
1782895821.191118	-0.503810	0.000901	1.297858	0.004191	0.004375	0.630626	-0.026682	-0.030334	-0.008022
1782895821.210598	-0.504097	0.000566	1.297499	-0.001536	0.007757	0.631724	-0.022981	-0.029923	-0.017624
1782895821.227062	-0.504203	0.000442	1.297221	-0.005813	0.009301	0.632875	-0.022981	-0.029923	-0.017624
1782895821.238703	-0.504211	0.000222	1.297175	-0.007381	0.011344	0.633059	-0.022981	-0.029923	-0.017624
1782895821.243681	-0.504421	0.000093	1.296959	-0.006814	0.010561	0.635066	-0.026490	-0.028708	-0.010304
1782895821.246804	-0.504532	-0.000036	1.296763	-0.001686	0.011051	0.634429	-0.026490	-0.028708	-0.010304
1782895821.251635	-0.504532	-0.000036	1.296763	-0.001686	0.011051	0.634429	-0.026490	-0.028708	-0.010304
1782895821.258623	-0.504696	-0.000277	1.296727	-0.002266	0.011235	0.635563	-0.020457	-0.028557	-0.005452
1782895821.267787	-0.504727	-0.000507	1.296554	-0.002585	0.010395	0.637628	-0.023106	-0.028360	-0.008523
1782895821.279164	-0.504881	-0.000684	1.296499	-0.001819	0.008947	0.638690	-0.023106	-0.028360	-0.008523
1782895821.288091	-0.504881	-0.000684	1.296499	-0.001819	0.008947	0.638690	-0.023106	-0.028360	-0.008523
1782895821.300882	-0.504960	-0.000847	1.296439	-0.002648	0.010179	0.639473	-0.027125	-0.025352	-0.001455
1782895821.308474	-0.505056	-0.000869	1.296419	-0.001284	0.010726	0.639758	-0.027125	-0.025352	-0.001455
1782895821.319449	-0.505262	-0.000897	1.296515	-0.004560	0.011411	0.640337	-0.023060	-0.023610	-0.002087
1782895821.327959	-0.505202	-0.000977	1.296480	-0.002446	0.011852	0.640693	-0.023060	-0.023610	-0.002087
1782895821.346276	-0.505270	-0.001075	1.296524	-0.002801	0.012211	0.642182	-0.018257	-0.023408	0.000620
1782895821.364383	-0.505461	-0.001251	1.296722	-0.001734	0.012393	0.643799	-0.021086	-0.023909	0.006079
1782895821.368595	-0.505566	-0.001504	1.296759	-0.002929	0.012884	0.645554	-0.021086	-0.023909	0.006079
1782895821.374173	-0.505566	-0.001504	1.296759	-0.002929	0.012884	0.645554	-0.019711	-0.019542	0.015140
1782895821.377576	-0.505566	-0.001504	1.296759	-0.002929	0.012884	0.645554	-0.019711	-0.019542	0.015140
1782895821.388330	-0.505689	-0.001495	1.296897	-0.000981	0.013246	0.646275	-0.019711	-0.019542	0.015140
1782895821.398679	-0.505959	-0.001536	1.297555	-0.001106	0.015095	0.647626	-0.014951	-0.023475	0.021532
1782895821.408331	-0.505959	-0.001536	1.297555	-0.001106	0.015095	0.647626	-0.014951	-0.023475	0.021532
1782895821.418094	-0.505969	-0.001509	1.297761	-0.001700	0.015082	0.647943	-0.018801	-0.018790	0.021089
1782895821.428395	-0.505960	-0.001443	1.298030	-0.003421	0.015593	0.649252	-0.018801	-0.018790	0.021089
1782895821.437249	-0.505999	-0.001550	1.298262	-0.001531	0.015794	0.650228	-0.015527	-0.017497	0.032930
1782895821.447335	-0.505943	-0.001653	1.298607	-0.000880	0.015393	0.652372	-0.015527	-0.017497	0.032930
1782895821.457349	-0.506118	-0.001713	1.298956	-0.000478	0.015752	0.653945	-0.010725	-0.022014	0.030017
1782895821.467746	-0.506137	-0.001749	1.299235	-0.001771	0.017329	0.653913	-0.016203	-0.015937	0.020976
1782895821.477366	-0.506137	-0.001749	1.299235	-0.001771	0.017329	0.653913	-0.016203	-0.015937	0.020976
1782895821.488112	-0.506162	-0.001715	1.299448	-0.002031	0.017022	0.654994	-0.016203	-0.015937	0.020976
1782895821.497344	-0.506363	-0.001566	1.299952	-0.002572	0.015594	0.655714	-0.011579	-0.014204	0.031118
1782895821.507329	-0.506449	-0.001520	1.300279	-0.004452	0.014492	0.656468	-0.006269	-0.019517	0.025813
1782895821.517690	-0.506386	-0.001575	1.300371	-0.004725	0.014991	0.657694	-0.006269	-0.019517	0.025813
1782895821.527474	-0.506364	-0.001507	1.300678	-0.005382	0.013986	0.659387	-0.006269	-0.019517	0.025813
1782895821.537378	-0.506378	-0.001452	1.300932	-0.001434	0.012573	0.660410	-0.012216	-0.012993	0.012614
1782895821.547600	-0.506404	-0.001313	1.301129	-0.001504	0.013451	0.661565	-0.012216	-0.012993	0.012614
1782895821.558535	-0.506344	-0.001270	1.301413	-0.002367	0.014360	0.661879	-0.012603	-0.011267	0.019284
1782895821.568568	-0.506344	-0.001270	1.301413	-0.002367	0.014360	0.661879	-0.003285	-0.017962	0.022107
1782895821.578076	-0.506377	-0.001104	1.301570	-0.000789	0.014096	0.662504	-0.003285	-0.017962	0.022107
1782895821.589238	-0.506413	-0.001079	1.301498	-0.000179	0.012792	0.663411	-0.003285	-0.017962	0.022107
1782895821.598024	-0.506452	-0.001008	1.301499	-0.001065	0.012270	0.664334	-0.005232	-0.015026	-0.000780
1782895821.607834	-0.506411	-0.000962	1.301592	-0.002666	0.011859	0.664757	-0.005232	-0.015026	-0.000780
1782895821.619872	-0.506245	-0.000989	1.301647	-0.002708	0.012953	0.665825	-0.009057	-0.010399	0.001212
1782895821.629985	-0.506295	-0.000758	1.301802	-0.003159	0.014411	0.665007	-0.009057	-0.010399	0.001212
1782895821.638152	-0.506292	-0.000617	1.301723	-0.001931	0.012302	0.666256	-0.000111	-0.016965	0.007279
1782895821.648494	-0.506294	-0.000580	1.301682	-0.002232	0.011411	0.667822	-0.000111	-0.016965	0.007279
1782895821.659454	-0.506234	-0.000553	1.301648	-0.002031	0.011226	0.668585	0.000639	-0.018783	-0.013342
1782895821.669021	-0.506131	-0.000465	1.301591	-0.001919	0.010631	0.669183	0.000639	-0.018783	-0.013342
1782895821.678077	-0.506131	-0.000465	1.301591	-0.001919	0.010631	0.669183	-0.004634	-0.013971	-0.015992
1782895821.687833	-0.506105	-0.000374	1.301460	-0.001569	0.011441	0.669807	-0.004634	-0.013971	-0.015992
1782895821.697567	-0.506063	-0.000235	1.301396	-0.000040	0.010590	0.670422	0.002570	-0.017996	-0.008561
1782895821.707632	-0.505991	-0.000096	1.301229	0.000548	0.010628	0.670667	0.002570	-0.017996	-0.008561
1782895821.718762	-0.505827	-0.000035	1.301189	0.001007	0.010831	0.671315	0.006760	-0.022073	-0.022483
1782895821.730193	-0.505762	-0.000057	1.300953	0.003251	0.009901	0.672965	-0.000255	-0.018131	-0.026383
1782895821.738706	-0.505679	-0.000068	1.300681	0.001970	0.009205	0.673629	-0.000255	-0.018131	-0.026383
1782895821.750478	-0.505466	0.000031	1.300486	0.001741	0.010279	0.674178	0.003673	-0.020931	-0.016861
1782895821.758520	-0.505465	0.000219	1.300398	0.004105	0.009448	0.673944	0.003673	-0.020931	-0.016861
1782895821.768114	-0.505487	0.000357	1.300143	0.004254	0.009884	0.673954	0.009121	-0.023279	-0.023963
1782895821.778228	-0.505363	0.000420	1.300056	0.004126	0.009712	0.676066	0.009121	-0.023279	-0.023963
1782895821.789056	-0.505363	0.000420	1.300056	0.004126	0.009712	0.676066	0.002145	-0.022386	-0.027170
1782895821.797904	-0.505265	0.000515	1.299863	0.004142	0.008063	0.676180	0.002145	-0.022386	-0.027170
1782895821.808563	-0.505121	0.000624	1.299733	0.004181	0.007002	0.676413	0.002145	-0.022386	-0.027170
1782895821.817703	-0.505059	0.000614	1.299353	0.002289	0.005269	0.677097	0.003956	-0.023889	-0.017994
1782895821.827741	-0.504918	0.000741	1.299193	0.004769	0.005505	0.676719	0.003956	-0.023889	-0.017994
1782895821.838996	-0.504726	0.000795	1.298951	0.003086	0.005999	0.675702	0.009514	-0.025512	-0.018840
1782895821.850660	-0.504523	0.000903	1.298862	0.002224	0.007023	0.676624	0.003749	-0.026009	-0.017765
1782895821.857760	-0.504523	0.000903	1.298862	0.002224	0.007023	0.676624	0.003749	-0.026009	-0.017765
1782895821.867803	-0.504333	0.001053	1.298334	-0.000632	0.005875	0.679458	0.004666	-0.025072	-0.009899
1782895821.877733	-0.504333	0.001053	1.298334	-0.000632	0.005875	0.679458	0.004666	-0.025072	-0.009899
1782895821.891411	-0.504294	0.001007	1.298282	-0.002278	0.006252	0.680728	0.008515	-0.027543	-0.004193
1782895821.898283	-0.504184	0.001090	1.298118	-0.000655	0.005170	0.681626	0.008515	-0.027543	-0.004193
1782895821.907714	-0.504056	0.001188	1.298222	-0.000707	0.005786	0.680748	0.008515	-0.027543	-0.004193
1782895821.918683	-0.503796	0.001202	1.298186	0.000168	0.006698	0.680724	0.008515	-0.027543	-0.004193
1782895821.927746	-0.503655	0.001131	1.298221	-0.000501	0.007469	0.682430	0.004254	-0.025632	0.008247
1782895821.938214	-0.503682	0.001259	1.298328	0.000284	0.007636	0.682310	0.004254	-0.025632	0.008247
1782895821.954403	-0.503500	0.001240	1.298365	-0.000163	0.007782	0.682597	0.004254	-0.025632	0.008247
1782895821.958510	-0.503235	0.001178	1.298365	0.004439	0.006671	0.684602	0.007352	-0.030991	0.014617
1782895821.968581	-0.503179	0.001292	1.298582	0.003676	0.005879	0.685332	0.001674	-0.027574	0.014374
1782895821.978365	-0.502796	0.001155	1.298812	0.004503	0.006471	0.684509	0.001674	-0.027574	0.014374
1782895821.988043	-0.502796	0.001155	1.298812	0.004503	0.006471	0.684509	0.001674	-0.027574	0.014374
1782895821.998532	-0.502679	0.001173	1.298873	0.004635	0.007149	0.685153	0.001674	-0.027574	0.014374
1782895822.008347	-0.502466	0.001333	1.299298	0.003392	0.008185	0.685682	0.003563	-0.027600	0.027977
1782895822.018353	-0.502308	0.001369	1.299628	0.000445	0.008303	0.685509	0.007936	-0.033583	0.024208
1782895822.028036	-0.502217	0.001370	1.299784	0.001395	0.007689	0.686166	0.001364	-0.027039	0.015301
1782895822.037619	-0.502008	0.001320	1.299863	0.002569	0.007602	0.688022	0.001364	-0.027039	0.015301
1782895822.047793	-0.501871	0.001334	1.300034	0.002821	0.006954	0.688886	0.005187	-0.030689	0.028257
1782895822.058313	-0.501538	0.001263	1.300380	-0.002640	0.007537	0.689727	0.005187	-0.030689	0.028257
1782895822.069282	-0.501308	0.001318	1.300703	0.001213	0.007216	0.691072	0.008845	-0.032298	0.015408
1782895822.077752	-0.501249	0.001247	1.300916	-0.001249	0.007183	0.690910	0.008845	-0.032298	0.015408
1782895822.087744	-0.501249	0.001247	1.300916	-0.001249	0.007183	0.690910	0.008845	-0.032298	0.015408
1782895822.098299	-0.501020	0.001219	1.300960	-0.001358	0.007425	0.691068	0.001242	-0.027217	0.001500
1782895822.112550	-0.500898	0.001312	1.301103	-0.000069	0.006380	0.692312	0.001242	-0.027217	0.001500
1782895822.120647	-0.500735	0.001293	1.301064	-0.000356	0.005492	0.692704	0.000269	-0.027862	0.007996
1782895822.128528	-0.500608	0.001242	1.301146	0.001554	0.004742	0.692389	0.000269	-0.027862	0.007996
1782895822.140094	-0.500354	0.001265	1.301120	0.002885	0.005780	0.692089	0.007176	-0.031230	0.000799
1782895822.149341	-0.500154	0.001086	1.301111	0.003312	0.006550	0.692222	0.007176	-0.031230	0.000799
1782895822.157652	-0.499952	0.001227	1.301025	0.003839	0.005410	0.693131	0.004145	-0.030861	-0.011230
1782895822.169572	-0.499683	0.000989	1.300902	0.003958	0.005082	0.695528	-0.000411	-0.028520	-0.014796
1782895822.178055	-0.499683	0.000989	1.300902	0.003958	0.005082	0.695528	-0.000411	-0.028520	-0.014796
1782895822.188020	-0.499520	0.001129	1.300724	0.001559	0.004545	0.695736	0.001727	-0.027728	-0.021932
1782895822.198039	-0.499212	0.001112	1.300494	-0.001712	0.006168	0.694087	0.001727	-0.027728	-0.021932
1782895822.208256	-0.498842	0.001224	1.300189	-0.003881	0.007815	0.693889	0.001727	-0.027728	-0.021932
1782895822.220865	-0.498633	0.001203	1.299787	-0.002933	0.007974	0.693780	0.006033	-0.030187	-0.018685
1782895822.228365	-0.498410	0.001278	1.299527	0.003316	0.007827	0.694902	0.006448	-0.034886	-0.020534
1782895822.237679	-0.498343	0.001252	1.299219	0.005687	0.007340	0.696307	0.006448	-0.034886	-0.020534
1782895822.247830	-0.498126	0.001209	1.299022	0.004863	0.007507	0.696507	0.006448	-0.034886	-0.020534
1782895822.257613	-0.497933	0.001194	1.298848	0.006767	0.007791	0.696095	0.000182	-0.028644	-0.024498
1782895822.267783	-0.497760	0.001217	1.298650	0.004593	0.008187	0.696631	0.005144	-0.029507	-0.005613
1782895822.279893	-0.497519	0.001102	1.298468	0.003626	0.007714	0.698338	0.005144	-0.029507	-0.005613
1782895822.288793	-0.497519	0.001102	1.298468	0.003626	0.007714	0.698338	0.011044	-0.033204	-0.010639
1782895822.297698	-0.497293	0.001145	1.298416	0.001343	0.008217	0.698685	0.011044	-0.033204	-0.010639
1782895822.307812	-0.497113	0.000992	1.298380	-0.000312	0.008652	0.698061	0.011044	-0.033204	-0.010639
1782895822.318228	-0.496814	0.000985	1.298344	-0.002068	0.008422	0.698467	0.005216	-0.027931	-0.006001
1782895822.328727	-0.496612	0.000948	1.298389	-0.001367	0.008539	0.698057	0.005216	-0.027931	-0.006001
1782895822.340035	-0.496401	0.001097	1.298472	-0.000989	0.008375	0.697189	0.009467	-0.031131	0.007141
1782895822.348294	-0.496127	0.001008	1.298483	0.005546	0.007164	0.698499	0.012777	-0.031578	0.005444
1782895822.357929	-0.495959	0.001017	1.298657	0.000754	0.007573	0.698983	0.012777	-0.031578	0.005444
1782895822.368509	-0.495763	0.001037	1.298802	0.001704	0.006760	0.698819	0.012777	-0.031578	0.005444
1782895822.379409	-0.495460	0.000857	1.298820	0.004005	0.005179	0.699254	0.006957	-0.031989	0.010892
1782895822.387737	-0.495460	0.000857	1.298820	0.004005	0.005179	0.699254	0.006957	-0.031989	0.010892
1782895822.398975	-0.495146	0.000764	1.298880	0.003392	0.004891	0.700188	0.005396	-0.029139	0.011188
1782895822.407980	-0.495099	0.000850	1.299084	0.003414	0.005568	0.699166	0.005396	-0.029139	0.011188
1782895822.418663	-0.494812	0.000911	1.299086	0.000915	0.006921	0.698115	0.012270	-0.035962	0.022017
1782895822.435947	-0.494585	0.000864	1.299213	-0.001582	0.007340	0.700368	0.012270	-0.035962	0.022017
1782895822.448009	-0.494292	0.000701	1.299197	0.002676	0.005249	0.701494	0.009879	-0.034460	0.007196
1782895822.453300	-0.494102	0.000732	1.299291	0.000496	0.004925	0.701578	0.009879	-0.034460	0.007196
1782895822.458007	-0.494102	0.000732	1.299291	0.000496	0.004925	0.701578	0.002040	-0.029027	0.013630
1782895822.468149	-0.493585	0.000546	1.299587	0.001641	0.005012	0.701147	0.006611	-0.033704	0.016609
1782895822.481106	-0.493396	0.000634	1.299658	0.003889	0.004409	0.700607	0.006611	-0.033704	0.016609
1782895822.489327	-0.493396	0.000634	1.299658	0.003889	0.004409	0.700607	0.006611	-0.033704	0.016609
1782895822.498342	-0.493193	0.000479	1.299709	0.003326	0.004311	0.700836	0.010356	-0.034107	0.000730
1782895822.508064	-0.492889	0.000316	1.299649	-0.002394	0.004112	0.702261	0.010356	-0.034107	0.000730
1782895822.518714	-0.492659	0.000346	1.299704	-0.002491	0.004033	0.702546	0.004969	-0.034090	-0.000178
1782895822.527665	-0.492536	0.000388	1.299686	-0.001877	0.004442	0.702090	0.004969	-0.034090	-0.000178
1782895822.538775	-0.492253	0.000402	1.299615	-0.000719	0.004529	0.700722	0.003189	-0.030503	-0.010481
1782895822.547899	-0.492017	0.000450	1.299618	-0.000785	0.004993	0.701081	0.003189	-0.030503	-0.010481
1782895822.557570	-0.491876	0.000345	1.299618	-0.001440	0.005036	0.701795	0.006576	-0.030863	-0.009811
1782895822.567426	-0.491559	0.000194	1.299362	0.001269	0.004434	0.703154	0.011079	-0.036310	-0.009389
1782895822.577429	-0.491366	0.000322	1.299176	0.001372	0.005681	0.702222	0.011079	-0.036310	-0.009389
1782895822.587478	-0.491366	0.000322	1.299176	0.001372	0.005681	0.702222	0.011079	-0.036310	-0.009389
1782895822.598710	-0.491130	0.000389	1.299117	0.001659	0.005737	0.700659	0.011079	-0.036310	-0.009389
1782895822.607786	-0.490970	0.000283	1.298861	0.002374	0.005550	0.702476	0.005884	-0.031966	-0.023225
1782895822.617423	-0.490764	0.000230	1.298727	0.001065	0.005255	0.703041	0.001085	-0.027344	-0.014751
1782895822.627957	-0.490706	0.000121	1.298605	0.001174	0.004529	0.702445	0.001085	-0.027344	-0.014751
1782895822.639252	-0.490440	0.000105	1.298531	0.002742	0.003603	0.701811	0.006735	-0.031745	-0.013124
1782895822.648400	-0.490233	0.000035	1.298507	0.002315	0.003213	0.701656	0.006735	-0.031745	-0.013124
1782895822.657852	-0.490045	0.000124	1.298388	0.001748	0.002214	0.701198	0.008419	-0.032809	-0.020180
1782895822.667604	-0.489755	-0.000101	1.298309	0.000983	0.002025	0.701268	0.003001	-0.030953	-0.013574
1782895822.679076	-0.489665	-0.000257	1.298259	0.000333	0.002034	0.701484	0.003001	-0.030953	-0.013574
1782895822.687654	-0.489665	-0.000257	1.298259	0.000333	0.002034	0.701484	0.003001	-0.030953	-0.013574
1782895822.699067	-0.489553	-0.000318	1.298225	0.001154	0.001877	0.702136	0.002174	-0.026247	-0.009706
1782895822.709286	-0.489349	-0.000273	1.298150	-0.002209	0.003544	0.700660	0.010165	-0.032625	0.005181
1782895822.717743	-0.489229	-0.000253	1.298250	-0.000866	0.003403	0.701358	0.010165	-0.032625	0.005181
1782895822.728713	-0.488844	-0.000300	1.298286	-0.003145	0.004247	0.701381	0.010165	-0.032625	0.005181
1782895822.737648	-0.488856	-0.000316	1.298378	-0.002206	0.003413	0.701413	0.004158	-0.028930	-0.001635
1782895822.748811	-0.488788	-0.000423	1.298579	-0.000003	0.001989	0.701283	0.004158	-0.028930	-0.001635
1782895822.757982	-0.488602	-0.000579	1.298612	0.000463	0.001852	0.702649	-0.000293	-0.026751	0.017398
1782895822.768117	-0.488530	-0.000591	1.298731	0.000177	0.001711	0.702647	0.005510	-0.029322	0.022350
1782895822.779513	-0.488514	-0.000796	1.299017	0.001672	0.000195	0.701192	0.005510	-0.029322	0.022350
1782895822.788041	-0.488514	-0.000796	1.299017	0.001672	0.000195	0.701192	-0.000459	-0.027896	0.017862
1782895822.797642	-0.488355	-0.000819	1.299274	0.003201	-0.000381	0.701847	-0.000459	-0.027896	0.017862
1782895822.807682	-0.488216	-0.000914	1.299539	0.000468	0.000464	0.702634	-0.000459	-0.027896	0.017862
1782895822.818995	-0.488055	-0.000987	1.299685	-0.000997	0.000317	0.703274	-0.000459	-0.027896	0.017862
1782895822.829084	-0.487881	-0.000998	1.299755	-0.001018	-0.001008	0.704142	-0.003048	-0.024548	0.016754
1782895822.842139	-0.487745	-0.000994	1.299943	-0.001763	-0.000739	0.703763	-0.002035	-0.024626	0.016839
1782895822.850929	-0.487641	-0.000995	1.300095	0.001268	-0.001419	0.703737	0.001232	-0.031422	0.013809
1782895822.859046	-0.487545	-0.000919	1.300236	0.000621	-0.000960	0.702870	0.001232	-0.031422	0.013809
1782895822.869248	-0.487461	-0.001126	1.300354	-0.000105	-0.000573	0.703553	-0.003896	-0.025545	-0.000130
1782895822.878070	-0.487461	-0.001126	1.300354	-0.000105	-0.000573	0.703553	-0.003896	-0.025545	-0.000130
1782895822.887880	-0.487372	-0.001266	1.300370	0.000522	-0.000579	0.705305	-0.007231	-0.021946	0.009081
1782895822.897704	-0.487315	-0.001255	1.300302	-0.001012	-0.000904	0.705988	-0.007231	-0.021946	0.009081
1782895822.907772	-0.487195	-0.001296	1.300486	0.000722	0.000172	0.705215	-0.007231	-0.021946	0.009081
1782895822.918728	-0.487062	-0.001309	1.300388	0.001826	0.000461	0.705411	0.001548	-0.029190	0.004214
1782895822.929328	-0.487040	-0.001321	1.300493	0.000096	0.001717	0.705285	0.001548	-0.029190	0.004214
1782895822.937950	-0.487045	-0.001425	1.300467	0.000771	0.001629	0.705583	-0.001142	-0.028350	-0.012196
1782895822.948295	-0.487018	-0.001651	1.300353	0.000922	0.000444	0.706324	-0.001142	-0.028350	-0.012196
1782895822.958120	-0.487020	-0.001727	1.300314	0.000366	0.000752	0.706174	-0.006242	-0.027333	-0.011343
1782895822.969411	-0.486956	-0.001800	1.300288	0.000826	0.000933	0.705217	-0.004275	-0.023695	-0.015381
1782895822.978258	-0.486956	-0.001800	1.300288	0.000826	0.000933	0.705217	-0.004275	-0.023695	-0.015381
1782895822.987800	-0.486938	-0.001795	1.300217	-0.000892	0.001719	0.705105	-0.000601	-0.028136	-0.006836
1782895822.997578	-0.486851	-0.001989	1.300153	-0.001871	0.002317	0.705024	-0.000601	-0.028136	-0.006836
1782895823.007901	-0.486906	-0.002135	1.300073	-0.001660	0.002830	0.705735	-0.003279	-0.028336	-0.016123
1782895823.017620	-0.486847	-0.002267	1.300084	-0.001761	0.002412	0.707082	-0.003279	-0.028336	-0.016123
1782895823.029181	-0.486726	-0.002431	1.299972	-0.000450	0.002803	0.706445	-0.003279	-0.028336	-0.016123
1782895823.039131	-0.486816	-0.002449	1.300027	-0.000689	0.003658	0.706195	-0.008933	-0.022977	-0.006967
1782895823.048657	-0.486777	-0.002514	1.300050	0.000436	0.003819	0.705478	-0.008933	-0.022977	-0.006967
1782895823.057644	-0.486788	-0.002592	1.300044	0.003575	0.002680	0.705426	-0.002434	-0.028108	0.008670
1782895823.068837	-0.486788	-0.002592	1.300044	0.003575	0.002680	0.705426	-0.002434	-0.028108	0.008670
1782895823.079581	-0.486784	-0.002792	1.300229	0.004827	0.001731	0.705918	-0.004689	-0.025826	-0.007113
1782895823.088952	-0.486784	-0.002792	1.300229	0.004827	0.001731	0.705918	-0.004689	-0.025826	-0.007113
1782895823.098596	-0.486892	-0.003109	1.300305	0.009395	0.000398	0.705810	-0.011207	-0.024869	0.002309
1782895823.107651	-0.486874	-0.003238	1.300332	0.008044	0.000968	0.705502	-0.011207	-0.024869	0.002309
1782895823.117638	-0.486901	-0.003225	1.300400	0.007704	0.001132	0.704938	-0.007322	-0.024452	0.001130
1782895823.128570	-0.486908	-0.003277	1.300445	0.008828	0.001220	0.704614	-0.007322	-0.024452	0.001130
1782895823.137984	-0.486928	-0.003628	1.300363	0.006756	0.001528	0.705592	-0.004878	-0.028943	0.005577
1782895823.147860	-0.486926	-0.003749	1.300377	0.007196	0.000645	0.707750	-0.004878	-0.028943	0.005577
1782895823.157592	-0.486999	-0.003985	1.300307	0.007433	0.000563	0.707882	-0.010979	-0.026848	0.000395
1782895823.167700	-0.486970	-0.004104	1.300358	0.006463	0.001128	0.706983	-0.015630	-0.022444	0.004817
1782895823.177602	-0.487013	-0.004146	1.300528	0.007327	0.002020	0.705962	-0.015630	-0.022444	0.004817
1782895823.187721	-0.487013	-0.004146	1.300528	0.007327	0.002020	0.705962	-0.015630	-0.022444	0.004817
1782895823.198010	-0.487044	-0.004312	1.300527	0.007903	0.001351	0.705983	-0.009569	-0.029606	0.017201
1782895823.207984	-0.487026	-0.004502	1.300501	0.007648	0.001215	0.707117	-0.009569	-0.029606	0.017201
1782895823.218724	-0.486922	-0.004821	1.300502	0.001439	0.002644	0.707331	-0.013142	-0.026047	-0.001395
1782895823.228019	-0.486898	-0.005000	1.300585	0.000285	0.003039	0.706685	-0.013142	-0.026047	-0.001395
1782895823.238048	-0.486904	-0.005227	1.300520	0.004573	0.003313	0.706787	-0.018890	-0.023266	0.001261
1782895823.248138	-0.486834	-0.005345	1.300557	0.005340	0.003516	0.705961	-0.018890	-0.023266	0.001261
1782895823.257651	-0.486952	-0.005545	1.300481	0.005559	0.003825	0.706289	-0.015747	-0.025377	-0.000980
1782895823.267833	-0.486964	-0.005725	1.300321	0.006303	0.004153	0.706393	-0.012878	-0.027936	-0.009531
1782895823.277566	-0.486964	-0.005725	1.300321	0.006303	0.004153	0.706393	-0.012878	-0.027936	-0.009531
1782895823.288914	-0.486983	-0.005933	1.300301	0.006518	0.003931	0.706298	-0.012878	-0.027936	-0.009531
1782895823.299207	-0.486926	-0.006013	1.300207	0.004811	0.004639	0.705631	-0.014589	-0.029471	-0.011701
1782895823.308566	-0.486925	-0.006193	1.300125	0.004579	0.005725	0.705059	-0.019235	-0.022549	-0.017489
1782895823.317934	-0.486898	-0.006300	1.299933	0.008217	0.005250	0.704620	-0.019235	-0.022549	-0.017489
1782895823.327997	-0.486956	-0.006479	1.299761	0.007623	0.004129	0.706423	-0.019235	-0.022549	-0.017489
1782895823.338326	-0.486956	-0.006733	1.299559	0.005569	0.004137	0.706730	-0.015296	-0.026188	-0.004996
1782895823.348087	-0.486888	-0.007043	1.299187	0.005951	0.005202	0.706815	-0.015296	-0.026188	-0.004996
1782895823.358028	-0.486823	-0.007283	1.299080	0.007109	0.005901	0.707404	-0.010407	-0.031335	-0.013267
1782895823.367816	-0.486919	-0.007307	1.299018	0.005268	0.007409	0.706240	-0.016736	-0.025738	-0.010024
1782895823.377632	-0.486919	-0.007307	1.299018	0.005268	0.007409	0.706240	-0.016736	-0.025738	-0.010024
1782895823.387595	-0.486898	-0.007484	1.298979	0.006240	0.008010	0.707070	-0.016736	-0.025738	-0.010024
1782895823.397575	-0.487016	-0.007811	1.298913	0.005779	0.007004	0.708019	-0.014047	-0.028703	0.002609
1782895823.445282	-0.487047	-0.008035	1.298970	0.005378	0.006496	0.707074	-0.007462	-0.028346	-0.000159
1782895823.486823	-0.487191	-0.008836	1.299402	0.001949	0.007119	0.705342	-0.014294	-0.023307	0.005134
1782895823.537718	-0.486608	-0.009286	1.299447	0.004905	0.015780	0.703643	0.008095	-0.019542	0.042230
1782895823.611422	-0.479907	-0.009639	1.296120	0.042890	0.131365	0.658338	0.056932	-0.033910	0.016339
1782895823.656901	-0.467342	-0.008900	1.283704	0.079215	0.251294	0.603483	0.192305	-0.074299	-0.132958
1782895823.690647	-0.455268	-0.007450	1.267914	0.088782	0.322103	0.564076	0.391359	-0.112667	-0.225622
1782895823.728084	-0.443097	-0.005611	1.253762	0.084774	0.355973	0.530489	0.456913	-0.120826	-0.241378
1782895823.785400	-0.428711	-0.002667	1.240529	0.074014	0.356302	0.503227	0.589495	-0.135580	-0.223389
1782895823.834501	-0.397723	0.004025	1.218162	0.063994	0.312107	0.469258	0.772774	-0.152161	-0.245203
1782895823.879252	-0.359119	0.012479	1.193573	0.055240	0.254691	0.440957	0.904149	-0.170587	-0.320096
1782895823.920647	-0.332942	0.018183	1.177597	0.053265	0.203053	0.418887	0.936461	-0.173478	-0.349283
1782895823.983039	-0.285715	0.028092	1.148188	0.045984	0.154467	0.399004	1.005227	-0.185199	-0.457078
1782895824.013485	-0.235258	0.038058	1.116042	0.034872	0.104625	0.374133	1.035822	-0.182632	-0.532288
1782895824.048013	-0.204119	0.043576	1.096587	0.028511	0.076385	0.359921	1.038134	-0.177483	-0.538391
1782895824.098119	-0.172601	0.049593	1.077418	0.019286	0.057628	0.345360	1.033113	-0.168741	-0.559850
1782895824.140292	-0.130344	0.056899	1.052859	0.013349	0.036766	0.329101	1.012081	-0.145205	-0.500016
1782895824.173255	-0.077860	0.065471	1.027080	0.008162	0.018392	0.306370	0.999678	-0.132931	-0.440325
1782895824.251230	-0.057166	0.068931	1.018430	0.008012	0.009751	0.298411	0.997111	-0.128309	-0.400824
1782895824.369730	0.023780	0.080387	0.994214	0.013440	-0.005050	0.270054	0.955279	-0.110251	-0.216332
1782895824.415645	0.118411	0.090471	0.984445	0.023798	-0.020059	0.236641	0.907781	-0.121924	-0.066238
1782895824.458683	0.136440	0.091718	0.984714	0.026409	-0.022858	0.231258	0.871323	-0.127060	-0.003566
1782895824.499931	0.188019	0.093718	0.989281	0.030132	-0.032097	0.216887	0.849147	-0.137832	0.007029
1782895824.542714	0.221106	0.093816	0.992943	0.028089	-0.035240	0.210402	0.832015	-0.154084	0.005354
1782895824.579225	0.252451	0.093374	0.995374	0.022959	-0.040339	0.201602	0.793384	-0.145008	-0.045614
1782895824.631150	0.275143	0.092554	0.995712	0.022597	-0.045618	0.194244	0.774752	-0.166810	-0.078011
1782895824.700959	0.311018	0.090443	0.993018	0.021732	-0.054816	0.184412	0.714801	-0.163553	-0.160097
1782895824.742572	0.351229	0.086656	0.984685	0.013233	-0.063506	0.174795	0.670222	-0.178047	-0.248777
1782895824.779407	0.376353	0.083701	0.975843	0.003802	-0.066215	0.169080	0.634544	-0.168291	-0.280275
1782895824.825561	0.394153	0.081730	0.968455	0.002346	-0.064773	0.164098	0.624304	-0.170190	-0.289701
1782895824.868814	0.416403	0.078152	0.957676	0.002385	-0.063699	0.156579	0.554010	-0.171117	-0.296381
1782895824.902189	0.431718	0.075223	0.949472	0.000348	-0.063474	0.153350	0.508793	-0.175543	-0.280876
1782895824.940213	0.450191	0.070986	0.939692	-0.000488	-0.061359	0.147644	0.484101	-0.175790	-0.256648
1782895824.980290	0.466155	0.066697	0.931152	0.003583	-0.054688	0.141789	0.407860	-0.174177	-0.203543
1782895825.019076	0.476653	0.063033	0.925515	-0.001619	-0.049657	0.138736	0.359829	-0.163303	-0.152910
1782895825.052450	0.488858	0.058720	0.919479	-0.000379	-0.040399	0.131445	0.315450	-0.155414	-0.125949
1782895825.090573	0.496478	0.055341	0.916075	-0.002918	-0.031732	0.126061	0.301662	-0.153633	-0.109523
1782895825.136693	0.503463	0.052109	0.912871	-0.010320	-0.023934	0.121182	0.257080	-0.139518	-0.082747
1782895825.198738	0.514425	0.046158	0.908275	-0.008363	-0.012863	0.110526	0.191053	-0.130386	-0.053382
1782895825.244746	0.518942	0.043354	0.906544	-0.002499	-0.007768	0.105095	0.160069	-0.123156	-0.041223
1782895825.279698	0.525455	0.038594	0.904088	-0.008685	0.003240	0.100202	0.135391	-0.128227	-0.026118
1782895825.314148	0.528586	0.035809	0.902954	-0.005319	0.010767	0.099052	0.118419	-0.128840	-0.012161
1782895825.355493	0.531619	0.033148	0.902290	-0.007013	0.015715	0.096065	0.103530	-0.125022	-0.012168
1782895825.396422	0.535165	0.029469	0.901167	-0.004202	0.020931	0.095064	0.074271	-0.123821	-0.005593
1782895825.432725	0.537326	0.026963	0.900291	-0.006445	0.025691	0.093277	0.074284	-0.125159	-0.004482
1782895825.474052	0.540082	0.023714	0.898578	-0.009107	0.033229	0.092477	0.048804	-0.114470	-0.021751
1782895825.514306	0.542067	0.021188	0.897201	-0.006843	0.039779	0.089937	0.041671	-0.118170	-0.033527
1782895825.558364	0.544256	0.018317	0.895514	-0.010066	0.044151	0.089931	0.023502	-0.107846	-0.013238
1782895825.599000	0.546604	0.015443	0.894050	-0.011088	0.052120	0.088236	0.006187	-0.100013	-0.016005
1782895825.630236	0.548888	0.012747	0.892353	-0.009307	0.057254	0.087152	-0.000057	-0.097616	-0.019320
1782895825.669894	0.550618	0.010693	0.891868	-0.008004	0.058230	0.087399	0.000083	-0.095712	-0.007923
1782895825.707439	0.552439	0.009131	0.891054	-0.009237	0.061441	0.088446	-0.005975	-0.094047	-0.000150
1782895825.781035	0.554490	0.007149	0.891070	-0.004424	0.061372	0.086805	-0.008231	-0.090057	0.004180
1782895825.835265	0.559913	0.003388	0.890852	0.000245	0.060347	0.086508	-0.002880	-0.087358	0.020088
1782895825.867252	0.564506	0.000775	0.891095	-0.010813	0.059261	0.084690	-0.009704	-0.076922	0.025882
1782895825.909138	0.566554	-0.000219	0.891456	-0.005643	0.058113	0.084483	-0.011887	-0.068327	0.016180
1782895825.943840	0.570628	-0.001813	0.892190	-0.006712	0.058131	0.082347	-0.009731	-0.068830	0.030875
1782895825.986081	0.574473	-0.003228	0.892866	-0.004767	0.054685	0.081510	-0.017526	-0.058889	0.051335
1782895826.020690	0.577555	-0.003982	0.893873	-0.007364	0.056625	0.079469	-0.027933	-0.048565	0.037415
1782895826.059742	0.581351	-0.005313	0.894812	-0.000306	0.053083	0.074959	-0.025719	-0.047304	0.040865
1782895826.101227	0.585227	-0.006482	0.895290	0.001527	0.052184	0.071187	-0.036962	-0.040046	0.034972
1782895826.142616	0.588187	-0.006945	0.895626	0.000124	0.054757	0.067524	-0.031985	-0.041893	0.023176
1782895826.178264	0.591794	-0.008159	0.895047	0.003163	0.054047	0.064904	-0.036481	-0.035327	0.000177
1782895826.216848	0.593825	-0.008376	0.894529	0.001310	0.056507	0.059059	-0.032389	-0.040217	-0.001732
1782895826.254639	0.597474	-0.009225	0.893153	0.000676	0.056683	0.057770	-0.040928	-0.032770	-0.017941
1782895826.298377	0.601016	-0.009938	0.891750	-0.001208	0.054130	0.055093	-0.042131	-0.030643	-0.019363
1782895826.329271	0.603862	-0.010717	0.890431	0.002592	0.056102	0.050386	-0.042678	-0.030056	0.005801
1782895826.364702	0.606235	-0.011305	0.889295	0.002434	0.055271	0.049560	-0.048549	-0.027497	-0.009999
1782895826.406238	0.608724	-0.012096	0.888405	-0.001592	0.054109	0.045605	-0.050870	-0.027194	0.002817
1782895826.438817	0.611706	-0.013075	0.886601	0.002300	0.051576	0.042942	-0.060445	-0.023404	-0.001643
1782895826.473037	0.613911	-0.013722	0.885777	0.004789	0.053722	0.040252	-0.061985	-0.028439	0.004900
1782895826.518685	0.616109	-0.014501	0.885015	0.006628	0.051881	0.039856	-0.066172	-0.023214	0.003328
1782895826.560869	0.618575	-0.015713	0.884346	0.001611	0.052355	0.036879	-0.070702	-0.023617	0.012582
1782895826.604571	0.620918	-0.016935	0.883953	-0.001003	0.051924	0.034847	-0.071652	-0.031026	0.016103
1782895826.634085	0.622900	-0.018480	0.884110	-0.001336	0.054855	0.033528	-0.069898	-0.036285	0.034999
1782895826.671350	0.624241	-0.019763	0.884403	0.003118	0.053923	0.032544	-0.076629	-0.034568	0.037562
1782895826.718228	0.625450	-0.021099	0.884644	0.006851	0.051402	0.032353	-0.072740	-0.042126	0.034388
1782895826.756828	0.626816	-0.023128	0.884973	0.006556	0.050576	0.031840	-0.078467	-0.042598	0.031830
1782895826.792850	0.627876	-0.025138	0.885098	-0.000022	0.051692	0.032869	-0.085409	-0.039734	0.040366
1782895826.877012	0.628651	-0.026715	0.885533	0.005531	0.052701	0.030159	-0.083268	-0.043624	0.026876
1782895826.937876	0.629614	-0.030326	0.885149	-0.002243	0.055115	0.027664	-0.092015	-0.035993	0.023669
1782895826.968787	0.630016	-0.033336	0.884380	-0.006776	0.054860	0.023623	-0.097874	-0.027809	0.002380
1782895827.012284	0.629763	-0.034822	0.883295	-0.008426	0.056027	0.021053	-0.093580	-0.027840	-0.001925
1782895827.057155	0.629862	-0.036354	0.882032	-0.011758	0.054382	0.017770	-0.101014	-0.021834	-0.017111
1782895827.095548	0.629366	-0.037603	0.880682	-0.013960	0.057753	0.014422	-0.100249	-0.012641	-0.020074
1782895827.131091	0.628968	-0.038679	0.879644	-0.012994	0.054859	0.013273	-0.095233	-0.012934	-0.003771
1782895827.177606	0.628414	-0.039779	0.878950	-0.009114	0.058314	0.009589	-0.102528	-0.001866	0.000995
1782895827.224699	0.627776	-0.040242	0.878885	-0.013592	0.057228	0.009134	-0.100665	0.000271	0.006449
1782895827.353271	0.626843	-0.041083	0.878489	-0.011619	0.056866	0.003573	-0.100972	0.003999	0.007411
1782895827.439055	0.623615	-0.042442	0.878807	-0.006655	0.055326	-0.000682	-0.098784	0.010502	0.010338
1782895827.473934	0.621429	-0.043187	0.879661	-0.000472	0.057146	-0.003957	-0.093785	0.001608	0.038363
1782895827.509633	0.620637	-0.043654	0.880413	0.000084	0.059564	-0.003662	-0.092961	0.002811	0.023137
1782895827.552624	0.618935	-0.044525	0.881532	0.003088	0.055843	-0.004739	-0.091617	0.000134	0.016326
1782895827.598593	0.617987	-0.045057	0.882345	-0.001419	0.058109	-0.005926	-0.086345	0.000712	0.030030
1782895827.640757	0.616646	-0.045542	0.882722	-0.006951	0.057935	-0.005397	-0.087816	0.002430	0.007245
1782895827.675316	0.615052	-0.046480	0.882844	-0.000932	0.056963	-0.007234	-0.083253	0.001970	-0.004900
1782895827.709762	0.614163	-0.046833	0.882794	-0.001999	0.057013	-0.008524	-0.089345	0.006866	-0.003323
1782895827.749454	0.612888	-0.047360	0.882523	-0.001363	0.056097	-0.010367	-0.078972	0.006578	-0.009659
1782895827.786124	0.611452	-0.048009	0.881676	-0.001080	0.058821	-0.013838	-0.077333	0.009000	-0.000875
1782895827.824971	0.610791	-0.048260	0.881240	-0.002818	0.057466	-0.014474	-0.076179	0.007886	-0.006294
1782895827.866760	0.609661	-0.048734	0.881310	-0.007050	0.061056	-0.016959	-0.073896	0.009732	0.019716
1782895827.899954	0.608802	-0.049041	0.881209	-0.008406	0.061546	-0.017409	-0.075239	0.016986	0.009193
1782895827.986787	0.607924	-0.049422	0.881389	-0.008574	0.062288	-0.019300	-0.066874	0.014591	0.020027
1782895828.030242	0.606454	-0.049900	0.882140	-0.001461	0.060383	-0.022709	-0.054086	0.013755	0.002509
1782895828.076747	0.605933	-0.050755	0.882981	-0.000663	0.060343	-0.022512	-0.041357	0.005688	0.024457
1782895828.115232	0.605514	-0.051349	0.883359	-0.000949	0.058588	-0.022507	-0.044487	0.008187	0.018940
1782895828.161368	0.605315	-0.052063	0.884355	0.000272	0.058063	-0.024836	-0.032428	0.001732	0.013282
1782895828.193422	0.605036	-0.053095	0.884968	0.000405	0.055937	-0.024011	-0.028489	-0.005726	0.020420
1782895828.230477	0.604827	-0.053857	0.885666	-0.001740	0.056657	-0.026615	-0.032136	-0.005094	0.016941
1782895828.276966	0.604551	-0.055226	0.886329	-0.000000	0.052973	-0.027098	-0.026445	-0.008546	0.022342
1782895828.309834	0.604430	-0.056116	0.886604	-0.004305	0.052896	-0.027459	-0.026758	-0.009930	0.027368
1782895828.346455	0.604120	-0.057390	0.887283	-0.005503	0.052732	-0.026934	-0.031725	-0.002757	0.011462
1782895828.384913	0.604047	-0.058346	0.887367	-0.009322	0.052376	-0.025545	-0.026629	-0.009464	0.025963
1782895828.426149	0.603702	-0.059264	0.887654	-0.009882	0.052055	-0.027079	-0.030389	-0.002610	0.004897
1782895828.464428	0.603254	-0.060249	0.887452	-0.015471	0.051057	-0.026060	-0.019855	-0.004374	0.003894
1782895828.505503	0.603150	-0.061034	0.887501	-0.013872	0.052949	-0.027633	-0.027742	0.003099	0.002468
1782895828.545911	0.602839	-0.062046	0.887190	-0.013466	0.049304	-0.028532	-0.022197	0.004345	-0.008782
1782895828.587020	0.602445	-0.062758	0.886455	-0.011410	0.049615	-0.030076	-0.024073	0.011174	-0.008056
1782895828.625719	0.602079	-0.063187	0.885952	-0.010651	0.051636	-0.032293	-0.022782	0.008883	-0.012137
1782895828.660977	0.601413	-0.063563	0.885033	-0.009546	0.050255	-0.031497	-0.022233	0.013562	0.003811
1782895828.697470	0.600909	-0.063920	0.884443	-0.004154	0.049312	-0.032975	-0.024780	0.017960	-0.018799
1782895828.744297	0.600593	-0.064136	0.884018	-0.009461	0.050742	-0.033373	-0.021391	0.015402	0.001593
1782895828.781229	0.600149	-0.064697	0.883527	-0.007289	0.050391	-0.035937	-0.018099	0.016247	-0.003008
1782895828.818236	0.599877	-0.064924	0.883584	-0.005511	0.051483	-0.037280	-0.012420	0.010969	0.000929
1782895828.859383	0.599518	-0.065168	0.883662	-0.000751	0.049932	-0.038615	-0.008879	0.012957	0.017602
1782895828.902346	0.599227	-0.065673	0.884290	-0.005974	0.051897	-0.040102	-0.012751	0.016884	0.007411
1782895828.933574	0.598709	-0.065779	0.884790	-0.010745	0.050728	-0.040734	-0.004615	0.010274	0.020903
1782895828.972952	0.598546	-0.066117	0.885684	-0.008481	0.052677	-0.041020	-0.014301	0.017720	0.018757
1782895829.040583	0.598229	-0.066392	0.886395	-0.013614	0.051517	-0.041857	-0.004863	0.013239	0.025409
1782895829.109676	0.597888	-0.066787	0.887088	-0.011321	0.051039	-0.044517	-0.005995	0.019444	0.009670
1782895829.157605	0.597525	-0.066842	0.886907	-0.008874	0.051497	-0.046557	-0.004083	0.019736	-0.001106
1782895829.200331	0.597241	-0.066865	0.886472	-0.007340	0.051934	-0.045945	-0.005556	0.028411	-0.005418
1782895829.238516	0.597149	-0.066602	0.885864	-0.008647	0.052958	-0.044988	-0.000125	0.026393	-0.021052
1782895829.279733	0.597130	-0.066363	0.885394	-0.006908	0.053596	-0.044483	0.006099	0.024814	0.002313
1782895829.315847	0.597191	-0.066031	0.885060	-0.006022	0.051649	-0.043222	0.006440	0.026415	-0.017337
