时间(s)	位置x(m)	位置y(m)	位置z(m)	欧拉角roll(rad)	欧拉角pitch(rad)	欧拉角yaw(rad)	速度x(m/s)	速度y(m/s)	速度z(m/s)
1782895770.261734	-0.549722	-0.017173	1.282065	0.000827	0.005317	0.000128	-0.005211	0.008408	-0.037590
1782895770.272099	-0.549885	-0.017042	1.281789	0.005498	0.004933	0.000296	-0.005562	0.010231	-0.047510
1782895770.283578	-0.549954	-0.016798	1.281572	0.005244	0.003851	-0.000407	-0.005562	0.010231	-0.047510
1782895770.297879	-0.549954	-0.016798	1.281572	0.005244	0.003851	-0.000407	-0.005562	0.010231	-0.047510
1782895770.304106	-0.550071	-0.016600	1.281120	0.003408	0.003843	-0.001245	-0.007216	0.003608	-0.042198
1782895770.311157	-0.550134	-0.016356	1.280610	0.004101	0.004613	0.000674	-0.007216	0.003608	-0.042198
1782895770.321273	-0.550134	-0.016356	1.280610	0.004101	0.004613	0.000674	-0.000369	0.006728	-0.036902
1782895770.335239	-0.550134	-0.016356	1.280610	0.004101	0.004613	0.000674	-0.000369	0.006728	-0.036902
1782895770.341408	-0.550520	-0.015857	1.279382	0.002360	0.006647	0.009764	-0.001453	-0.000541	-0.024345
1782895770.354276	-0.550716	-0.015803	1.279258	-0.000440	0.007882	0.012887	-0.002078	0.005414	0.004673
1782895770.361343	-0.550803	-0.015415	1.279274	0.001511	0.007748	0.016048	-0.002078	0.005414	0.004673
1782895770.371245	-0.550895	-0.015208	1.279470	0.002400	0.007385	0.017621	-0.000452	0.004411	0.022703
1782895770.381310	-0.550895	-0.015208	1.279470	0.002400	0.007385	0.017621	-0.000452	0.004411	0.022703
1782895770.391567	-0.551143	-0.015002	1.279888	-0.000484	0.005958	0.020179	-0.000452	0.004411	0.022703
1782895770.402269	-0.551222	-0.014994	1.280316	-0.000212	0.007255	0.024146	0.000673	0.006384	0.060337
1782895770.411190	-0.551318	-0.014758	1.280885	-0.000282	0.007974	0.025687	0.000673	0.006384	0.060337
1782895770.421322	-0.551378	-0.014403	1.281591	0.003489	0.006491	0.028966	-0.003107	0.009508	0.060723
1782895770.431730	-0.551539	-0.014149	1.282465	0.004496	0.006161	0.031402	0.000404	0.005640	0.083914
1782895770.442166	-0.551474	-0.014055	1.283265	0.005778	0.007345	0.035416	0.000404	0.005640	0.083914
1782895770.453626	-0.551727	-0.013934	1.284285	-0.001608	0.008605	0.037328	0.002336	0.006665	0.077090
1782895770.462041	-0.551693	-0.013715	1.285520	0.008524	0.005702	0.040249	0.002336	0.006665	0.077090
1782895770.472138	-0.551850	-0.013525	1.286306	0.004257	0.007411	0.041718	0.002336	0.006665	0.077090
1782895770.482942	-0.551935	-0.013410	1.287188	0.005310	0.007516	0.046160	-0.000745	0.006778	0.082866
1782895770.492309	-0.551935	-0.013410	1.287188	0.005310	0.007516	0.046160	0.005746	0.004994	0.076710
1782895770.502117	-0.551993	-0.013365	1.288189	0.006868	0.004710	0.050251	0.005746	0.004994	0.076710
1782895770.514054	-0.552177	-0.013108	1.289171	0.004380	0.005799	0.051072	0.005106	0.003444	0.064034
1782895770.522114	-0.552181	-0.012993	1.289758	0.003136	0.005697	0.054605	0.005106	0.003444	0.064034
1782895770.533406	-0.552194	-0.012652	1.290777	0.004335	0.007556	0.057567	0.000786	0.003457	0.055173
1782895770.542625	-0.552336	-0.012512	1.291601	0.001564	0.008235	0.058997	0.000786	0.003457	0.055173
1782895770.554985	-0.552445	-0.012265	1.292058	0.002405	0.007606	0.062986	0.006456	0.002383	0.045145
1782895770.562633	-0.552439	-0.012148	1.292789	0.003694	0.007683	0.066204	0.006456	0.002383	0.045145
1782895770.571730	-0.552492	-0.011972	1.293208	0.001349	0.008752	0.069790	0.007735	-0.002955	0.035108
1782895770.581672	-0.552600	-0.011806	1.293557	0.003600	0.008458	0.073524	0.007735	-0.002955	0.035108
1782895770.592001	-0.552600	-0.011806	1.293557	0.003600	0.008458	0.073524	0.002729	0.000786	0.027432
1782895770.601657	-0.552402	-0.011622	1.293982	0.005344	0.007682	0.074813	0.002729	0.000786	0.027432
1782895770.612978	-0.552447	-0.011565	1.294501	0.004188	0.010167	0.078275	0.006705	0.002764	0.021271
1782895770.622035	-0.552588	-0.011273	1.294886	0.004996	0.009647	0.081517	0.006705	0.002764	0.021271
1782895770.632065	-0.552745	-0.011109	1.295078	0.003063	0.009494	0.083808	0.010072	-0.001740	0.019876
1782895770.642058	-0.552616	-0.011152	1.295186	0.000247	0.010499	0.088605	0.010072	-0.001740	0.019876
1782895770.653688	-0.552572	-0.010927	1.295350	-0.000358	0.010020	0.091303	0.006303	0.000692	0.012974
1782895770.663296	-0.552623	-0.010718	1.295603	-0.000467	0.009784	0.093810	0.006303	0.000692	0.012974
1782895770.672705	-0.552545	-0.010441	1.295732	-0.001961	0.011094	0.097503	0.011113	0.001419	0.010982
1782895770.684464	-0.552512	-0.010317	1.295930	0.000373	0.010264	0.098839	0.011113	0.001419	0.010982
1782895770.691762	-0.552464	-0.010204	1.295868	0.001178	0.010388	0.102843	0.014984	-0.003661	0.009760
1782895770.701671	-0.552464	-0.010204	1.295868	0.001178	0.010388	0.102843	0.014984	-0.003661	0.009760
1782895770.713800	-0.552471	-0.010129	1.295930	0.000731	0.009427	0.106150	0.013245	0.000790	-0.003121
1782895770.723110	-0.552452	-0.009920	1.296097	0.001732	0.009874	0.109544	0.013245	0.000790	-0.003121
1782895770.732636	-0.552295	-0.009687	1.295987	-0.000479	0.011047	0.113744	0.019975	-0.000819	0.004156
1782895770.742281	-0.552339	-0.009620	1.296096	-0.000220	0.010353	0.116910	0.019975	-0.000819	0.004156
1782895770.755147	-0.552236	-0.009386	1.295989	0.001767	0.009750	0.119070	0.020825	-0.003518	-0.008239
1782895770.762449	-0.552061	-0.009316	1.295989	0.001685	0.009907	0.121218	0.020825	-0.003518	-0.008239
1782895770.772472	-0.551968	-0.009152	1.295938	0.000461	0.010367	0.124389	0.020229	0.000285	-0.006631
1782895770.781645	-0.551929	-0.008895	1.295969	0.003224	0.008319	0.127152	0.020229	0.000285	-0.006631
1782895770.791555	-0.551910	-0.008838	1.295952	0.004029	0.006876	0.130467	0.027773	-0.003786	-0.004146
1782895770.801826	-0.551910	-0.008838	1.295952	0.004029	0.006876	0.130467	0.027773	-0.003786	-0.004146
1782895770.812961	-0.551659	-0.008512	1.295915	0.005577	0.007005	0.134514	0.023809	-0.001745	-0.005717
1782895770.822745	-0.551663	-0.008369	1.295863	0.007274	0.006563	0.136508	0.023809	-0.001745	-0.005717
1782895770.834096	-0.551468	-0.008398	1.295897	0.006416	0.007788	0.139375	0.029887	-0.000450	0.006093
1782895770.842527	-0.551238	-0.008308	1.295792	0.005292	0.008162	0.144185	0.029887	-0.000450	0.006093
1782895770.854766	-0.551092	-0.008020	1.295758	0.004262	0.007691	0.147049	0.027978	-0.002565	0.004318
1782895770.862370	-0.550803	-0.007883	1.295911	0.003019	0.008453	0.150479	0.027978	-0.002565	0.004318
1782895770.873495	-0.550618	-0.007700	1.295913	0.004626	0.008310	0.152773	0.030474	-0.000261	0.015374
1782895770.882868	-0.550618	-0.007700	1.295913	0.004626	0.008310	0.152773	0.030474	-0.000261	0.015374
1782895770.892946	-0.550092	-0.007251	1.296116	0.004100	0.008875	0.158589	0.032253	-0.003628	0.015294
1782895770.902073	-0.550092	-0.007251	1.296116	0.004100	0.008875	0.158589	0.032253	-0.003628	0.015294
1782895770.912017	-0.549887	-0.007117	1.296398	0.000747	0.009407	0.161872	0.032365	-0.000786	0.018384
1782895770.922065	-0.549775	-0.006927	1.296514	0.001347	0.010233	0.164792	0.032365	-0.000786	0.018384
1782895770.935091	-0.549573	-0.006884	1.296709	0.001505	0.009220	0.168543	0.032365	-0.000786	0.018384
1782895770.941739	-0.549191	-0.006532	1.296877	0.002299	0.009115	0.172157	0.038633	-0.001397	0.016552
1782895770.953394	-0.548890	-0.006493	1.297086	0.002513	0.008354	0.175549	0.035111	-0.002595	0.014002
1782895770.961914	-0.548546	-0.006464	1.297156	0.002894	0.008979	0.179632	0.035111	-0.002595	0.014002
1782895770.972066	-0.548365	-0.006162	1.297291	0.001345	0.008678	0.181942	0.041368	-0.002756	0.017981
1782895770.983227	-0.548093	-0.005880	1.297415	0.000786	0.010319	0.183799	0.041368	-0.002756	0.017981
1782895770.993834	-0.548093	-0.005880	1.297415	0.000786	0.010319	0.183799	0.041368	-0.002756	0.017981
1782895771.001855	-0.547680	-0.005647	1.297699	0.003050	0.010047	0.186725	0.041331	-0.003540	0.007289
1782895771.011679	-0.547342	-0.005439	1.297704	0.005016	0.009834	0.189761	0.041331	-0.003540	0.007289
1782895771.021825	-0.547077	-0.005412	1.297724	0.003638	0.009192	0.192803	0.041117	-0.002545	0.007536
1782895771.034871	-0.546666	-0.005174	1.297785	0.002004	0.010168	0.196802	0.041117	-0.002545	0.007536
1782895771.043964	-0.546400	-0.004950	1.297680	-0.001872	0.010468	0.200518	0.049360	-0.002221	0.000331
1782895771.054277	-0.546093	-0.004728	1.297565	-0.002683	0.009339	0.203060	0.046549	-0.002427	-0.008472
1782895771.061984	-0.545652	-0.004516	1.297400	0.002283	0.008797	0.206679	0.046549	-0.002427	-0.008472
1782895771.071696	-0.545323	-0.004285	1.297520	0.000724	0.008238	0.208727	0.049881	-0.003738	-0.007927
1782895771.081728	-0.544912	-0.003948	1.297527	0.003927	0.006738	0.211618	0.049881	-0.003738	-0.007927
1782895771.092467	-0.544912	-0.003948	1.297527	0.003927	0.006738	0.211618	0.049881	-0.003738	-0.007927
1782895771.101889	-0.544591	-0.003798	1.297426	0.003532	0.007213	0.213626	0.053661	-0.005333	-0.024836
1782895771.113878	-0.544258	-0.003609	1.297226	0.002323	0.007333	0.217033	0.053661	-0.005333	-0.024836
1782895771.121824	-0.543793	-0.003353	1.296961	0.003827	0.006374	0.219909	0.045901	-0.000527	-0.029846
1782895771.131888	-0.543434	-0.003244	1.296713	0.005943	0.004691	0.223702	0.045901	-0.000527	-0.029846
1782895771.143728	-0.543183	-0.003181	1.296432	0.002878	0.004093	0.226371	0.053216	-0.003320	-0.024309
1782895771.152569	-0.542608	-0.002925	1.296108	-0.003468	0.004964	0.229042	0.052566	-0.003287	-0.040194
1782895771.162040	-0.542276	-0.002628	1.295927	-0.002260	0.005230	0.230966	0.052566	-0.003287	-0.040194
1782895771.172197	-0.541810	-0.002230	1.295563	0.001377	0.003099	0.233294	0.047491	0.002151	-0.028475
1782895771.181907	-0.541390	-0.002077	1.295417	0.002094	0.002113	0.235363	0.047491	0.002151	-0.028475
1782895771.192764	-0.541390	-0.002077	1.295417	0.002094	0.002113	0.235363	0.047491	0.002151	-0.028475
1782895771.202193	-0.540976	-0.001795	1.295311	-0.000680	0.002683	0.238440	0.054412	-0.006631	-0.024031
1782895771.211616	-0.540609	-0.001624	1.295151	0.001129	0.002331	0.240471	0.054412	-0.006631	-0.024031
1782895771.221666	-0.540246	-0.001442	1.294953	0.001747	0.002178	0.241961	0.047945	0.003270	-0.029605
1782895771.231680	-0.539692	-0.001160	1.294731	0.002398	0.000311	0.247358	0.047945	0.003270	-0.029605
1782895771.241735	-0.539351	-0.000907	1.294578	-0.000388	0.001959	0.250310	0.051900	-0.002652	-0.003029
1782895771.252376	-0.539146	-0.000675	1.294634	0.001155	0.001131	0.252091	0.048276	0.003007	-0.016963
1782895771.262028	-0.538737	-0.000410	1.294621	-0.000775	0.001355	0.255086	0.048276	0.003007	-0.016963
1782895771.272354	-0.538367	-0.000135	1.294563	0.001155	0.000220	0.259855	0.049746	0.003591	0.014810
1782895771.281825	-0.538088	0.000091	1.294568	0.002551	0.000495	0.261032	0.049746	0.003591	0.014810
1782895771.292320	-0.538088	0.000091	1.294568	0.002551	0.000495	0.261032	0.049746	0.003591	0.014810
1782895771.308137	-0.537509	0.000314	1.294776	0.001272	0.000808	0.264029	0.051164	-0.000365	0.018337
1782895771.315763	-0.537123	0.000719	1.294994	-0.000962	0.001335	0.266422	0.051164	-0.000365	0.018337
1782895771.322457	-0.536808	0.001001	1.295380	0.001111	0.001308	0.269095	0.047896	0.006896	0.018830
1782895771.333639	-0.536494	0.001220	1.295465	0.002578	0.000849	0.271776	0.047896	0.006896	0.018830
1782895771.341597	-0.536056	0.001496	1.295745	0.002173	0.001971	0.275382	0.051735	0.000982	0.031698
1782895771.354327	-0.535628	0.001807	1.296199	0.000448	0.001160	0.278119	0.047615	0.004044	0.026203
1782895771.362219	-0.535380	0.002208	1.296428	0.003315	0.001171	0.280809	0.047615	0.004044	0.026203
1782895771.372246	-0.534971	0.002414	1.296781	0.002862	0.000148	0.284940	0.051892	0.003404	0.042469
1782895771.382009	-0.534971	0.002414	1.296781	0.002862	0.000148	0.284940	0.051892	0.003404	0.042469
1782895771.391114	-0.534251	0.002953	1.297858	-0.001465	0.003552	0.290452	0.051892	0.003404	0.042469
1782895771.401404	-0.534251	0.002953	1.297858	-0.001465	0.003552	0.290452	0.049502	0.003064	0.030146
1782895771.411677	-0.534041	0.003152	1.298072	-0.000206	0.002927	0.292960	0.049502	0.003064	0.030146
1782895771.422568	-0.533586	0.003533	1.298427	0.000997	0.002112	0.295178	0.050313	0.006642	0.030623
1782895771.431019	-0.533286	0.003941	1.298771	0.005664	0.001684	0.297884	0.050313	0.006642	0.030623
1782895771.441264	-0.532787	0.004266	1.299142	0.003155	0.002727	0.299767	0.053234	0.002969	0.022286
1782895771.453175	-0.532321	0.004625	1.299509	0.004500	0.002907	0.301870	0.048182	0.002321	0.015417
1782895771.461687	-0.532098	0.004741	1.299766	0.001631	0.003103	0.305058	0.048182	0.002321	0.015417
1782895771.472749	-0.531787	0.004941	1.299912	-0.000280	0.003373	0.308091	0.051077	0.003356	0.009954
1782895771.481107	-0.531539	0.005243	1.300096	0.004785	0.001103	0.313060	0.051077	0.003356	0.009954
1782895771.492113	-0.531109	0.005493	1.300122	0.004512	0.000745	0.314818	0.051077	0.003356	0.009954
1782895771.501154	-0.531109	0.005493	1.300122	0.004512	0.000745	0.314818	0.049635	0.001459	-0.002200
1782895771.511234	-0.530701	0.005837	1.300052	0.010705	-0.000269	0.317369	0.044787	0.003591	-0.007262
1782895771.521914	-0.530383	0.006084	1.300199	0.007682	0.000378	0.319501	0.044787	0.003591	-0.007262
1782895771.531746	-0.529907	0.006501	1.300205	0.009081	0.000720	0.321316	0.044787	0.003591	-0.007262
1782895771.541828	-0.529676	0.006800	1.300185	0.010659	0.000904	0.324865	0.049816	0.002149	-0.010355
1782895771.552935	-0.529274	0.006942	1.300067	0.004877	0.000444	0.328004	0.046668	0.000901	-0.028369
1782895771.562419	-0.528994	0.007243	1.299749	0.004296	0.001238	0.330033	0.046668	0.000901	-0.028369
1782895771.575606	-0.528707	0.007513	1.299605	0.002339	-0.001230	0.333630	0.038375	0.003025	-0.025957
1782895771.581623	-0.528313	0.007876	1.299274	0.006762	-0.001737	0.335574	0.038375	0.003025	-0.025957
1782895771.598085	-0.528313	0.007876	1.299274	0.006762	-0.001737	0.335574	0.038375	0.003025	-0.025957
1782895771.603841	-0.527857	0.007998	1.298966	0.006162	-0.001722	0.336904	0.046376	-0.002561	-0.022605
1782895771.615374	-0.527546	0.008544	1.298684	0.006572	-0.000475	0.339750	0.046376	-0.002561	-0.022605
1782895771.622252	-0.527298	0.008770	1.298478	0.002482	0.001580	0.340970	0.042124	0.000442	-0.041102
1782895771.634284	-0.527100	0.008930	1.298007	0.006031	-0.000238	0.342614	0.042124	0.000442	-0.041102
1782895771.641721	-0.526621	0.009182	1.297552	0.007459	-0.002126	0.346380	0.040386	0.001898	-0.026386
1782895771.653069	-0.526279	0.009471	1.297273	0.007948	-0.004339	0.349645	0.044764	-0.004814	-0.024375
1782895771.661762	-0.526026	0.009679	1.296979	0.002420	-0.003433	0.351296	0.044764	-0.004814	-0.024375
1782895771.672270	-0.525918	0.009793	1.296663	0.007194	-0.004026	0.353959	0.044764	-0.004814	-0.024375
1782895771.682292	-0.525564	0.010068	1.296429	0.008279	-0.005336	0.357475	0.037473	0.000616	-0.025944
1782895771.691568	-0.525225	0.010414	1.296150	0.006586	-0.002708	0.360038	0.037473	0.000616	-0.025944
1782895771.701779	-0.525225	0.010414	1.296150	0.006586	-0.002708	0.360038	0.042001	-0.004618	-0.002235
1782895771.711913	-0.524878	0.010674	1.296119	0.006625	-0.003014	0.361350	0.042001	-0.004618	-0.002235
1782895771.721949	-0.524711	0.010937	1.296054	0.008526	-0.003661	0.362931	0.038570	-0.001765	-0.013807
1782895771.738454	-0.524325	0.011018	1.295857	0.012353	-0.004171	0.365455	0.038570	-0.001765	-0.013807
1782895771.743688	-0.523953	0.011234	1.295705	0.006134	-0.002791	0.368683	0.040060	-0.003357	0.013380
1782895771.754467	-0.523529	0.011608	1.295716	0.007315	-0.002848	0.371428	0.037293	-0.006222	0.007281
1782895771.761782	-0.523346	0.011785	1.295756	0.006373	-0.002865	0.373985	0.037293	-0.006222	0.007281
1782895771.772265	-0.523082	0.011929	1.295967	0.008853	-0.003711	0.376639	0.035556	-0.002562	0.021636
1782895771.781744	-0.522901	0.012077	1.296138	0.009074	-0.004219	0.379864	0.035556	-0.002562	0.021636
1782895771.796214	-0.522901	0.012077	1.296138	0.009074	-0.004219	0.379864	0.035556	-0.002562	0.021636
1782895771.801592	-0.522480	0.012063	1.296518	0.008150	-0.002065	0.382073	0.036097	-0.007753	0.025625
1782895771.811797	-0.522295	0.012408	1.296761	0.010121	-0.001878	0.385503	0.034066	-0.003870	0.030092
1782895771.821844	-0.522058	0.012653	1.296939	0.010305	-0.001190	0.387438	0.034066	-0.003870	0.030092
1782895771.836739	-0.521757	0.012862	1.297358	0.010942	-0.002638	0.389314	0.036924	-0.004997	0.030795
1782895771.842106	-0.521547	0.013114	1.297738	0.010670	-0.002635	0.391825	0.036924	-0.004997	0.030795
1782895771.853774	-0.521282	0.013278	1.298030	0.006285	-0.001332	0.394472	0.030046	-0.006072	0.031213
1782895771.862441	-0.520847	0.013448	1.298303	0.006042	-0.000061	0.396737	0.030046	-0.006072	0.031213
1782895771.874309	-0.520532	0.013480	1.298597	0.006295	0.001403	0.399168	0.034668	-0.007814	0.030432
1782895771.882196	-0.520506	0.013747	1.298752	0.007835	0.000809	0.403108	0.034668	-0.007814	0.030432
1782895771.894151	-0.520506	0.013747	1.298752	0.007835	0.000809	0.403108	0.034668	-0.007814	0.030432
1782895771.902081	-0.520237	0.013947	1.298979	0.009242	-0.001211	0.405546	0.033455	-0.008916	0.013511
1782895771.912615	-0.519922	0.013883	1.299114	0.007278	-0.001860	0.407859	0.033455	-0.008916	0.013511
1782895771.923465	-0.519597	0.014131	1.299252	0.009403	-0.002448	0.410145	0.024606	-0.006681	0.011152
1782895771.933546	-0.519388	0.014252	1.299463	0.009993	-0.001768	0.410763	0.024606	-0.006681	0.011152
1782895771.942223	-0.519143	0.014325	1.299542	0.008787	-0.001340	0.413025	0.032181	-0.012008	0.009707
1782895771.953215	-0.518905	0.014511	1.299475	0.007707	-0.000484	0.415251	0.033753	-0.015289	-0.012310
1782895771.961887	-0.518711	0.014541	1.299319	0.008975	-0.002533	0.417137	0.033753	-0.015289	-0.012310
1782895771.973392	-0.518397	0.014558	1.298991	0.008342	-0.004246	0.420982	0.026816	-0.010780	-0.022908
1782895771.981670	-0.518160	0.014806	1.298670	0.006017	-0.002306	0.422874	0.026816	-0.010780	-0.022908
1782895771.992072	-0.518160	0.014806	1.298670	0.006017	-0.002306	0.422874	0.030302	-0.016429	-0.014992
1782895772.004158	-0.517940	0.014972	1.298473	0.008295	-0.002504	0.424688	0.030302	-0.016429	-0.014992
1782895772.012115	-0.517687	0.014960	1.298265	0.005083	-0.002217	0.426391	0.030302	-0.016429	-0.014992
1782895772.022063	-0.517438	0.015216	1.298038	0.007410	-0.002671	0.427578	0.030461	-0.018835	-0.024686
1782895772.031586	-0.517197	0.015198	1.297722	0.009216	-0.002642	0.430426	0.030461	-0.018835	-0.024686
1782895772.042953	-0.517103	0.015266	1.297468	0.011007	-0.002495	0.432584	0.026419	-0.013006	-0.020743
1782895772.056173	-0.516822	0.015432	1.297203	0.008802	-0.002588	0.435758	0.029099	-0.017795	-0.011162
1782895772.062567	-0.516812	0.015360	1.296897	0.006476	-0.002383	0.437868	0.029099	-0.017795	-0.011162
1782895772.072446	-0.516499	0.015436	1.296584	0.003958	-0.002376	0.440649	0.022996	-0.014913	-0.007880
1782895772.081399	-0.516348	0.015525	1.296302	0.004744	-0.001064	0.442102	0.022996	-0.014913	-0.007880
1782895772.091663	-0.516348	0.015525	1.296302	0.004744	-0.001064	0.442102	0.022996	-0.014913	-0.007880
1782895772.101676	-0.516195	0.015691	1.296189	0.003533	-0.000042	0.444271	0.025676	-0.016791	0.002845
1782895772.113321	-0.515911	0.015613	1.296164	0.002046	-0.000406	0.447604	0.025676	-0.016791	0.002845
1782895772.121878	-0.515911	0.015613	1.296164	0.002046	-0.000406	0.447604	0.019951	-0.017100	0.004877
1782895772.132810	-0.515553	0.015902	1.296072	0.004152	0.000065	0.451025	0.019951	-0.017100	0.004877
1782895772.141443	-0.515390	0.015919	1.296136	0.003973	-0.000173	0.452557	0.020997	-0.015442	0.017760
1782895772.151714	-0.515120	0.015994	1.296350	0.003399	-0.000295	0.454612	0.017791	-0.015880	0.013703
1782895772.163844	-0.514908	0.016007	1.296482	0.006528	-0.001224	0.456127	0.017791	-0.015880	0.013703
1782895772.174367	-0.514781	0.015892	1.296496	0.007920	-0.002001	0.458164	0.016248	-0.016157	0.024029
1782895772.183011	-0.514604	0.015962	1.296580	0.008411	-0.001508	0.460774	0.016248	-0.016157	0.024029
1782895772.193568	-0.514604	0.015962	1.296580	0.008411	-0.001508	0.460774	0.016248	-0.016157	0.024029
1782895772.202099	-0.514296	0.015905	1.296717	0.007502	-0.001222	0.464234	0.019703	-0.017111	0.012079
1782895772.216312	-0.514234	0.015974	1.296801	0.006589	-0.000888	0.465562	0.019703	-0.017111	0.012079
1782895772.222205	-0.514264	0.016103	1.296902	0.008362	-0.001673	0.467117	0.013284	-0.014540	0.009197
1782895772.233694	-0.513960	0.016107	1.296905	0.009899	-0.000879	0.469096	0.013284	-0.014540	0.009197
1782895772.243705	-0.513717	0.016189	1.296741	0.009518	-0.000088	0.470177	0.018574	-0.018277	0.010518
1782895772.254696	-0.513555	0.016266	1.296670	0.008635	0.000527	0.471495	0.018574	-0.018277	0.010518
1782895772.261434	-0.513360	0.016283	1.296728	0.007281	0.000931	0.473007	0.021718	-0.021230	-0.008659
1782895772.272583	-0.513185	0.016393	1.296518	0.007178	0.000603	0.475510	0.013458	-0.015830	-0.014307
1782895772.281726	-0.513050	0.016386	1.296323	0.008912	-0.000659	0.477683	0.013458	-0.015830	-0.014307
1782895772.291774	-0.513050	0.016386	1.296323	0.008912	-0.000659	0.477683	0.016299	-0.019596	-0.007069
1782895772.302127	-0.512754	0.016298	1.296109	0.009509	0.000467	0.479654	0.016299	-0.019596	-0.007069
1782895772.311801	-0.512663	0.016270	1.295886	0.006734	0.001139	0.481837	0.016299	-0.019596	-0.007069
1782895772.322313	-0.512596	0.016409	1.295794	0.006794	0.001861	0.482345	0.019809	-0.022978	-0.014814
1782895772.335960	-0.512435	0.016474	1.295615	0.005469	0.002211	0.483442	0.019809	-0.022978	-0.014814
1782895772.342914	-0.512125	0.016411	1.295156	0.003978	0.001542	0.485741	0.019809	-0.022978	-0.014814
1782895772.351781	-0.512125	0.016411	1.295156	0.003978	0.001542	0.485741	0.016404	-0.020874	0.006169
1782895772.361178	-0.511886	0.016566	1.294870	0.009013	0.000061	0.489007	0.016404	-0.020874	0.006169
1782895772.373992	-0.511767	0.016520	1.294788	0.008115	-0.001069	0.491869	0.012444	-0.016875	-0.008411
1782895772.381790	-0.511731	0.016607	1.294649	0.006950	-0.000423	0.493766	0.012444	-0.016875	-0.008411
1782895772.396032	-0.511511	0.016667	1.294736	0.005586	0.000152	0.495324	0.010221	-0.014192	0.013743
1782895772.403132	-0.511511	0.016667	1.294736	0.005586	0.000152	0.495324	0.010221	-0.014192	0.013743
1782895772.414371	-0.511191	0.016596	1.294691	0.004781	0.000914	0.496975	0.014447	-0.017542	0.012892
1782895772.422932	-0.511190	0.016710	1.294842	0.004517	0.000942	0.499221	0.014447	-0.017542	0.012892
1782895772.433914	-0.510989	0.016823	1.294750	0.003400	0.002419	0.499511	0.014447	-0.017542	0.012892
1782895772.444033	-0.510888	0.016952	1.295005	0.003488	0.002128	0.500723	0.009425	-0.011361	0.012138
1782895772.455934	-0.510671	0.016908	1.295050	0.002833	0.001762	0.502999	0.016314	-0.017314	0.028080
1782895772.467090	-0.510509	0.017020	1.295273	0.001363	0.001735	0.504165	0.016314	-0.017314	0.028080
1782895772.477689	-0.510327	0.017216	1.295586	0.003679	0.001225	0.507356	0.013310	-0.012339	0.009890
1782895772.483233	-0.510230	0.017103	1.295730	0.004027	0.000939	0.509805	0.013310	-0.012339	0.009890
1782895772.492892	-0.510048	0.017175	1.295947	0.004249	0.000603	0.511383	0.013310	-0.012339	0.009890
1782895772.502954	-0.510048	0.017175	1.295947	0.004249	0.000603	0.511383	0.012660	-0.009631	0.025369
1782895772.513194	-0.509927	0.017465	1.296180	0.003181	0.002206	0.514092	0.012660	-0.009631	0.025369
1782895772.526239	-0.509759	0.017450	1.296223	0.004603	0.001883	0.516101	0.017697	-0.015259	0.022226
1782895772.534633	-0.509657	0.017580	1.296346	0.004562	0.003560	0.517306	0.017697	-0.015259	0.022226
1782895772.542985	-0.509505	0.017659	1.296554	0.007704	0.004273	0.517908	0.012576	-0.008364	0.013795
1782895772.551769	-0.509367	0.017772	1.296872	0.006485	0.003993	0.520412	0.016161	-0.010320	0.027767
1782895772.561246	-0.509201	0.017841	1.296961	0.003753	0.004207	0.522724	0.016161	-0.010320	0.027767
1782895772.571442	-0.509062	0.018029	1.297152	0.007326	0.003624	0.524414	0.018297	-0.012977	0.016673
1782895772.581635	-0.508872	0.018105	1.297449	0.006887	0.003507	0.526983	0.018297	-0.012977	0.016673
1782895772.591709	-0.508872	0.018105	1.297449	0.006887	0.003507	0.526983	0.018297	-0.012977	0.016673
1782895772.601007	-0.508830	0.018250	1.297669	0.007876	0.002619	0.529256	0.013220	-0.005629	0.013743
1782895772.611221	-0.508644	0.018367	1.297882	0.009885	0.003179	0.530377	0.013220	-0.005629	0.013743
1782895772.621193	-0.508573	0.018559	1.298099	0.009329	0.004549	0.532211	0.019787	-0.009127	0.024786
1782895772.631861	-0.508570	0.018745	1.298207	0.007197	0.003979	0.534537	0.019787	-0.009127	0.024786
1782895772.641183	-0.508403	0.018887	1.298334	0.007253	0.003985	0.535792	0.016393	-0.009463	0.013279
1782895772.651893	-0.508270	0.019068	1.298612	0.007782	0.003117	0.537051	0.014671	-0.004321	0.017837
1782895772.661222	-0.507993	0.019154	1.298840	0.000602	0.004355	0.541409	0.014671	-0.004321	0.017837
1782895772.673012	-0.507912	0.019430	1.298990	0.004494	0.003103	0.542919	0.020695	-0.009288	0.018154
1782895772.683009	-0.507770	0.019515	1.299063	0.004228	0.003946	0.544496	0.020695	-0.009288	0.018154
1782895772.691989	-0.507667	0.019751	1.299312	0.002381	0.005371	0.546183	0.020695	-0.009288	0.018154
1782895772.702093	-0.507667	0.019751	1.299312	0.002381	0.005371	0.546183	0.015496	-0.007745	0.009956
1782895772.714947	-0.507465	0.020166	1.299585	0.004070	0.005974	0.546067	0.015496	-0.007745	0.009956
1782895772.721692	-0.507359	0.020258	1.299721	0.005497	0.005418	0.547339	0.018139	-0.006344	0.009194
1782895772.732352	-0.507152	0.020404	1.299654	0.004637	0.005226	0.549378	0.018139	-0.006344	0.009194
1782895772.743365	-0.506974	0.020540	1.299636	0.004021	0.005215	0.550555	0.020206	-0.009845	0.005194
1782895772.753031	-0.506734	0.020525	1.299681	0.007343	0.003978	0.554736	0.014923	-0.008554	-0.001295
1782895772.761655	-0.506523	0.020658	1.299654	0.008349	0.002729	0.557999	0.014923	-0.008554	-0.001295
1782895772.773695	-0.506465	0.021022	1.299557	0.008860	0.002991	0.559198	0.019519	-0.009211	-0.003082
1782895772.781708	-0.506205	0.021289	1.299555	0.008108	0.003818	0.560946	0.019519	-0.009211	-0.003082
1782895772.792538	-0.506127	0.021522	1.299461	0.008359	0.003424	0.562333	0.019519	-0.009211	-0.003082
1782895772.806040	-0.505926	0.021651	1.299399	0.011225	0.003596	0.562776	0.017221	-0.009754	-0.015639
1782895772.812049	-0.505926	0.021651	1.299399	0.011225	0.003596	0.562776	0.017221	-0.009754	-0.015639
1782895772.822306	-0.505753	0.021724	1.299204	0.008265	0.003754	0.564754	0.011849	-0.008527	-0.013154
1782895772.832577	-0.505659	0.021798	1.298982	0.008109	0.002846	0.567027	0.011849	-0.008527	-0.013154
1782895772.842378	-0.505506	0.021981	1.298775	0.006138	0.001899	0.568863	0.018914	-0.011453	-0.016516
1782895772.852173	-0.505178	0.022236	1.298485	0.006725	0.002227	0.571246	0.013547	-0.009928	-0.034576
1782895772.861883	-0.505142	0.022420	1.298254	0.008919	0.001247	0.572695	0.013547	-0.009928	-0.034576
1782895772.872314	-0.504978	0.022622	1.298035	0.010625	0.001707	0.572698	0.011532	-0.009623	-0.018534
1782895772.881657	-0.504798	0.022784	1.297733	0.008431	0.001595	0.575176	0.011532	-0.009623	-0.018534
1782895772.892929	-0.504798	0.022784	1.297733	0.008431	0.001595	0.575176	0.011532	-0.009623	-0.018534
1782895772.904346	-0.504617	0.022986	1.297290	0.005632	0.002187	0.576762	0.017331	-0.016539	-0.024911
1782895772.911845	-0.504382	0.023218	1.297084	0.003283	0.002873	0.577147	0.017331	-0.016539	-0.024911
1782895772.921777	-0.504297	0.023276	1.296848	0.001636	0.002851	0.578813	0.011160	-0.008933	-0.028417
1782895772.931625	-0.504056	0.023524	1.296399	0.003150	0.000728	0.581953	0.011160	-0.008933	-0.028417
1782895772.941914	-0.503965	0.023721	1.296132	0.007799	0.000843	0.583295	0.014786	-0.014131	-0.010377
1782895772.952270	-0.503777	0.023910	1.295946	0.009908	0.002035	0.585246	0.011136	-0.012168	-0.017005
1782895772.962461	-0.503634	0.023931	1.295706	0.010389	0.000146	0.587465	0.011136	-0.012168	-0.017005
1782895772.974249	-0.503445	0.024066	1.295703	0.011392	0.000169	0.588944	0.014657	-0.013236	-0.001117
1782895772.981368	-0.503209	0.024201	1.295714	0.009113	0.000050	0.590259	0.014657	-0.013236	-0.001117
1782895772.992096	-0.503209	0.024201	1.295714	0.009113	0.000050	0.590259	0.014657	-0.013236	-0.001117
1782895773.002683	-0.502966	0.024269	1.295646	0.010322	-0.000338	0.591852	0.011688	-0.014386	-0.001509
1782895773.015791	-0.502793	0.024550	1.295581	0.006719	0.000857	0.593396	0.015811	-0.014029	0.006397
1782895773.022605	-0.502556	0.024646	1.295546	0.005966	0.000378	0.594857	0.015811	-0.014029	0.006397
1782895773.034698	-0.502460	0.024799	1.295823	0.010891	-0.000493	0.597117	0.015811	-0.014029	0.006397
1782895773.044365	-0.502239	0.025113	1.295946	0.012706	-0.000192	0.598457	0.015811	-0.014029	0.006397
1782895773.054474	-0.502143	0.025121	1.296050	0.011418	0.000446	0.600088	0.014837	-0.015072	0.014207
1782895773.062123	-0.501939	0.025326	1.296237	0.010840	-0.000014	0.601650	0.014837	-0.015072	0.014207
1782895773.072195	-0.501733	0.025381	1.296319	0.010847	0.000414	0.603204	0.016579	-0.018069	0.000448
1782895773.082581	-0.501545	0.025482	1.296299	0.012649	-0.001398	0.605625	0.016579	-0.018069	0.000448
1782895773.092003	-0.501545	0.025482	1.296299	0.012649	-0.001398	0.605625	0.016579	-0.018069	0.000448
1782895773.103367	-0.501411	0.025599	1.296370	0.013659	-0.001830	0.608272	0.008290	-0.012990	0.003499
1782895773.111604	-0.501203	0.025811	1.296333	0.008767	-0.000452	0.608509	0.015259	-0.019736	0.008135
1782895773.122074	-0.501124	0.025932	1.296391	0.007838	-0.000301	0.610797	0.015259	-0.019736	0.008135
1782895773.135494	-0.500884	0.026072	1.296408	0.009602	-0.000631	0.612127	0.010811	-0.016943	-0.009065
1782895773.141845	-0.500795	0.026181	1.296380	0.009482	-0.000354	0.613528	0.010811	-0.016943	-0.009065
1782895773.153004	-0.500472	0.026318	1.296454	0.007363	-0.000214	0.615031	0.007966	-0.015394	0.005087
1782895773.162597	-0.500373	0.026451	1.296498	0.007020	-0.000992	0.616660	0.007966	-0.015394	0.005087
1782895773.172343	-0.500302	0.026564	1.296490	0.007253	-0.001282	0.617690	0.011886	-0.022064	0.002106
1782895773.181817	-0.500061	0.026596	1.296426	0.007380	-0.001896	0.620202	0.011886	-0.022064	0.002106
1782895773.191214	-0.500061	0.026596	1.296426	0.007380	-0.001896	0.620202	0.006352	-0.016590	0.005411
1782895773.201244	-0.499937	0.026773	1.296408	0.007079	-0.002298	0.621717	0.006352	-0.016590	0.005411
1782895773.211134	-0.499790	0.026835	1.296436	0.006223	-0.002081	0.622480	0.006352	-0.016590	0.005411
1782895773.221235	-0.499525	0.026878	1.296409	0.006665	-0.002651	0.624498	0.007928	-0.017483	0.016573
1782895773.231705	-0.499392	0.026949	1.296391	0.005683	-0.001790	0.626605	0.007928	-0.017483	0.016573
1782895773.241203	-0.499247	0.027068	1.296484	0.009103	-0.002195	0.627231	0.004324	-0.019935	0.008382
1782895773.251155	-0.499049	0.027024	1.296642	0.010135	-0.002304	0.628308	0.006207	-0.019673	0.014291
1782895773.261338	-0.498853	0.027177	1.296684	0.008677	-0.000394	0.629516	0.006207	-0.019673	0.014291
1782895773.274328	-0.498768	0.027272	1.296702	0.008931	-0.001503	0.630931	0.008219	-0.019809	0.006143
1782895773.282344	-0.498592	0.027280	1.296840	0.005824	-0.000452	0.632782	0.008219	-0.019809	0.006143
1782895773.291794	-0.498524	0.027364	1.296746	0.004847	-0.000479	0.635551	0.008219	-0.019809	0.006143
1782895773.301961	-0.498524	0.027364	1.296746	0.004847	-0.000479	0.635551	0.001702	-0.018537	0.003963
1782895773.313443	-0.498336	0.027369	1.296677	0.005025	0.000061	0.636221	0.007145	-0.023179	0.006836
1782895773.321871	-0.498231	0.027434	1.296699	0.004102	-0.000184	0.638090	0.007145	-0.023179	0.006836
1782895773.332199	-0.498058	0.027515	1.296606	0.008046	-0.000852	0.639538	0.005264	-0.022560	-0.016089
1782895773.341848	-0.497886	0.027601	1.296513	0.008155	-0.000673	0.640005	0.005264	-0.022560	-0.016089
1782895773.352417	-0.497713	0.027695	1.296297	0.009489	-0.001531	0.642503	-0.000201	-0.020603	-0.008835
1782895773.361978	-0.497620	0.027759	1.296218	0.011033	-0.001039	0.643119	-0.000201	-0.020603	-0.008835
1782895773.371577	-0.497453	0.027732	1.296151	0.011516	-0.001614	0.644481	0.009188	-0.026398	-0.006833
1782895773.382956	-0.497293	0.027722	1.296099	0.011358	-0.001663	0.646215	0.009188	-0.026398	-0.006833
1782895773.392255	-0.497293	0.027722	1.296099	0.011358	-0.001663	0.646215	0.001845	-0.020609	-0.019961
1782895773.401870	-0.497116	0.027770	1.295752	0.010789	-0.003150	0.647916	0.001845	-0.020609	-0.019961
1782895773.412093	-0.496967	0.027788	1.295546	0.009950	-0.002748	0.648081	0.002288	-0.023343	0.002161
1782895773.422224	-0.496837	0.027798	1.295456	0.008552	-0.002798	0.650906	0.002288	-0.023343	0.002161
1782895773.432019	-0.496662	0.027792	1.295262	0.008816	-0.001869	0.651731	0.002894	-0.027711	-0.005993
1782895773.442497	-0.496580	0.027913	1.295208	0.010542	-0.002555	0.653646	0.002894	-0.027711	-0.005993
1782895773.452767	-0.496351	0.027820	1.295137	0.012074	-0.001368	0.655337	-0.000934	-0.022766	0.001050
1782895773.461648	-0.496302	0.027807	1.295170	0.012101	-0.001246	0.656117	-0.000934	-0.022766	0.001050
1782895773.471712	-0.496171	0.027978	1.295200	0.013212	-0.001090	0.656637	0.004345	-0.030303	0.008630
1782895773.481746	-0.496051	0.027837	1.295264	0.011925	-0.001783	0.658596	0.004345	-0.030303	0.008630
1782895773.492516	-0.496051	0.027837	1.295264	0.011925	-0.001783	0.658596	0.004345	-0.030303	0.008630
1782895773.505594	-0.496036	0.027814	1.295085	0.012115	-0.002747	0.659919	-0.000718	-0.025312	0.004360
1782895773.518834	-0.495885	0.027882	1.295196	0.011632	-0.003246	0.660921	-0.000718	-0.025312	0.004360
1782895773.527228	-0.495687	0.027689	1.295339	0.012497	-0.001630	0.663944	0.001688	-0.027708	0.020241
1782895773.536593	-0.495687	0.027689	1.295339	0.012497	-0.001630	0.663944	-0.001492	-0.031308	0.018198
1782895773.541256	-0.495450	0.027715	1.295690	0.008351	-0.001454	0.666880	-0.001492	-0.031308	0.018198
1782895773.551748	-0.495209	0.027699	1.295907	0.008717	-0.001501	0.668194	-0.000711	-0.029642	0.024876
1782895773.562159	-0.495038	0.027584	1.296060	0.008755	-0.001414	0.669334	-0.000711	-0.029642	0.024876
1782895773.572806	-0.495067	0.027605	1.296222	0.009479	-0.001281	0.669691	-0.000776	-0.032080	0.025553
1782895773.584697	-0.495067	0.027605	1.296222	0.009479	-0.001281	0.669691	-0.000776	-0.032080	0.025553
1782895773.594073	-0.494862	0.027565	1.296595	0.010981	-0.000303	0.670450	-0.000776	-0.032080	0.025553
1782895773.602583	-0.494554	0.027567	1.296905	0.011205	-0.000657	0.672870	-0.004830	-0.030414	0.028989
1782895773.612062	-0.494593	0.027523	1.297120	0.010852	0.001245	0.673102	0.001794	-0.032624	0.023059
1782895773.621214	-0.494432	0.027479	1.297266	0.009136	0.001720	0.675380	0.001794	-0.032624	0.023059
1782895773.631252	-0.494309	0.027375	1.297503	0.007056	0.002687	0.677546	0.001794	-0.032624	0.023059
1782895773.641433	-0.494123	0.027283	1.297652	0.003867	0.002053	0.678998	-0.006213	-0.031340	0.018451
1782895773.652735	-0.494026	0.027300	1.297830	0.005051	0.001993	0.679263	-0.002856	-0.034073	0.019497
1782895773.662924	-0.493806	0.027107	1.297955	0.004568	0.002192	0.681643	-0.002856	-0.034073	0.019497
1782895773.671732	-0.493799	0.027087	1.298134	0.004258	0.002823	0.681742	0.002305	-0.037355	0.001934
1782895773.681584	-0.493480	0.026953	1.298308	0.006439	0.001860	0.681234	0.002305	-0.037355	0.001934
1782895773.691647	-0.493480	0.026953	1.298308	0.006439	0.001860	0.681234	-0.003916	-0.033589	-0.011541
1782895773.701700	-0.493291	0.026794	1.298306	0.005204	0.002910	0.684209	-0.003916	-0.033589	-0.011541
1782895773.712360	-0.493298	0.026693	1.298296	0.003827	0.003665	0.685017	-0.003916	-0.033589	-0.011541
1782895773.725714	-0.493198	0.026652	1.298183	0.006854	0.002484	0.684870	-0.002235	-0.036356	-0.002661
1782895773.732897	-0.493014	0.026443	1.297958	0.004839	0.001351	0.688172	0.002364	-0.040857	-0.015668
1782895773.742063	-0.492881	0.026378	1.297870	0.002801	0.003089	0.688134	0.002364	-0.040857	-0.015668
1782895773.752839	-0.492621	0.026098	1.297670	0.005613	0.002588	0.689648	-0.004740	-0.034567	-0.024957
1782895773.764121	-0.492517	0.026118	1.297552	0.007355	0.002101	0.690248	-0.004740	-0.034567	-0.024957
1782895773.772391	-0.492411	0.026137	1.297489	0.006864	0.001903	0.691128	-0.001383	-0.039640	-0.003451
1782895773.782298	-0.492201	0.025973	1.297435	0.006694	0.002268	0.691655	-0.001383	-0.039640	-0.003451
1782895773.791672	-0.492145	0.025739	1.297240	0.008143	0.000825	0.693884	-0.001383	-0.039640	-0.003451
1782895773.801764	-0.492145	0.025739	1.297240	0.008143	0.000825	0.693884	-0.003707	-0.041470	-0.014448
1782895773.813432	-0.492049	0.025500	1.297169	0.008055	0.001209	0.696002	-0.005972	-0.036610	-0.001475
1782895773.822887	-0.491829	0.025316	1.297114	0.006967	0.001585	0.697021	-0.005972	-0.036610	-0.001475
1782895773.831630	-0.491778	0.025169	1.297094	0.005630	0.001355	0.698965	-0.003836	-0.043004	0.000267
1782895773.841679	-0.491684	0.025167	1.296996	0.006402	0.000470	0.699932	-0.003836	-0.043004	0.000267
1782895773.851727	-0.491502	0.025105	1.297016	0.008955	0.001259	0.700947	-0.007474	-0.038593	0.002399
1782895773.861597	-0.491311	0.024982	1.297052	0.008176	0.001405	0.702829	-0.007474	-0.038593	0.002399
1782895773.875029	-0.491241	0.024889	1.297164	0.007142	0.002164	0.703645	-0.004278	-0.041799	0.009165
1782895773.881706	-0.491011	0.024822	1.297214	0.007124	0.001807	0.705612	-0.004278	-0.041799	0.009165
1782895773.891842	-0.491011	0.024822	1.297214	0.007124	0.001807	0.705612	-0.009238	-0.040232	0.011966
1782895773.901721	-0.490969	0.024613	1.297221	0.007463	0.002157	0.706742	-0.009238	-0.040232	0.011966
1782895773.911776	-0.490900	0.024398	1.297403	0.007261	0.003027	0.707865	-0.005665	-0.040931	0.017541
1782895773.922578	-0.490706	0.024282	1.297553	0.006721	0.003525	0.710038	-0.005665	-0.040931	0.017541
1782895773.932344	-0.490590	0.024137	1.297707	0.006213	0.003365	0.711309	-0.008010	-0.041928	0.008133
1782895773.943263	-0.490439	0.023959	1.297732	0.006331	0.002034	0.712713	-0.008010	-0.041928	0.008133
1782895773.953840	-0.490323	0.023700	1.297931	0.008015	0.003017	0.713619	-0.012266	-0.040446	0.003600
1782895773.962095	-0.490153	0.023602	1.298027	0.006339	0.003091	0.715203	-0.012266	-0.040446	0.003600
1782895773.975643	-0.489978	0.023461	1.298249	0.008888	0.001646	0.715098	-0.007446	-0.043088	0.003889
1782895773.982178	-0.489669	0.023373	1.298303	0.006631	0.003037	0.715741	-0.007446	-0.043088	0.003889
1782895773.992931	-0.489669	0.023373	1.298303	0.006631	0.003037	0.715741	-0.011018	-0.041231	-0.002459
1782895774.001615	-0.489493	0.023161	1.298212	0.006896	0.001122	0.718586	-0.011018	-0.041231	-0.002459
1782895774.011760	-0.489313	0.022994	1.298108	0.006123	0.001410	0.718243	-0.011018	-0.041231	-0.002459
1782895774.022040	-0.489149	0.022673	1.298000	0.004996	-0.000103	0.721514	-0.016874	-0.038635	-0.010122
1782895774.033911	-0.489125	0.022506	1.297886	0.004700	-0.000964	0.722389	-0.016874	-0.038635	-0.010122
1782895774.043530	-0.489005	0.022396	1.297768	0.004551	-0.000335	0.721970	-0.008819	-0.045302	-0.008023
1782895774.056481	-0.488899	0.022287	1.297744	0.004632	0.000103	0.722782	-0.012139	-0.042426	-0.028594
1782895774.062203	-0.488778	0.022238	1.297676	0.003659	0.000285	0.723681	-0.012139	-0.042426	-0.028594
1782895774.072485	-0.488597	0.022048	1.297355	0.005059	0.000382	0.725453	-0.017183	-0.039549	-0.015672
1782895774.082371	-0.488374	0.021763	1.297135	0.006575	-0.000603	0.727839	-0.017183	-0.039549	-0.015672
1782895774.091685	-0.488274	0.021623	1.296894	0.009094	-0.000508	0.728915	-0.011989	-0.045990	-0.013057
1782895774.101846	-0.488274	0.021623	1.296894	0.009094	-0.000508	0.728915	-0.011989	-0.045990	-0.013057
1782895774.111632	-0.488237	0.021392	1.296689	0.009854	-0.000570	0.729462	-0.010866	-0.041910	-0.018085
1782895774.121834	-0.488087	0.021150	1.296386	0.008591	-0.001985	0.731584	-0.010866	-0.041910	-0.018085
1782895774.131990	-0.488048	0.021040	1.296199	0.008846	-0.002103	0.732121	-0.010866	-0.041910	-0.018085
1782895774.141859	-0.487839	0.020841	1.295974	0.010855	-0.001059	0.734260	-0.014936	-0.042252	0.000362
1782895774.151412	-0.487703	0.020667	1.295776	0.004988	0.001253	0.735591	-0.014740	-0.044271	-0.010271
1782895774.161316	-0.487629	0.020491	1.295703	0.005302	0.001559	0.735276	-0.014740	-0.044271	-0.010271
1782895774.172142	-0.487531	0.020323	1.295756	0.002621	0.001833	0.737145	-0.008746	-0.045612	-0.001828
1782895774.182144	-0.487531	0.020323	1.295756	0.002621	0.001833	0.737145	-0.008746	-0.045612	-0.001828
1782895774.193768	-0.487375	0.020206	1.295706	0.003240	0.001633	0.737138	-0.008746	-0.045612	-0.001828
1782895774.202027	-0.487310	0.020051	1.295651	0.003344	0.001280	0.738412	-0.010984	-0.046159	0.003237
1782895774.212034	-0.487222	0.019811	1.295746	0.005356	-0.000251	0.739035	-0.010641	-0.041761	0.013948
1782895774.221681	-0.486964	0.019476	1.295977	0.006172	0.000971	0.741511	-0.010641	-0.041761	0.013948
1782895774.231767	-0.486881	0.019284	1.296198	0.007438	0.000676	0.743570	-0.012552	-0.042403	0.011720
1782895774.243293	-0.486823	0.019150	1.296245	0.008207	0.001006	0.744096	-0.012552	-0.042403	0.011720
1782895774.253985	-0.486567	0.018949	1.296345	0.006829	0.000883	0.745493	-0.011868	-0.041380	0.019271
1782895774.262113	-0.486491	0.018845	1.296582	0.004780	0.000801	0.747047	-0.011868	-0.041380	0.019271
1782895774.272102	-0.486384	0.018684	1.296837	0.006755	0.001786	0.747129	-0.010145	-0.041799	0.017713
1782895774.282947	-0.486269	0.018541	1.297059	0.007495	0.002784	0.748554	-0.010145	-0.041799	0.017713
1782895774.291785	-0.486269	0.018541	1.297059	0.007495	0.002784	0.748554	-0.014068	-0.041263	0.019706
1782895774.303017	-0.486144	0.018499	1.297204	0.005482	0.003188	0.749778	-0.014068	-0.041263	0.019706
1782895774.312845	-0.486104	0.018335	1.297488	0.009216	0.002596	0.750483	-0.014068	-0.041263	0.019706
1782895774.321666	-0.485812	0.018062	1.297642	0.008137	0.003035	0.752707	-0.014643	-0.042412	0.012480
1782895774.332179	-0.485778	0.017948	1.297652	0.006511	0.003259	0.753232	-0.009066	-0.041691	0.003863
1782895774.341693	-0.485620	0.017795	1.297823	0.004751	0.003748	0.754913	-0.009066	-0.041691	0.003863
1782895774.353453	-0.485381	0.017712	1.297862	0.004911	0.004129	0.754977	-0.014082	-0.040166	-0.007110
1782895774.363461	-0.485228	0.017494	1.297917	0.005030	0.003190	0.756408	-0.014082	-0.040166	-0.007110
1782895774.374052	-0.485066	0.017359	1.298019	0.005039	0.004528	0.756011	-0.013311	-0.039778	-0.001834
1782895774.381557	-0.484875	0.017130	1.297865	0.005827	0.006126	0.756926	-0.013311	-0.039778	-0.001834
1782895774.392097	-0.484875	0.017130	1.297865	0.005827	0.006126	0.756926	-0.005516	-0.043525	-0.010813
1782895774.401681	-0.484729	0.017104	1.297734	0.006945	0.004780	0.758649	-0.005516	-0.043525	-0.010813
1782895774.416368	-0.484396	0.016913	1.297569	0.004000	0.006362	0.758068	-0.012457	-0.038998	-0.025699
1782895774.423197	-0.484284	0.016651	1.297449	0.003178	0.005614	0.760071	-0.012457	-0.038998	-0.025699
1782895774.435984	-0.484108	0.016514	1.297091	0.005879	0.004125	0.760219	-0.012086	-0.038242	-0.009873
1782895774.442249	-0.484029	0.016494	1.297004	0.005304	0.004764	0.760454	-0.012086	-0.038242	-0.009873
1782895774.453604	-0.483810	0.016363	1.296920	0.003697	0.005141	0.760036	-0.004399	-0.043740	-0.017291
1782895774.461958	-0.483738	0.016237	1.296791	0.003177	0.004974	0.762264	-0.004399	-0.043740	-0.017291
1782895774.476670	-0.483577	0.016196	1.296725	0.002199	0.005075	0.762331	-0.011200	-0.035056	-0.022454
1782895774.481932	-0.483409	0.016046	1.296692	0.000601	0.004607	0.763880	-0.011200	-0.035056	-0.022454
1782895774.494448	-0.483409	0.016046	1.296692	0.000601	0.004607	0.763880	-0.006827	-0.038119	0.000532
1782895774.501753	-0.483341	0.015998	1.296485	-0.000547	0.003488	0.764512	-0.006827	-0.038119	0.000532
1782895774.511814	-0.483173	0.015898	1.296271	0.001790	0.002783	0.766097	-0.005791	-0.037895	-0.013037
1782895774.525111	-0.482790	0.015698	1.296298	0.002785	0.002638	0.768688	-0.005791	-0.037895	-0.013037
1782895774.533273	-0.482790	0.015698	1.296298	0.002785	0.002638	0.768688	-0.005791	-0.037895	-0.013037
1782895774.542412	-0.482542	0.015679	1.296270	0.006860	0.002861	0.769594	-0.007694	-0.032684	-0.003297
1782895774.554628	-0.482417	0.015643	1.296272	0.006514	0.003204	0.769536	-0.000730	-0.040297	0.001737
1782895774.561735	-0.482262	0.015503	1.296382	0.006935	0.004183	0.770883	-0.000730	-0.040297	0.001737
1782895774.572347	-0.482125	0.015596	1.296455	0.007654	0.003660	0.772139	-0.005160	-0.032592	-0.002320
1782895774.584928	-0.481981	0.015565	1.296590	0.007421	0.004174	0.772988	-0.005160	-0.032592	-0.002320
1782895774.594476	-0.481981	0.015565	1.296590	0.007421	0.004174	0.772988	0.001813	-0.036825	0.017022
1782895774.604756	-0.481811	0.015421	1.296689	0.004946	0.004901	0.774106	0.001813	-0.036825	0.017022
1782895774.615294	-0.481713	0.015391	1.296883	0.002066	0.004144	0.775555	0.002695	-0.037868	0.004737
1782895774.626627	-0.481593	0.015343	1.297073	0.002311	0.004354	0.776465	0.002695	-0.037868	0.004737
1782895774.633054	-0.481434	0.015145	1.297234	0.003936	0.004404	0.776644	0.002695	-0.037868	0.004737
1782895774.642385	-0.481234	0.015061	1.297373	0.002496	0.004932	0.779586	0.001387	-0.033835	0.015720
1782895774.652198	-0.481030	0.015108	1.297785	0.005362	0.004083	0.780515	0.005328	-0.039326	0.017813
1782895774.662245	-0.480810	0.015162	1.298232	0.004499	0.004864	0.780938	0.005328	-0.039326	0.017813
1782895774.675302	-0.480809	0.015181	1.298537	0.006449	0.005455	0.781186	0.001490	-0.035218	0.012156
1782895774.681921	-0.480640	0.015247	1.298956	0.009655	0.003338	0.782087	0.001490	-0.035218	0.012156
1782895774.691468	-0.480640	0.015247	1.298956	0.009655	0.003338	0.782087	0.001490	-0.035218	0.012156
1782895774.725200	-0.479867	0.014894	1.299837	0.006327	0.003504	0.788422	0.002917	-0.036834	0.011804
1782895774.728145	-0.479867	0.014894	1.299837	0.006327	0.003504	0.788422	0.000560	-0.032298	0.006973
1782895774.732063	-0.479867	0.014894	1.299837	0.006327	0.003504	0.788422	0.000560	-0.032298	0.006973
1782895774.736509	-0.479867	0.014894	1.299837	0.006327	0.003504	0.788422	0.000560	-0.032298	0.006973
1782895774.741310	-0.479648	0.014842	1.299946	0.008342	0.003104	0.789155	0.000560	-0.032298	0.006973
1782895774.751117	-0.479471	0.014873	1.300257	0.009430	0.004578	0.789237	0.004204	-0.033481	0.003390
1782895774.761210	-0.479302	0.014820	1.300486	0.006541	0.004378	0.789775	0.004204	-0.033481	0.003390
1782895774.771202	-0.479206	0.014836	1.300572	0.006169	0.004470	0.790854	-0.001105	-0.034682	-0.006694
1782895774.781559	-0.479003	0.014789	1.300648	0.004386	0.004371	0.791706	-0.001105	-0.034682	-0.006694
1782895774.793029	-0.478822	0.014721	1.300570	0.004958	0.003850	0.792967	-0.001105	-0.034682	-0.006694
1782895774.802232	-0.478822	0.014721	1.300570	0.004958	0.003850	0.792967	-0.004225	-0.031679	-0.004125
1782895774.811100	-0.478787	0.014810	1.300637	0.003271	0.003415	0.793765	-0.004225	-0.031679	-0.004125
1782895774.821231	-0.478558	0.014798	1.300682	0.002191	0.004406	0.794000	0.003183	-0.034718	-0.013075
1782895774.834308	-0.478302	0.014728	1.300560	0.003262	0.004264	0.795286	-0.004443	-0.030989	-0.023962
1782895774.841541	-0.478265	0.014807	1.300576	0.003481	0.004965	0.795265	-0.004443	-0.030989	-0.023962
1782895774.852729	-0.478100	0.014765	1.300331	0.007001	0.005085	0.794944	-0.005253	-0.030008	-0.013846
1782895774.862709	-0.477888	0.014799	1.300055	0.004934	0.003050	0.798344	-0.005253	-0.030008	-0.013846
1782895774.874690	-0.477703	0.014695	1.299877	0.005736	0.003256	0.798340	0.002689	-0.034542	-0.021964
1782895774.883740	-0.477571	0.014707	1.299708	0.006738	0.002930	0.799567	0.002689	-0.034542	-0.021964
1782895774.894479	-0.477571	0.014707	1.299708	0.006738	0.002930	0.799567	0.002689	-0.034542	-0.021964
1782895774.902076	-0.477389	0.014756	1.299539	0.004551	0.002689	0.800094	-0.003890	-0.030527	-0.032887
1782895774.911438	-0.477331	0.014777	1.299363	0.005286	0.002770	0.799888	-0.003890	-0.030527	-0.032887
1782895774.922241	-0.477203	0.014757	1.299120	0.007466	0.003394	0.800708	-0.003600	-0.030946	-0.015684
1782895774.935601	-0.477107	0.014747	1.298893	0.008974	0.003680	0.800957	-0.003600	-0.030946	-0.015684
1782895774.942255	-0.476880	0.014682	1.298539	0.009466	0.002659	0.802071	0.001537	-0.033636	-0.020588
1782895774.954104	-0.476842	0.014607	1.298285	0.008850	0.001143	0.803747	-0.004485	-0.026597	-0.020481
1782895774.961699	-0.476721	0.014593	1.298117	0.009805	0.001018	0.804249	-0.004485	-0.026597	-0.020481
1782895774.971616	-0.476636	0.014596	1.297956	0.010473	-0.000597	0.805772	0.001026	-0.030690	0.000875
1782895774.981704	-0.476359	0.014547	1.297927	0.007054	0.000429	0.806272	0.001026	-0.030690	0.000875
1782895774.994581	-0.476359	0.014547	1.297927	0.007054	0.000429	0.806272	0.001026	-0.030690	0.000875
1782895775.001829	-0.476443	0.014536	1.297727	0.006933	-0.000635	0.807917	-0.003471	-0.027881	-0.013103
1782895775.013685	-0.476420	0.014541	1.297686	0.006145	0.000106	0.808412	-0.003471	-0.027881	-0.013103
1782895775.021668	-0.476152	0.014395	1.297614	0.004785	0.000792	0.809965	-0.002187	-0.027215	0.006927
1782895775.031717	-0.476152	0.014512	1.297674	0.003051	0.000680	0.811212	-0.001613	-0.031601	0.001816
1782895775.042980	-0.476091	0.014606	1.297785	0.003986	0.000194	0.811515	-0.001613	-0.031601	0.001816
1782895775.056256	-0.475948	0.014540	1.297863	0.004226	-0.000416	0.811542	-0.003913	-0.026085	0.007516
1782895775.061623	-0.475919	0.014455	1.298116	0.006297	-0.001205	0.812482	-0.003913	-0.026085	0.007516
1782895775.071597	-0.475808	0.014555	1.298279	0.008176	-0.001222	0.814197	-0.002191	-0.026525	0.013313
1782895775.084589	-0.475808	0.014555	1.298279	0.008176	-0.001222	0.814197	-0.002191	-0.026525	0.013313
1782895775.092201	-0.475656	0.014596	1.298601	0.007234	-0.001518	0.815966	-0.009358	-0.025051	0.017306
1782895775.102318	-0.475564	0.014471	1.298698	0.005779	-0.001490	0.817145	-0.009358	-0.025051	0.017306
1782895775.112038	-0.475651	0.014488	1.299023	0.003580	-0.000547	0.817824	-0.009358	-0.025051	0.017306
1782895775.121847	-0.475542	0.014432	1.299089	0.005569	-0.000970	0.818984	-0.004694	-0.024666	0.018677
1782895775.131840	-0.475539	0.014392	1.299231	0.003380	-0.000981	0.820176	-0.009781	-0.022920	0.009621
1782895775.141792	-0.475562	0.014387	1.299323	0.003942	-0.000627	0.820581	-0.009781	-0.022920	0.009621
1782895775.154145	-0.475484	0.014490	1.299471	0.001101	-0.000094	0.820897	-0.008046	-0.023820	0.015696
1782895775.164304	-0.475503	0.014436	1.299736	0.002500	0.000028	0.822429	-0.008046	-0.023820	0.015696
1782895775.172911	-0.475510	0.014352	1.299780	0.003951	0.000203	0.823341	-0.002563	-0.024423	-0.003843
1782895775.182169	-0.475414	0.014307	1.299778	0.003673	0.000950	0.824814	-0.002563	-0.024423	-0.003843
1782895775.192064	-0.475414	0.014307	1.299778	0.003673	0.000950	0.824814	-0.002563	-0.024423	-0.003843
1782895775.202073	-0.475435	0.014315	1.299829	0.004372	0.000439	0.825358	-0.012951	-0.021230	-0.016599
1782895775.212289	-0.475387	0.014235	1.299766	0.005503	-0.001093	0.826962	-0.012951	-0.021230	-0.016599
1782895775.222979	-0.475404	0.014134	1.299711	0.006341	-0.001193	0.828200	-0.010446	-0.022956	-0.009661
1782895775.231754	-0.475420	0.014199	1.299654	0.006745	-0.001046	0.828392	-0.010446	-0.022956	-0.009661
1782895775.241794	-0.475333	0.014061	1.299581	0.003927	0.000402	0.828034	-0.005815	-0.026674	-0.025127
1782895775.252490	-0.475389	0.014041	1.299437	0.005240	-0.000273	0.829507	-0.015031	-0.019698	-0.036925
1782895775.264172	-0.475244	0.014000	1.299159	0.007280	-0.000585	0.830011	-0.015031	-0.019698	-0.036925
1782895775.272429	-0.475331	0.013909	1.298648	0.009281	-0.003359	0.833357	-0.014075	-0.023444	-0.022716
1782895775.281932	-0.475283	0.013766	1.298205	0.010557	-0.002060	0.833590	-0.014075	-0.023444	-0.022716
1782895775.291696	-0.475283	0.013766	1.298205	0.010557	-0.002060	0.833590	-0.012436	-0.027290	-0.028051
1782895775.302054	-0.475276	0.013706	1.297998	0.010766	-0.001750	0.834693	-0.012436	-0.027290	-0.028051
1782895775.313635	-0.475330	0.013642	1.297784	0.010977	-0.000741	0.836762	-0.016213	-0.020807	-0.025162
1782895775.321770	-0.475298	0.013645	1.297601	0.009749	0.000502	0.836919	-0.016213	-0.020807	-0.025162
1782895775.331692	-0.475413	0.013549	1.297478	0.009426	0.000692	0.837221	-0.010539	-0.027483	-0.014947
1782895775.341897	-0.475421	0.013555	1.297392	0.008750	0.001958	0.838300	-0.010539	-0.027483	-0.014947
1782895775.352374	-0.475483	0.013529	1.297284	0.008102	0.001736	0.838939	-0.014382	-0.025555	-0.013080
1782895775.363599	-0.475317	0.013312	1.297190	0.008102	0.003137	0.840589	-0.014382	-0.025555	-0.013080
1782895775.371677	-0.475297	0.013010	1.297129	0.007249	0.002509	0.843130	-0.010373	-0.025995	0.000806
1782895775.381280	-0.475297	0.013010	1.297129	0.007249	0.002509	0.843130	-0.010373	-0.025995	0.000806
1782895775.391089	-0.475317	0.012892	1.297137	0.005433	0.001889	0.844027	-0.013738	-0.028133	0.004637
1782895775.401200	-0.475315	0.012719	1.297167	0.008250	0.002427	0.845430	-0.013738	-0.028133	0.004637
1782895775.411151	-0.475270	0.012597	1.297293	0.007015	0.002390	0.847212	-0.010740	-0.028024	0.013387
1782895775.421743	-0.475278	0.012470	1.297425	0.007122	0.002998	0.847633	-0.010740	-0.028024	0.013387
1782895775.437337	-0.475209	0.012197	1.297828	0.013782	-0.000291	0.849709	-0.015099	-0.027204	0.005280
1782895775.442726	-0.475209	0.012197	1.297828	0.013782	-0.000291	0.849709	-0.015099	-0.027204	0.005280
1782895775.455299	-0.475290	0.012159	1.297986	0.014474	0.000048	0.850569	-0.019909	-0.026167	0.014015
1782895775.463527	-0.475237	0.011977	1.298211	0.014019	0.001620	0.851414	-0.019909	-0.026167	0.014015
1782895775.471887	-0.475168	0.011835	1.298428	0.012296	0.002472	0.852271	-0.013301	-0.029455	0.008135
1782895775.482109	-0.475110	0.011632	1.298306	0.014216	0.000880	0.854766	-0.013301	-0.029455	0.008135
1782895775.491986	-0.475110	0.011632	1.298306	0.014216	0.000880	0.854766	-0.013301	-0.029455	0.008135
1782895775.501184	-0.475150	0.011481	1.298411	0.012956	0.000083	0.855216	-0.021506	-0.025804	-0.006379
1782895775.512182	-0.475130	0.011288	1.298473	0.012563	-0.000805	0.856150	-0.022484	-0.026682	0.007875
1782895775.523819	-0.475099	0.011073	1.298497	0.012664	-0.000325	0.857022	-0.022484	-0.026682	0.007875
1782895775.532182	-0.475055	0.010924	1.298548	0.010331	0.000258	0.857755	-0.022484	-0.026682	0.007875
1782895775.544292	-0.474993	0.010727	1.298463	0.014659	-0.000562	0.859077	-0.016667	-0.033146	0.000387
1782895775.552698	-0.474963	0.010631	1.298570	0.012865	0.000065	0.858606	-0.016667	-0.033146	0.000387
1782895775.564279	-0.474963	0.010275	1.298371	0.010753	0.001661	0.860996	-0.021850	-0.027484	-0.009178
1782895775.571424	-0.474963	0.010275	1.298371	0.010753	0.001661	0.860996	-0.019426	-0.029920	0.002241
1782895775.584365	-0.474883	0.009957	1.298302	0.011154	0.000159	0.862845	-0.019426	-0.029920	0.002241
1782895775.592694	-0.474997	0.009774	1.298173	0.009814	-0.000264	0.864213	-0.018551	-0.032480	-0.007854
1782895775.601199	-0.474997	0.009774	1.298173	0.009814	-0.000264	0.864213	-0.018551	-0.032480	-0.007854
1782895775.611286	-0.475003	0.009619	1.298117	0.008592	-0.000202	0.864875	-0.018551	-0.032480	-0.007854
1782895775.621323	-0.475004	0.009408	1.297927	0.006152	-0.000450	0.866577	-0.021723	-0.028972	-0.005822
1782895775.631626	-0.474934	0.009256	1.297955	0.007863	-0.000431	0.867472	-0.016487	-0.032130	-0.004448
1782895775.641586	-0.474982	0.009197	1.297988	0.009823	-0.000865	0.867784	-0.016487	-0.032130	-0.004448
1782895775.653702	-0.474992	0.008909	1.297796	0.008572	0.000242	0.868725	-0.016487	-0.032130	-0.004448
1782895775.661119	-0.475101	0.008552	1.297782	0.009751	-0.000959	0.870479	-0.021398	-0.029726	-0.002684
1782895775.672861	-0.475059	0.008432	1.297802	0.009463	-0.000534	0.871233	-0.015499	-0.029526	-0.002774
1782895775.687670	-0.475070	0.008256	1.297860	0.007486	0.000259	0.871652	-0.015499	-0.029526	-0.002774
1782895775.694776	-0.475065	0.007977	1.297796	0.006385	0.000780	0.872775	-0.015499	-0.029526	-0.002774
1782895775.702624	-0.475065	0.007977	1.297796	0.006385	0.000780	0.872775	-0.021410	-0.027624	-0.005487
1782895775.713870	-0.475156	0.007808	1.297812	0.007401	-0.000434	0.873838	-0.021410	-0.027624	-0.005487
1782895775.722173	-0.475176	0.007558	1.297867	0.007497	0.000606	0.874763	-0.017677	-0.028324	0.000472
1782895775.732294	-0.475257	0.007349	1.297852	0.006048	-0.000025	0.875432	-0.017677	-0.028324	0.000472
1782895775.747505	-0.475162	0.007134	1.297869	0.007355	-0.001238	0.876212	-0.018577	-0.028348	-0.014575
1782895775.753803	-0.475114	0.006932	1.297778	0.009773	-0.001120	0.876670	-0.024795	-0.022963	-0.011901
1782895775.761447	-0.475199	0.006717	1.297868	0.010639	-0.000194	0.877138	-0.024795	-0.022963	-0.011901
1782895775.771231	-0.475267	0.006456	1.297800	0.002913	0.001887	0.876961	-0.018476	-0.026903	-0.004627
1782895775.781120	-0.475329	0.006264	1.297634	0.004617	0.001616	0.878245	-0.018476	-0.026903	-0.004627
1782895775.791764	-0.475329	0.006264	1.297634	0.004617	0.001616	0.878245	-0.022046	-0.023237	-0.021437
1782895775.801258	-0.475422	0.005991	1.297613	0.000756	0.001408	0.880161	-0.022046	-0.023237	-0.021437
1782895775.811333	-0.475487	0.005716	1.297458	0.003722	-0.000353	0.881534	-0.026377	-0.021265	-0.003245
1782895775.821692	-0.475522	0.005544	1.297429	0.003408	-0.000043	0.882358	-0.026377	-0.021265	-0.003245
1782895775.831563	-0.475663	0.005454	1.297472	0.001725	-0.000349	0.882468	-0.026377	-0.021265	-0.003245
1782895775.841853	-0.475669	0.005174	1.297483	0.000697	0.000340	0.883975	-0.023088	-0.026191	-0.003809
1782895775.852494	-0.475705	0.004994	1.297576	0.000516	0.000597	0.884691	-0.028768	-0.017941	0.000839
1782895775.861186	-0.475759	0.004835	1.297706	0.001220	0.001265	0.884404	-0.028768	-0.017941	0.000839
1782895775.871233	-0.475707	0.004520	1.297747	0.000532	0.002858	0.885389	-0.025157	-0.022399	0.012387
1782895775.881158	-0.475707	0.004520	1.297747	0.000532	0.002858	0.885389	-0.025157	-0.022399	0.012387
1782895775.892271	-0.475922	0.004530	1.297876	0.001065	0.002294	0.885874	-0.025157	-0.022399	0.012387
1782895775.901221	-0.476003	0.004479	1.297929	0.000250	0.003014	0.885812	-0.029875	-0.018492	0.011197
1782895775.911173	-0.475948	0.004131	1.298132	0.001766	0.002501	0.887114	-0.029875	-0.018492	0.011197
1782895775.921113	-0.476132	0.003707	1.298403	0.004656	0.001414	0.889834	-0.027246	-0.017160	0.022441
1782895775.931714	-0.476202	0.003589	1.298503	0.003091	0.001628	0.889977	-0.027246	-0.017160	0.022441
1782895775.941911	-0.476250	0.003267	1.298776	0.002445	0.001936	0.891463	-0.029173	-0.019771	0.017084
1782895775.951326	-0.476372	0.002994	1.299152	0.005643	0.000628	0.892952	-0.028877	-0.018527	0.020522
1782895775.961452	-0.476472	0.002914	1.299481	0.005320	0.000380	0.892451	-0.028877	-0.018527	0.020522
1782895775.971732	-0.476437	0.002721	1.299681	0.001489	0.002163	0.892797	-0.026091	-0.019823	0.010506
1782895775.981893	-0.476553	0.002476	1.300028	0.005948	0.002924	0.893802	-0.026091	-0.019823	0.010506
1782895775.992033	-0.476553	0.002476	1.300028	0.005948	0.002924	0.893802	-0.026091	-0.019823	0.010506
1782895776.003929	-0.476652	0.002267	1.300254	0.009607	0.002274	0.894279	-0.035264	-0.017222	0.010431
1782895776.011669	-0.476744	0.002035	1.300232	0.008279	0.002320	0.895135	-0.035264	-0.017222	0.010431
1782895776.021843	-0.476819	0.001822	1.300291	0.007338	0.003043	0.896055	-0.028256	-0.020539	0.009583
1782895776.031902	-0.476888	0.001476	1.300195	0.005089	0.002751	0.896670	-0.025134	-0.023710	-0.005979
1782895776.041908	-0.476933	0.001354	1.300366	0.005771	0.002241	0.897209	-0.025134	-0.023710	-0.005979
1782895776.053800	-0.477019	0.001096	1.300330	0.007555	0.001251	0.898001	-0.031745	-0.019656	-0.015024
1782895776.064236	-0.477181	0.000863	1.300093	0.007346	0.002274	0.898211	-0.031745	-0.019656	-0.015024
1782895776.075037	-0.477356	0.000680	1.300033	0.007418	0.003119	0.898530	-0.027990	-0.022051	-0.012198
1782895776.083608	-0.477381	0.000408	1.299822	0.007258	0.002318	0.898983	-0.027990	-0.022051	-0.012198
1782895776.093984	-0.477381	0.000408	1.299822	0.007258	0.002318	0.898983	-0.021647	-0.025770	-0.026635
1782895776.105937	-0.477463	-0.000153	1.299380	0.006764	0.001484	0.902717	-0.021647	-0.025770	-0.026635
1782895776.119566	-0.477502	-0.000273	1.299101	0.004499	0.001965	0.903302	-0.028915	-0.019666	-0.036984
1782895776.125289	-0.477502	-0.000273	1.299101	0.004499	0.001965	0.903302	-0.028915	-0.019666	-0.036984
1782895776.132349	-0.477631	-0.000528	1.298693	0.000777	0.002399	0.904841	-0.028915	-0.019666	-0.036984
1782895776.142628	-0.477838	-0.000796	1.298428	0.001576	0.002273	0.904847	-0.024830	-0.023178	-0.022107
1782895776.152100	-0.477922	-0.001098	1.298060	-0.000049	0.003032	0.905354	-0.024275	-0.024881	-0.030520
1782895776.161623	-0.478084	-0.001337	1.297891	-0.000817	0.003753	0.905380	-0.024275	-0.024881	-0.030520
1782895776.173503	-0.478250	-0.001540	1.297752	-0.001646	0.004219	0.906110	-0.025999	-0.020366	-0.015078
1782895776.181458	-0.478362	-0.001745	1.297667	-0.001454	0.004422	0.906283	-0.025999	-0.020366	-0.015078
1782895776.191643	-0.478362	-0.001745	1.297667	-0.001454	0.004422	0.906283	-0.025999	-0.020366	-0.015078
1782895776.202792	-0.478493	-0.002098	1.297572	-0.002169	0.004341	0.907913	-0.024537	-0.023155	-0.008353
1782895776.212009	-0.478554	-0.002525	1.297442	0.001387	0.003199	0.909112	-0.024537	-0.023155	-0.008353
1782895776.222955	-0.478704	-0.002738	1.297630	0.000733	0.001519	0.910740	-0.025929	-0.019322	0.003151
1782895776.231899	-0.478691	-0.002995	1.297760	0.002154	0.001496	0.912354	-0.025929	-0.019322	0.003151
1782895776.241395	-0.478792	-0.003147	1.297840	0.003266	0.001350	0.913057	-0.024606	-0.020695	0.009829
1782895776.251817	-0.478920	-0.003457	1.298125	0.002791	0.001341	0.913408	-0.030450	-0.018367	0.023816
1782895776.261209	-0.478906	-0.003681	1.298260	0.003923	0.001621	0.914540	-0.030450	-0.018367	0.023816
1782895776.306343	-0.479256	-0.004035	1.298649	0.004952	0.002768	0.916573	-0.024819	-0.019058	0.018947
1782895776.355525	-0.479618	-0.004853	1.299398	-0.000037	0.002294	0.918013	-0.027739	-0.017975	0.022048
1782895776.401780	-0.478727	-0.005526	1.298984	0.015528	0.037095	0.912590	-0.006031	-0.016463	0.024864
1782895776.445325	-0.474600	-0.005254	1.296486	0.045599	0.101904	0.881134	0.028317	-0.029543	-0.013580
1782895776.483922	-0.468311	-0.004808	1.290640	0.067850	0.171691	0.841984	0.091608	-0.052149	-0.086134
1782895776.520741	-0.461865	-0.003686	1.283458	0.082165	0.218630	0.810920	0.187588	-0.083728	-0.152321
1782895776.560525	-0.453714	-0.001942	1.274597	0.091505	0.253879	0.775868	0.289060	-0.110835	-0.174332
1782895776.604104	-0.435605	0.002955	1.258069	0.093129	0.278903	0.720155	0.403644	-0.136098	-0.204349
1782895776.648830	-0.421735	0.007108	1.246558	0.092252	0.278290	0.694368	0.521436	-0.167032	-0.212814
1782895776.687960	-0.399264	0.014101	1.230085	0.088110	0.266619	0.657838	0.618304	-0.180043	-0.246371
1782895776.723257	-0.379856	0.020384	1.216196	0.081828	0.248541	0.633790	0.724208	-0.200372	-0.296610
1782895776.771925	-0.351019	0.029506	1.195511	0.074141	0.219369	0.603968	0.795620	-0.207406	-0.354076
1782895776.861405	-0.319319	0.039581	1.172176	0.059317	0.185261	0.576445	0.862942	-0.214280	-0.406778
1782895776.898582	-0.238874	0.063820	1.113790	0.039292	0.108153	0.517797	0.959196	-0.209959	-0.538489
1782895776.939193	-0.219991	0.069429	1.100116	0.033782	0.083913	0.495718	0.969328	-0.195033	-0.571904
1782895776.982593	-0.190851	0.077471	1.079632	0.029145	0.063215	0.478338	0.969625	-0.184133	-0.590667
1782895777.033248	-0.141751	0.091074	1.046596	0.021120	0.046980	0.454310	0.974081	-0.172737	-0.563440
1782895777.065377	-0.091852	0.104007	1.018079	0.024769	0.027498	0.424532	0.976628	-0.165056	-0.461593
1782895777.100229	-0.062140	0.111087	1.003750	0.025335	0.017414	0.408682	0.964300	-0.157169	-0.432958
1782895777.142615	-0.032579	0.117853	0.992138	0.021577	0.011147	0.394887	0.955943	-0.151966	-0.351853
1782895777.184562	0.006401	0.126218	0.980180	0.024806	0.001007	0.376551	0.947009	-0.151923	-0.261124
1782895777.229275	0.035171	0.131551	0.974396	0.030005	-0.005717	0.363350	0.930708	-0.153625	-0.178190
1782895777.266201	0.072828	0.137848	0.970352	0.030528	-0.011165	0.346928	0.913129	-0.157561	-0.084181
1782895777.299949	0.109477	0.142822	0.970020	0.032754	-0.018363	0.331192	0.897311	-0.154713	-0.060117
1782895777.343152	0.136179	0.145930	0.971224	0.032087	-0.022331	0.321343	0.882569	-0.158803	-0.022314
1782895777.383581	0.171042	0.149181	0.973681	0.031171	-0.024950	0.306064	0.868293	-0.165050	0.006699
1782895777.415971	0.196329	0.150948	0.975564	0.029640	-0.028261	0.297040	0.841976	-0.167264	-0.028845
1782895777.449996	0.221118	0.152185	0.977092	0.033016	-0.034228	0.286147	0.821247	-0.171114	-0.061866
1782895777.493101	0.252839	0.153197	0.976943	0.031423	-0.044134	0.272366	0.793915	-0.177042	-0.117844
1782895777.535676	0.276028	0.153168	0.975307	0.026931	-0.046777	0.261517	0.782698	-0.175273	-0.141593
1782895777.568625	0.305625	0.153315	0.971551	0.026421	-0.055983	0.249677	0.746091	-0.182569	-0.193736
1782895777.608827	0.326824	0.152626	0.967381	0.026069	-0.062201	0.241747	0.721511	-0.176411	-0.207755
1782895777.654669	0.347270	0.151741	0.962614	0.028479	-0.065632	0.232846	0.696354	-0.191680	-0.208765
1782895777.689352	0.379045	0.148828	0.954264	0.019359	-0.068110	0.223064	0.642060	-0.208930	-0.213359
1782895777.726943	0.396871	0.146467	0.949523	0.017327	-0.067878	0.217176	0.615332	-0.205177	-0.205012
1782895777.764284	0.413576	0.143491	0.944700	0.006409	-0.065892	0.212664	0.573495	-0.212077	-0.181516
1782895777.810862	0.433895	0.139043	0.939448	0.008259	-0.062662	0.207120	0.525554	-0.210623	-0.148260
1782895777.847074	0.451873	0.134473	0.934901	0.011471	-0.061116	0.199532	0.476825	-0.204481	-0.120049
1782895777.913741	0.463894	0.130632	0.932181	0.007554	-0.056440	0.193275	0.430309	-0.194166	-0.084631
1782895777.966156	0.484098	0.123309	0.928744	0.004038	-0.042945	0.179363	0.340132	-0.169617	-0.043603
1782895777.999625	0.497323	0.117425	0.927211	0.000445	-0.032928	0.164392	0.299106	-0.160722	-0.011472
1782895778.040534	0.503725	0.113559	0.926218	0.003224	-0.028109	0.157255	0.253540	-0.153342	-0.015149
1782895778.082172	0.511085	0.108526	0.925558	0.005528	-0.018048	0.142304	0.231440	-0.157220	-0.017372
1782895778.117065	0.516006	0.104464	0.924615	0.009919	-0.013885	0.135689	0.195659	-0.159524	-0.045465
1782895778.150082	0.519923	0.100352	0.922634	0.008386	-0.008130	0.128901	0.167986	-0.165821	-0.046058
1782895778.192690	0.524352	0.094640	0.919532	0.008257	-0.000618	0.119357	0.158305	-0.171599	-0.050106
1782895778.229690	0.526968	0.090312	0.916812	0.012654	0.004636	0.113221	0.118402	-0.182742	-0.062890
1782895778.263313	0.530024	0.083776	0.912526	0.008826	0.011861	0.106765	0.114938	-0.190968	-0.066707
1782895778.300310	0.531596	0.078983	0.909004	0.004424	0.016066	0.101447	0.085392	-0.191897	-0.082008
1782895778.337749	0.532779	0.073968	0.905148	0.004666	0.020492	0.096400	0.069776	-0.200018	-0.087489
1782895778.373557	0.533799	0.069054	0.901140	0.002483	0.024306	0.092355	0.041994	-0.195447	-0.083947
1782895778.413903	0.534647	0.063955	0.897498	-0.004309	0.029290	0.089288	0.038515	-0.199118	-0.065508
1782895778.458527	0.535115	0.057189	0.893139	-0.008649	0.034769	0.085406	0.015187	-0.196508	-0.034967
1782895778.547026	0.535301	0.050588	0.889772	-0.008681	0.042042	0.081575	0.000857	-0.187606	-0.026067
1782895778.625000	0.536031	0.036814	0.884879	-0.017936	0.053117	0.072336	-0.010787	-0.174083	-0.006095
1782895778.666655	0.537254	0.028863	0.882985	-0.023170	0.057609	0.069738	-0.010021	-0.164331	0.008349
1782895778.701586	0.538460	0.024024	0.882308	-0.024478	0.061974	0.066796	-0.010669	-0.150969	0.001966
1782895778.741033	0.539471	0.020551	0.882188	-0.027205	0.061085	0.065935	-0.003145	-0.144589	0.009139
1782895778.783423	0.541442	0.016841	0.882678	-0.027813	0.064101	0.063460	-0.003006	-0.130249	0.043834
1782895778.819291	0.543165	0.014485	0.883313	-0.023297	0.061464	0.063990	-0.010853	-0.112090	0.046402
1782895778.854909	0.545345	0.011459	0.884881	-0.018680	0.060310	0.058510	-0.007147	-0.103012	0.045198
1782895778.894742	0.547434	0.009632	0.886091	-0.019317	0.060482	0.057942	-0.007609	-0.090298	0.054594
1782895778.939230	0.549518	0.008116	0.887164	-0.008417	0.057960	0.052752	-0.005848	-0.087717	0.055780
1782895779.027381	0.553094	0.006168	0.888688	-0.013033	0.062796	0.047898	-0.013925	-0.071553	0.056482
1782895779.070326	0.558787	0.003921	0.889529	-0.004059	0.059079	0.041481	-0.014017	-0.058256	0.032397
1782895779.124499	0.562198	0.002996	0.889128	-0.003335	0.060812	0.036908	-0.006496	-0.060529	0.012945
1782895779.200847	0.566699	0.001707	0.887662	-0.005503	0.059422	0.033026	-0.004707	-0.051308	0.003432
1782895779.263904	0.573349	0.000443	0.885002	-0.008796	0.057164	0.028878	-0.002979	-0.042622	-0.008225
1782895779.303763	0.578149	-0.000103	0.882632	-0.008510	0.054981	0.022893	-0.010478	-0.030485	-0.009873
1782895779.342202	0.581926	-0.000442	0.881226	-0.006957	0.053674	0.018924	-0.011275	-0.032315	-0.007449
1782895779.385262	0.585399	-0.001090	0.880129	-0.004630	0.050850	0.017781	-0.014046	-0.031519	0.015721
1782895779.420820	0.588058	-0.001167	0.879658	-0.005665	0.051578	0.014964	-0.022121	-0.022813	0.025627
1782895779.460324	0.591291	-0.001673	0.879265	-0.002874	0.049946	0.013707	-0.025706	-0.018549	0.019265
1782895779.501473	0.594601	-0.002228	0.879363	0.002014	0.050066	0.012184	-0.023121	-0.023368	0.012902
1782895779.552403	0.596529	-0.002598	0.879338	0.001996	0.049434	0.010186	-0.025928	-0.020348	0.026450
1782895779.598565	0.600005	-0.003282	0.879426	0.007160	0.047524	0.005508	-0.036903	-0.017636	0.016633
1782895779.638541	0.601537	-0.003701	0.879420	0.003833	0.044021	0.004576	-0.045725	-0.016291	0.009196
1782895779.682535	0.603551	-0.004334	0.879107	0.000626	0.045733	0.000959	-0.045417	-0.015233	0.014581
1782895779.716990	0.604819	-0.005344	0.878942	0.001617	0.045463	-0.000918	-0.058289	-0.016303	0.030006
1782895779.758697	0.605668	-0.005721	0.878862	0.002679	0.048602	-0.002922	-0.061566	-0.017556	0.022260
1782895779.818663	0.606517	-0.007117	0.879556	0.006752	0.047647	-0.005280	-0.078864	-0.010538	0.029613
1782895779.857978	0.606742	-0.007576	0.879973	0.002793	0.048763	-0.006756	-0.080484	-0.009803	0.011381
1782895779.899074	0.606636	-0.008482	0.880335	0.004569	0.047946	-0.008787	-0.079565	-0.015214	0.016806
1782895779.937618	0.606385	-0.009225	0.880528	0.004889	0.047822	-0.010776	-0.090539	-0.011415	0.022401
1782895779.978819	0.605458	-0.010215	0.880609	0.006048	0.046158	-0.011282	-0.099549	-0.005517	0.007279
1782895780.016504	0.604703	-0.010936	0.880703	0.001330	0.049827	-0.013351	-0.096731	-0.011559	-0.003042
1782895780.099751	0.603496	-0.011982	0.880110	-0.002825	0.049796	-0.015004	-0.106153	-0.005094	-0.000492
1782895780.160319	0.600404	-0.013961	0.879230	-0.006954	0.055654	-0.015276	-0.106191	-0.004991	-0.010657
1782895780.196203	0.597976	-0.015283	0.879328	0.001341	0.059595	-0.013763	-0.105667	-0.002918	0.002973
1782895780.234173	0.596967	-0.015894	0.879197	-0.000986	0.061229	-0.014005	-0.102316	-0.010837	0.010211
1782895780.281956	0.595460	-0.017231	0.880461	0.007713	0.062858	-0.012581	-0.096921	-0.014178	0.029520
1782895780.328613	0.593418	-0.018732	0.881601	0.009152	0.061197	-0.010889	-0.093459	-0.014077	0.036625
1782895780.368071	0.592222	-0.020182	0.883365	0.010818	0.059924	-0.008149	-0.094091	-0.014985	0.037235
1782895780.402782	0.590585	-0.022001	0.884968	0.008472	0.060570	-0.008031	-0.095425	-0.016439	0.041689
1782895780.438449	0.589641	-0.023450	0.886025	0.002609	0.061140	-0.005478	-0.088421	-0.019071	0.035108
1782895780.482056	0.588782	-0.024731	0.887125	0.000009	0.064820	-0.005800	-0.079769	-0.022551	0.038986
1782895780.521320	0.587785	-0.026871	0.887858	-0.001740	0.063604	-0.006225	-0.079888	-0.016743	0.013878
1782895780.559009	0.586624	-0.028762	0.888012	0.000874	0.064237	-0.004653	-0.064694	-0.022821	-0.001728
1782895780.590997	0.585872	-0.030236	0.887978	0.000815	0.062749	-0.004470	-0.068616	-0.016884	0.001847
1782895780.638118	0.585250	-0.031605	0.887760	-0.000277	0.061579	-0.004501	-0.065149	-0.013826	-0.018634
1782895780.669845	0.584442	-0.033582	0.887560	-0.000880	0.061239	-0.002370	-0.056961	-0.016724	-0.004855
1782895780.705005	0.583825	-0.035242	0.887201	-0.004571	0.060754	-0.003258	-0.049087	-0.018204	-0.007148
1782895780.742904	0.583577	-0.036117	0.887280	-0.006395	0.060632	-0.002012	-0.054313	-0.010131	0.001189
1782895780.779848	0.582933	-0.037558	0.887717	-0.001774	0.059247	-0.002923	-0.051537	-0.009576	0.025077
1782895780.812314	0.582575	-0.038733	0.888292	-0.004227	0.056362	-0.000787	-0.053648	-0.002519	0.032492
1782895780.859533	0.581896	-0.039781	0.889158	-0.005452	0.054633	-0.001552	-0.048099	-0.005293	0.030645
1782895780.888948	0.581351	-0.040924	0.890917	-0.003952	0.053031	0.001666	-0.044761	0.000445	0.037041
1782895780.921364	0.581219	-0.041389	0.891448	-0.007547	0.055243	0.002832	-0.048897	0.007725	0.019922
1782895780.962362	0.580912	-0.042137	0.892397	-0.007426	0.058789	0.003175	-0.040642	0.005504	0.029418
1782895780.995446	0.580103	-0.042857	0.893110	-0.009017	0.057434	0.006294	-0.045936	0.014761	0.016419
1782895781.031285	0.579855	-0.043141	0.893479	-0.006638	0.058799	0.007073	-0.039702	0.008906	0.016233
1782895781.076145	0.579038	-0.043689	0.894153	0.002826	0.054066	0.011154	-0.046740	0.019336	0.010422
1782895781.121609	0.578509	-0.044001	0.894544	0.001850	0.054298	0.010661	-0.041804	0.014164	0.004506
1782895781.188387	0.577679	-0.044981	0.895018	0.003055	0.055168	0.013157	-0.038675	0.012418	0.006599
1782895781.257431	0.576801	-0.045745	0.895587	0.007736	0.053003	0.014505	-0.033152	0.010591	0.006751
1782895781.297218	0.575665	-0.046769	0.896517	0.006541	0.055428	0.016595	-0.033633	0.016398	0.008767
1782895781.344215	0.575311	-0.047405	0.897297	0.006492	0.056644	0.016848	-0.026245	0.010248	0.026915
1782895781.380939	0.574825	-0.048397	0.898262	0.007304	0.057318	0.017707	-0.023288	0.011293	0.031014
1782895781.430792	0.574414	-0.048812	0.899133	0.001916	0.059329	0.017638	-0.025560	0.015369	0.014939
1782895781.468847	0.573757	-0.049755	0.899940	0.004394	0.058393	0.015056	-0.017544	0.013194	0.011006
1782895781.508776	0.573626	-0.050396	0.900048	0.000858	0.057936	0.013923	-0.021651	0.016900	-0.000413
1782895781.602389	0.573445	-0.050626	0.899946	0.001551	0.058764	0.012776	-0.015328	0.019114	0.003972
1782895781.675310	0.573261	-0.052085	0.899230	-0.002652	0.059307	0.007692	-0.004275	0.018735	-0.012750
1782895781.714039	0.573175	-0.052721	0.898477	-0.002352	0.057055	0.004467	-0.003192	0.021905	-0.003774
1782895781.758156	0.573197	-0.053370	0.898465	-0.000952	0.056437	0.003179	0.001756	0.017011	-0.012898
1782895781.792491	0.573278	-0.054079	0.898588	-0.001237	0.054942	0.000411	0.007187	0.015700	-0.001873
1782895781.832926	0.573386	-0.054555	0.898490	0.004369	0.054991	-0.001220	0.003743	0.014240	0.002258
1782895781.876073	0.573605	-0.054976	0.898719	0.004718	0.056005	-0.003406	0.002139	0.017942	0.011951
1782895781.914908	0.573636	-0.055577	0.899279	-0.000321	0.053610	-0.003635	0.006267	0.013169	0.001953
1782895781.954707	0.573713	-0.056534	0.899756	-0.000769	0.054310	-0.007555	0.002152	0.013378	0.009976
1782895781.990734	0.573794	-0.057305	0.900237	0.003367	0.053900	-0.011438	0.002372	0.012455	0.009764
1782895782.031173	0.573665	-0.058124	0.900652	0.003115	0.054046	-0.014341	0.002179	0.011855	-0.009515
1782895782.066947	0.573638	-0.058923	0.900745	0.001003	0.053070	-0.017069	0.007252	0.008855	-0.001859
1782895782.100590	0.573576	-0.059786	0.900493	0.003536	0.054298	-0.021668	0.010934	0.002253	-0.004995
1782895782.147012	0.573723	-0.060588	0.900406	0.002576	0.055060	-0.025965	0.003083	0.010684	-0.008971
1782895782.237813	0.573760	-0.061772	0.900362	-0.003222	0.054990	-0.032066	0.012969	0.007519	-0.003260
1782895782.345867	0.573174	-0.063769	0.899890	-0.005139	0.054253	-0.038453	0.011155	0.007700	-0.002260
1782895782.380642	0.573061	-0.065709	0.899455	-0.014055	0.051716	-0.050249	0.019859	0.011178	-0.013672
1782895782.415763	0.573151	-0.066085	0.899258	-0.010179	0.049463	-0.053678	0.012556	0.024205	-0.025273
1782895782.458993	0.573198	-0.066288	0.898748	-0.013780	0.051157	-0.058106	0.016435	0.019413	-0.011307
1782895782.493666	0.573112	-0.066806	0.897862	-0.017350	0.051357	-0.062889	0.006996	0.026162	-0.022861
1782895782.530904	0.572911	-0.066668	0.897464	-0.014480	0.050755	-0.064730	0.008939	0.028090	-0.022608
1782895782.575629	0.572779	-0.066713	0.896581	-0.010020	0.047710	-0.068964	0.010614	0.023994	-0.029758
1782895782.617975	0.572493	-0.066590	0.896187	-0.010803	0.047360	-0.068393	0.009524	0.025122	-0.014062
1782895782.668457	0.572168	-0.066662	0.895212	-0.006823	0.045933	-0.070185	0.009225	0.023731	-0.028402
1782895782.708141	0.571756	-0.066304	0.894033	-0.002955	0.045188	-0.073851	0.014830	0.018752	-0.025760
1782895782.745512	0.571276	-0.066141	0.893269	-0.003024	0.048642	-0.075925	0.009796	0.024019	-0.022629
1782895782.783149	0.570966	-0.066163	0.892486	-0.001495	0.047176	-0.077507	0.016018	0.021901	-0.035097
1782895782.823404	0.570975	-0.066029	0.891814	-0.003165	0.048414	-0.081904	0.012175	0.022471	-0.031102
1782895782.865338	0.570463	-0.066201	0.890745	-0.004000	0.047450	-0.083789	0.014365	0.016414	-0.026024
1782895782.896595	0.569879	-0.066046	0.889867	-0.009918	0.048247	-0.083056	0.008924	0.019120	-0.004538
1782895782.937323	0.569792	-0.065865	0.889529	-0.005202	0.048693	-0.084832	0.011572	0.018100	-0.014753
1782895782.980312	0.569283	-0.065604	0.889635	-0.012764	0.048450	-0.085430	0.010439	0.020685	-0.004257
1782895783.025764	0.568756	-0.065418	0.889419	-0.012051	0.049616	-0.088578	0.004522	0.028183	-0.014116
1782895783.071165	0.568338	-0.065054	0.889420	-0.010403	0.050127	-0.088708	0.014886	0.022249	-0.010802
1782895783.104619	0.568169	-0.064738	0.889398	-0.012045	0.048695	-0.088153	0.008823	0.027726	0.002048
1782895783.136977	0.568037	-0.064135	0.889755	-0.009138	0.049693	-0.091081	0.012927	0.027532	-0.010419
1782895783.172025	0.567622	-0.063811	0.889573	-0.009288	0.048352	-0.090235	0.013813	0.031618	-0.003450
1782895783.205434	0.567739	-0.063375	0.889692	-0.010532	0.050664	-0.092315	0.017096	0.028347	0.001614
1782895783.247619	0.567625	-0.062913	0.889636	-0.012187	0.050133	-0.090963	0.011956	0.036938	0.002649
1782895783.292469	0.567435	-0.061895	0.889832	-0.013834	0.053742	-0.091588	0.016240	0.031369	0.005752
1782895783.338934	0.567587	-0.060983	0.890378	-0.009081	0.054863	-0.090588	0.018336	0.033268	0.025633
1782895783.429302	0.567804	-0.060191	0.890847	-0.011223	0.055614	-0.090861	0.020304	0.035636	0.022654
1782895783.475061	0.568870	-0.057644	0.892307	-0.009915	0.053966	-0.087001	0.031899	0.033297	0.012536
1782895783.520993	0.569211	-0.056727	0.892399	-0.010115	0.051512	-0.084853	0.031657	0.035858	0.000778
1782895783.556391	0.570190	-0.055213	0.891919	-0.008625	0.051206	-0.083634	0.030965	0.038804	-0.027197
1782895783.594347	0.570608	-0.054467	0.891379	-0.007310	0.055011	-0.081810	0.037541	0.032269	-0.014039
1782895783.634919	0.571404	-0.053464	0.890296	-0.007843	0.053077	-0.079561	0.031640	0.040605	-0.037927
1782895783.678598	0.572029	-0.052284	0.889059	-0.001656	0.052028	-0.079209	0.042743	0.030285	-0.031020
1782895783.712989	0.572606	-0.051334	0.887981	-0.004020	0.049694	-0.075429	0.037457	0.033233	-0.015528
1782895783.755155	0.573481	-0.050108	0.887136	-0.000690	0.048817	-0.074369	0.041424	0.029035	-0.022076
1782895783.789450	0.574321	-0.048894	0.886442	-0.001583	0.044352	-0.071747	0.037603	0.030620	-0.017691
1782895783.837336	0.575089	-0.048285	0.886114	-0.002075	0.047942	-0.070638	0.030905	0.035300	0.000980
1782895783.879300	0.575707	-0.047033	0.886630	-0.006655	0.044846	-0.067839	0.028877	0.031979	0.030119
1782895783.920036	0.576333	-0.046383	0.887071	0.000513	0.044347	-0.065377	0.031836	0.026320	0.027893
1782895783.956185	0.576926	-0.044946	0.888511	-0.005147	0.045674	-0.063128	0.026977	0.023604	0.027732
1782895783.997295	0.577290	-0.044376	0.889623	-0.002373	0.045666	-0.060525	0.024413	0.026388	0.038561
1782895784.034985	0.577647	-0.043527	0.890679	-0.006010	0.046913	-0.057531	0.018238	0.026682	0.019711
1782895784.073958	0.577973	-0.042945	0.891591	-0.005923	0.048655	-0.054777	0.019232	0.023713	0.027874
1782895784.106674	0.577878	-0.042392	0.892126	-0.004840	0.048457	-0.052690	0.014534	0.022277	0.017376
1782895784.148712	0.577919	-0.041910	0.892566	-0.004403	0.051402	-0.051333	0.016476	0.017459	0.013745
1782895784.183896	0.577864	-0.040960	0.892787	-0.002439	0.053362	-0.048390	0.011776	0.019725	0.012282
1782895784.216924	0.578003	-0.040743	0.892737	-0.001979	0.054489	-0.048801	0.009997	0.017043	-0.003730
1782895784.266608	0.577834	-0.040363	0.892508	-0.000265	0.052842	-0.047329	0.008218	0.018384	-0.003225
1782895784.306893	0.577921	-0.039613	0.891533	-0.003590	0.052729	-0.046886	0.009533	0.016378	-0.021675
1782895784.345393	0.577752	-0.039392	0.890961	-0.006329	0.051579	-0.046154	0.017508	0.010457	-0.013376
1782895784.379822	0.577654	-0.038919	0.890024	-0.004375	0.049619	-0.044625	0.008873	0.016733	0.001029
1782895784.420055	0.577528	-0.038516	0.889836	-0.004979	0.049760	-0.044090	0.015477	0.010484	-0.002087
1782895784.485121	0.577410	-0.037883	0.889756	-0.006160	0.048920	-0.045384	0.012410	0.012059	0.007063
1782895784.559835	0.577334	-0.037290	0.889911	-0.005086	0.050020	-0.046283	0.010299	0.015041	0.010796
1782895784.658965	0.576916	-0.035996	0.890979	-0.004136	0.049196	-0.044443	0.004502	0.023716	-0.001486
1782895784.736944	0.576407	-0.033975	0.892087	-0.005582	0.048762	-0.042582	0.003305	0.023116	0.022203
1782895784.781994	0.575972	-0.032491	0.892876	-0.001158	0.052054	-0.041869	0.003408	0.021324	0.004286
