时间(s)	角速度roll(rad/s)	角速度pitch(rad/s)	角速度yaw(rad/s)	推力
1782895631.828734	0.155430	0.861976	2.296110	-2.388838
1782895631.865848	0.157324	0.863437	2.285993	-2.397508
1782895631.902428	0.167640	0.828370	2.219583	-2.435244
1782895631.948759	0.212756	0.702810	1.917471	-2.448589
1782895631.992573	0.244202	0.476227	1.286656	-2.205310
1782895632.030060	0.238036	0.319109	0.835538	-1.916702
1782895632.067096	0.218251	0.128944	0.326167	-1.522984
1782895632.103385	0.211213	0.016474	0.008238	-1.284052
1782895632.150616	0.210926	-0.062188	-0.246390	-1.097353
1782895632.200210	0.214148	-0.143013	-0.351920	-0.976654
1782895632.279513	0.220623	-0.213264	-0.408798	-0.906047
1782895632.327447	0.245014	-0.211069	-0.404536	-0.801583
1782895632.370110	0.259964	-0.284923	-0.460053	-0.737124
1782895632.406061	0.281133	-0.196480	-0.338818	-0.681387
1782895632.439475	0.293928	-0.186722	-0.320576	-0.653544
1782895632.483077	0.304515	-0.124224	-0.171568	-0.613996
1782895632.511049	0.311366	-0.033720	-0.005460	-0.585031
1782895632.549112	0.309379	-0.006899	0.055759	-0.570365
1782895632.593160	0.312728	-0.007919	0.142930	-0.529501
1782895632.641184	0.304226	0.021844	0.225875	-0.505307
1782895632.677723	0.287129	0.009081	0.331980	-0.486839
1782895632.718462	0.280891	-0.004008	0.347932	-0.465665
1782895632.759116	0.271162	-0.017449	0.404759	-0.449195
1782895632.804518	0.258064	-0.049789	0.456871	-0.426751
1782895632.843167	0.255319	-0.089371	0.520828	-0.400240
1782895632.882479	0.253897	-0.066653	0.550588	-0.376162
1782895632.916610	0.253626	-0.061246	0.556050	-0.355655
1782895632.960319	0.253123	-0.082449	0.543124	-0.341117
1782895633.005576	0.252749	-0.061102	0.539109	-0.313939
1782895633.039778	0.254858	-0.052079	0.544629	-0.296722
1782895633.069878	0.257880	-0.123787	0.607146	-0.267186
1782895633.114833	0.258759	-0.100956	0.570650	-0.253641
1782895633.152893	0.257601	-0.136181	0.632595	-0.240435
1782895633.184687	0.257622	-0.167057	0.627071	-0.223073
1782895633.228492	0.257667	-0.161082	0.618481	-0.216931
1782895633.267915	0.263042	-0.138047	0.623842	-0.203928
1782895633.352457	0.258513	-0.217852	0.605361	-0.184864
1782895633.399033	0.263274	-0.205794	0.585746	-0.153979
1782895633.478554	0.264180	-0.228314	0.576164	-0.146981
1782895633.614597	0.280301	-0.263432	0.552207	-0.104677
1782895633.681782	0.288795	-0.287405	0.502917	-0.086509
1782895633.715585	0.292798	-0.257656	0.478431	-0.076042
1782895633.761030	0.292535	-0.271689	0.468519	-0.074147
1782895633.805758	0.285107	-0.243746	0.454457	-0.065880
1782895633.840567	0.274069	-0.231083	0.464571	-0.060577
1782895633.876611	0.266908	-0.177643	0.438098	-0.052622
1782895633.913556	0.257596	-0.159764	0.403276	-0.045855
1782895633.959917	0.252610	-0.101069	0.403350	-0.041479
1782895633.993421	0.249135	-0.076397	0.389359	-0.034494
1782895634.032420	0.250251	-0.031686	0.376124	-0.033600
1782895634.077825	0.254231	0.018608	0.367895	-0.027165
1782895634.122886	0.257625	0.009059	0.357356	-0.025686
1782895634.163102	0.266200	0.025401	0.370816	-0.022941
1782895634.193729	0.266877	0.030808	0.354045	-0.019586
1782895634.233591	0.270711	0.054075	0.350834	-0.018001
1782895634.268744	0.273221	0.048428	0.360861	-0.013722
1782895634.302522	0.268532	0.068225	0.355056	-0.006399
1782895634.340658	0.270701	0.023699	0.391750	-0.009520
1782895634.386664	0.268370	0.089371	0.387955	-0.000450
1782895634.472850	0.270664	0.041175	0.364576	0.001583
1782895634.510334	0.272956	0.007716	0.354992	0.005675
1782895634.551852	0.274955	-0.003224	0.344033	0.009229
1782895634.587564	0.277967	-0.063399	0.343722	0.007562
1782895634.619851	0.272102	-0.070075	0.367603	0.006618
1782895634.655888	0.273302	-0.074202	0.359433	0.009158
1782895634.689900	0.267843	-0.027071	0.389124	0.010383
1782895634.727116	0.268725	-0.052365	0.381200	0.010452
1782895634.770775	0.262916	-0.047784	0.395252	0.011171
1782895634.806912	0.263265	-0.052490	0.390290	0.013433
1782895634.839734	0.264889	-0.073215	0.399251	0.012234
1782895634.879848	0.260285	-0.077299	0.394660	0.012351
1782895634.920741	0.265556	-0.068751	0.391536	0.013773
1782895634.960692	0.267787	-0.093708	0.388568	0.013186
1782895634.995060	0.265634	-0.075781	0.397518	0.015148
1782895635.037203	0.270517	-0.101153	0.402544	0.014602
1782895635.071685	0.272275	-0.108389	0.402315	0.014845
1782895635.105935	0.273046	-0.102631	0.413663	0.017495
1782895635.146098	0.268706	-0.116092	0.425679	0.016238
1782895635.188111	0.271995	-0.112390	0.417365	0.019843
1782895635.225071	0.271601	-0.130183	0.424360	0.018991
1782895635.263383	0.268941	-0.112274	0.429097	0.022217
1782895635.310078	0.270361	-0.116049	0.416644	0.024184
1782895635.355105	0.266360	-0.121255	0.411946	0.025170
1782895635.389691	0.265261	-0.157820	0.422133	0.023341
1782895635.424250	0.266631	-0.122269	0.426178	0.027095
1782895635.468914	0.264188	-0.132599	0.422014	0.026893
1782895635.552137	0.264942	-0.143866	0.434497	0.026879
1782895635.597972	0.266185	-0.104895	0.401339	0.032246
1782895635.639116	0.265232	-0.107080	0.406534	0.032173
1782895635.674417	0.270186	-0.086771	0.388968	0.034784
1782895635.705070	0.268490	-0.061720	0.361347	0.036985
1782895635.749664	0.270734	-0.047725	0.374361	0.037836
1782895635.792049	0.267724	-0.075436	0.378423	0.034101
1782895635.832485	0.263228	-0.085650	0.403538	0.031715
1782895635.869418	0.265996	-0.040054	0.391380	0.037052
1782895635.903886	0.266584	-0.046320	0.400660	0.035634
1782895635.944975	0.266816	-0.041663	0.410115	0.036120
1782895635.981240	0.268265	-0.080221	0.410551	0.033393
1782895636.020637	0.268185	-0.080948	0.423230	0.034177
1782895636.058089	0.267203	-0.047145	0.405531	0.038151
1782895636.090791	0.266588	-0.066296	0.402080	0.035296
1782895636.134142	0.265927	-0.096301	0.404401	0.034725
1782895636.180292	0.265586	-0.075973	0.386184	0.036194
1782895636.218846	0.262735	-0.067241	0.384248	0.038668
1782895636.252640	0.268605	-0.062699	0.357994	0.040453
1782895636.298680	0.264071	-0.063881	0.370971	0.038685
1782895636.340700	0.266691	-0.053855	0.348890	0.042093
1782895636.386451	0.265078	-0.068159	0.354188	0.041771
1782895636.420024	0.266412	-0.026230	0.377192	0.044502
1782895636.457512	0.262838	-0.035803	0.358780	0.044558
1782895636.570679	0.262251	-0.019467	0.378909	0.044914
1782895636.701314	0.269945	-0.040957	0.378921	0.044686
1782895636.775104	0.270962	-0.034652	0.369387	0.046423
1782895636.806242	0.274226	-0.002762	0.377259	0.048368
1782895636.844037	0.269431	-0.016067	0.380810	0.047554
1782895636.887308	0.272934	-0.031032	0.384960	0.046521
1782895636.919954	0.270787	-0.044149	0.376299	0.046222
1782895636.955302	0.268276	-0.025699	0.402190	0.047135
1782895636.998590	0.269748	-0.001794	0.412327	0.049396
1782895637.042943	0.270130	-0.008371	0.413668	0.048399
1782895637.077857	0.269264	-0.063535	0.442558	0.045673
1782895637.110484	0.270652	-0.022735	0.435496	0.048161
1782895637.155902	0.269521	-0.044415	0.457221	0.048088
1782895637.199355	0.268651	0.009075	0.463062	0.050675
1782895637.235799	0.272064	0.004169	0.467341	0.050493
1782895637.277666	0.267912	-0.011584	0.471323	0.049030
1782895637.316129	0.271779	0.012578	0.454050	0.051195
1782895637.359318	0.270272	-0.002632	0.433370	0.049848
1782895637.389765	0.270603	0.001035	0.404595	0.051450
1782895637.422885	0.268386	-0.012575	0.402205	0.049350
1782895637.466536	0.267409	-0.000353	0.384060	0.049387
1782895637.506544	0.267847	0.014755	0.352509	0.049967
1782895637.541598	0.269375	-0.009706	0.353527	0.046788
1782895637.582583	0.265190	0.035769	0.355776	0.048250
1782895637.633351	0.267756	0.022854	0.359083	0.046280
1782895637.674759	0.265090	0.020632	0.354834	0.042948
1782895637.711554	0.268426	-0.030489	0.382840	0.037285
1782895637.787780	0.264693	-0.021344	0.379646	0.037653
1782895637.848354	0.267036	0.015107	0.396709	0.035985
1782895637.894149	0.265121	0.019608	0.401390	0.034948
1782895637.929012	0.270525	0.007145	0.389523	0.033802
1782895637.965207	0.266314	0.033954	0.384692	0.034113
1782895638.005445	0.265429	0.051410	0.385633	0.035043
1782895638.042596	0.265911	0.055041	0.391517	0.034163
1782895638.083628	0.268978	0.008395	0.392330	0.029618
1782895638.133797	0.270561	0.012849	0.366820	0.030468
1782895638.185805	0.272524	-0.015878	0.350763	0.027331
1782895638.228690	0.271905	-0.025102	0.357010	0.024348
1782895638.266318	0.269726	0.003051	0.347548	0.025629
1782895638.300406	0.271105	0.002929	0.347406	0.025710
1782895638.345542	0.272418	0.017435	0.350499	0.025295
1782895638.392526	0.268832	0.014305	0.344984	0.024240
1782895638.428309	0.266601	-0.020630	0.374467	0.019912
1782895638.464646	0.262109	0.009041	0.383145	0.020465
1782895638.505948	0.263653	-0.027293	0.404114	0.018191
1782895638.549140	0.266956	-0.033059	0.405122	0.017439
1782895638.609557	0.266693	-0.043782	0.409826	0.015811
1782895638.650598	0.265379	-0.051654	0.403171	0.014975
1782895638.695733	0.264022	-0.063577	0.411852	0.014030
1782895638.729479	0.264218	-0.067919	0.419763	0.013129
1782895638.769609	0.266187	-0.078554	0.422281	0.013282
1782895638.803782	0.269448	-0.041085	0.397978	0.016410
1782895638.869639	0.267528	-0.007685	0.407789	0.018953
