时间(s)	角速度roll(rad/s)	角速度pitch(rad/s)	角速度yaw(rad/s)	推力
1763642216.050616	0.193873	0.926207	2.318387	-2.387649
1763642216.078377	0.193667	0.924828	2.304876	-2.390829
1763642216.109932	0.193582	0.917471	2.323830	-2.387181
1763642216.135798	0.198253	0.921569	2.304938	-2.401333
1763642216.163647	0.214908	0.816952	2.192276	-2.428308
1763642216.182926	0.243022	0.679328	1.891480	-2.403241
1763642216.214739	0.254294	0.586114	1.719967	-2.349705
1763642216.241122	0.259947	0.408973	1.302138	-2.158261
1763642216.278438	0.240904	0.304165	0.910148	-1.902853
1763642216.311442	0.217333	0.192574	0.486078	-1.611478
1763642216.342332	0.203816	0.119594	0.171086	-1.344792
1763642216.369788	0.202177	0.104508	-0.096530	-1.117053
1763642216.402029	0.208669	0.106251	-0.323435	-0.928093
1763642216.431328	0.217403	0.144494	-0.451646	-0.795375
1763642216.453974	0.224057	0.151066	-0.498332	-0.740659
1763642216.484339	0.234799	0.143665	-0.497370	-0.670328
1763642216.506526	0.246636	0.191988	-0.545766	-0.618144
1763642216.549347	0.259123	0.185601	-0.411410	-0.598900
1763642216.570481	0.286115	0.187878	-0.183185	-0.557600
1763642216.604363	0.300645	0.182393	-0.099997	-0.537365
1763642216.628057	0.318906	0.148948	0.112832	-0.501400
1763642216.664431	0.322205	0.166224	0.187365	-0.481557
1763642216.703655	0.323594	0.110294	0.377818	-0.445509
1763642216.726054	0.314898	0.044353	0.592301	-0.392680
1763642216.758840	0.305038	0.028076	0.661611	-0.385104
1763642216.778786	0.284939	-0.001607	0.846593	-0.369116
1763642216.810536	0.276155	-0.040422	0.903558	-0.359167
1763642216.835518	0.272934	-0.059441	0.903064	-0.326759
1763642216.864061	0.265517	-0.022446	0.918097	-0.305137
1763642216.885064	0.265589	-0.017741	0.874721	-0.289026
1763642216.906756	0.267416	-0.027898	0.861123	-0.269887
1763642216.931317	0.272515	-0.003418	0.799892	-0.236639
1763642216.953943	0.274080	0.008191	0.765599	-0.221500
1763642216.985027	0.280577	0.018486	0.664114	-0.190815
1763642217.012003	0.285760	0.013778	0.668137	-0.176050
1763642217.034342	0.288256	0.031246	0.580354	-0.153303
1763642217.062551	0.290397	0.016435	0.581214	-0.136453
1763642217.089107	0.293281	-0.022294	0.569800	-0.125901
1763642217.111972	0.289005	-0.021758	0.568984	-0.114855
1763642217.143223	0.284845	-0.035080	0.582460	-0.111064
1763642217.163185	0.281685	-0.085907	0.626148	-0.101665
1763642217.195134	0.279488	-0.114415	0.664685	-0.096202
1763642217.219567	0.273860	-0.135351	0.753007	-0.084352
1763642217.252024	0.272433	-0.140644	0.759347	-0.079958
1763642217.282821	0.265679	-0.129189	0.767333	-0.076527
1763642217.307944	0.264201	-0.125504	0.784615	-0.074193
1763642217.345794	0.264977	-0.155458	0.823021	-0.064491
1763642217.371855	0.263846	-0.150605	0.823744	-0.056237
1763642217.406845	0.266490	-0.171470	0.843583	-0.049684
1763642217.433796	0.265733	-0.159741	0.829371	-0.045345
1763642217.461612	0.268966	-0.186534	0.839177	-0.037313
1763642217.482105	0.267344	-0.161387	0.855799	-0.036742
1763642217.512653	0.269179	-0.165934	0.825015	-0.034568
1763642217.533934	0.271271	-0.206077	0.856251	-0.026020
1763642217.562599	0.267873	-0.186859	0.854855	-0.028012
1763642217.586050	0.271548	-0.200285	0.851905	-0.023032
1763642217.615843	0.272147	-0.184201	0.860906	-0.020805
1763642217.641772	0.270088	-0.167390	0.851681	-0.020644
1763642217.664039	0.273097	-0.178317	0.848732	-0.018192
1763642217.689104	0.273451	-0.150882	0.856088	-0.017276
1763642217.713850	0.270461	-0.132256	0.841456	-0.018911
1763642217.739201	0.271039	-0.160107	0.862602	-0.016510
1763642217.760623	0.268209	-0.141844	0.880394	-0.015933
1763642217.788556	0.268060	-0.136075	0.848736	-0.016265
1763642217.819281	0.269763	-0.147759	0.877572	-0.012681
1763642217.842397	0.269504	-0.154535	0.874551	-0.011043
1763642217.872371	0.267275	-0.133165	0.871719	-0.011728
1763642217.898463	0.269186	-0.147825	0.896696	-0.008126
1763642217.933781	0.266159	-0.117830	0.860433	-0.010220
1763642217.956739	0.266526	-0.125108	0.897921	-0.007372
1763642217.985359	0.266935	-0.115619	0.871899	-0.006589
1763642218.018388	0.269369	-0.116870	0.818565	-0.006066
1763642218.048268	0.266674	-0.071636	0.838754	-0.003744
1763642218.073760	0.270730	-0.093679	0.798621	-0.002303
1763642218.105071	0.272231	-0.090290	0.835470	0.000453
1763642218.141429	0.270050	-0.064299	0.801560	0.000555
1763642218.165602	0.270259	-0.049509	0.813968	0.002522
1763642218.195139	0.268432	-0.026716	0.783243	0.003964
1763642218.220892	0.269228	-0.036150	0.799098	0.005778
1763642218.254678	0.270257	-0.026463	0.773345	0.007852
1763642218.277277	0.270572	-0.025064	0.760967	0.009473
1763642218.310472	0.271217	-0.036617	0.765222	0.009736
1763642218.343035	0.268251	0.001302	0.737131	0.010906
1763642218.366059	0.271422	-0.024695	0.751278	0.011975
1763642218.395076	0.268054	0.012192	0.716559	0.012861
1763642218.427366	0.272192	-0.017845	0.745159	0.013102
1763642218.459739	0.268615	0.008779	0.729378	0.013018
1763642218.485235	0.270157	-0.029448	0.754117	0.012871
1763642218.513327	0.268042	0.010232	0.750519	0.014225
1763642218.543197	0.268755	-0.000540	0.732673	0.013759
1763642218.576045	0.269342	-0.016321	0.759201	0.013518
1763642218.599065	0.267406	-0.005650	0.726265	0.012688
1763642218.637405	0.269387	-0.040045	0.762229	0.012438
1763642218.662591	0.268955	-0.021115	0.724966	0.012413
1763642218.697023	0.270433	-0.030268	0.711943	0.012670
1763642218.723413	0.267598	-0.020887	0.731546	0.012225
1763642218.753961	0.268942	-0.033024	0.716417	0.011014
1763642218.776898	0.270084	-0.051277	0.730455	0.010606
1763642218.810160	0.267031	-0.009802	0.714516	0.010909
1763642218.841408	0.269147	-0.041896	0.700006	0.009910
1763642218.863404	0.267914	-0.036343	0.717346	0.009939
1763642218.890937	0.265877	-0.000822	0.686806	0.010487
1763642218.912896	0.267894	-0.028999	0.702103	0.009594
1763642218.935225	0.266349	-0.004717	0.694308	0.009656
1763642218.963616	0.267042	-0.004753	0.669010	0.009162
1763642218.992656	0.268503	-0.032208	0.682418	0.008233
1763642219.018497	0.265977	-0.003783	0.685469	0.007851
1763642219.043606	0.266774	-0.010284	0.658334	0.006945
1763642219.074934	0.270349	-0.037407	0.678881	0.006096
1763642219.104896	0.267616	-0.010345	0.662841	0.004924
1763642219.136208	0.270570	-0.048792	0.665444	0.003464
1763642219.164961	0.267624	-0.026241	0.681480	0.003931
1763642219.189718	0.265790	-0.039332	0.654280	0.001134
1763642219.217127	0.268298	-0.056287	0.668291	0.000793
1763642219.239439	0.262270	-0.046740	0.672775	-0.001793
1763642219.264063	0.263193	-0.041887	0.662892	-0.001512
1763642219.293533	0.265334	-0.049021	0.688895	-0.001810
1763642219.321926	0.263460	-0.023470	0.677518	-0.001908
1763642219.366798	0.266422	-0.052551	0.694690	-0.002609
1763642219.395370	0.264054	-0.028768	0.659105	-0.003257
1763642219.421950	0.266014	-0.042094	0.670217	-0.003265
1763642219.444762	0.266129	-0.021537	0.679881	-0.003337
1763642219.471106	0.265399	-0.024610	0.671418	-0.003690
1763642219.498372	0.270803	-0.060261	0.693830	-0.003749
1763642219.525131	0.267279	-0.035346	0.667112	-0.004168
1763642219.553646	0.268416	-0.045890	0.649892	-0.004174
1763642219.573818	0.269225	-0.050294	0.672303	-0.004316
1763642219.604615	0.268149	-0.027939	0.670121	-0.003783
1763642219.630816	0.270487	-0.063687	0.680952	-0.004621
1763642219.660579	0.269044	-0.050959	0.686320	-0.004397
1763642219.692109	0.264937	-0.017916	0.655172	-0.004324
1763642219.715088	0.267000	-0.052782	0.655805	-0.005022
1763642219.751632	0.268203	-0.049772	0.666784	-0.004737
1763642219.772972	0.262736	-0.023293	0.648579	-0.005148
1763642219.805986	0.264447	-0.021880	0.645937	-0.005230
1763642219.829748	0.264332	-0.037418	0.683820	-0.005740
1763642219.862443	0.261515	-0.012966	0.662427	-0.005952
1763642219.890941	0.266010	-0.052663	0.684645	-0.005948
1763642219.922369	0.263773	-0.028741	0.675506	-0.006421
1763642219.947333	0.265782	-0.046063	0.682526	-0.006414
1763642219.976389	0.266176	-0.065156	0.692249	-0.007065
1763642220.004440	0.263099	-0.046966	0.686182	-0.007324
1763642220.033042	0.266102	-0.064074	0.683647	-0.007170
1763642220.070816	0.265220	-0.062163	0.686378	-0.006953
1763642220.091345	0.264692	-0.068536	0.678689	-0.007556
1763642220.125748	0.267500	-0.081805	0.692239	-0.006982
1763642220.152546	0.264977	-0.055727	0.680617	-0.007013
1763642220.184229	0.263197	-0.042533	0.666541	-0.007194
1763642220.207679	0.265586	-0.062488	0.686974	-0.007356
1763642220.235491	0.265422	-0.053282	0.676501	-0.007418
1763642220.270808	0.267185	-0.069566	0.686664	-0.007363
1763642220.354074	0.267206	-0.070490	0.695099	-0.007333
1763642220.381485	0.265504	-0.041696	0.688907	-0.007148
1763642220.413422	0.264430	-0.039039	0.665817	-0.007570
1763642220.438351	0.266942	-0.056028	0.681945	-0.007074
1763642220.471304	0.263777	-0.017077	0.645492	-0.006128
1763642220.500208	0.266540	-0.040129	0.640313	-0.006516
1763642220.528118	0.268179	-0.042137	0.645873	-0.005873
1763642220.552209	0.265632	-0.022608	0.625839	-0.005521
1763642220.580005	0.268264	-0.056743	0.635864	-0.006693
1763642220.604128	0.268350	-0.047199	0.656234	-0.006160
1763642220.635028	0.265967	-0.022414	0.639670	-0.006224
1763642220.665442	0.265999	-0.052230	0.644797	-0.007489
1763642220.698632	0.268119	-0.058072	0.649464	-0.007293
1763642220.724677	0.262806	-0.027531	0.636633	-0.007642
1763642220.752089	0.265024	-0.043820	0.647512	-0.007851
1763642220.775097	0.264837	-0.071372	0.665857	-0.008992
1763642220.801697	0.261608	-0.035659	0.662399	-0.008383
1763642220.833138	0.261680	-0.033155	0.650610	-0.008808
1763642220.859377	0.264399	-0.040869	0.670014	-0.008304
1763642220.883557	0.262350	-0.012856	0.642583	-0.007628
1763642220.911619	0.265986	-0.044642	0.645924	-0.008082
1763642220.946702	0.267557	-0.035842	0.659859	-0.007439
1763642220.971545	0.263305	-0.039456	0.639744	-0.008813
1763642221.010439	0.266078	-0.067704	0.657334	-0.008906
1763642221.042905	0.264101	-0.035189	0.659289	-0.008643
1763642221.066703	0.264761	-0.053782	0.645869	-0.009285
1763642221.088365	0.266058	-0.070731	0.673096	-0.010129
1763642221.117935	0.264233	-0.047825	0.673604	-0.009888
1763642221.141443	0.263160	-0.030289	0.651116	-0.009623
1763642221.170572	0.267628	-0.062801	0.675152	-0.009674
1763642221.199247	0.266853	-0.056807	0.674085	-0.009742
1763642221.225824	0.263685	-0.040826	0.647778	-0.010175
1763642221.250530	0.266981	-0.046485	0.667566	-0.009497
1763642221.277673	0.265731	-0.041630	0.672319	-0.009454
1763642221.303232	0.263774	-0.021910	0.648705	-0.008966
1763642221.331955	0.264654	-0.042550	0.660258	-0.009100
1763642221.356243	0.265804	-0.047992	0.663797	-0.009278
1763642221.380605	0.263687	-0.024376	0.651359	-0.009083
1763642221.408801	0.268855	-0.045507	0.665308	-0.008909
1763642221.440739	0.266732	-0.009495	0.655529	-0.008387
1763642221.461852	0.264660	0.004448	0.645706	-0.008284
1763642221.486631	0.266114	-0.013732	0.640703	-0.008805
1763642221.513691	0.267692	-0.001577	0.655480	-0.008057
1763642221.543083	0.264624	0.026846	0.630480	-0.007240
1763642221.577415	0.266049	-0.002011	0.627797	-0.008205
1763642221.604494	0.266796	-0.012512	0.656235	-0.008057
1763642221.631684	0.263505	0.015228	0.636174	-0.007732
1763642221.657124	0.263672	-0.000697	0.649031	-0.008499
1763642221.693010	0.265552	-0.017242	0.678230	-0.008872
1763642221.730963	0.263261	-0.001836	0.653560	-0.009187
1763642221.760990	0.264783	-0.020851	0.651396	-0.008788
1763642221.793901	0.266496	-0.017889	0.670401	-0.008479
1763642221.818884	0.262949	-0.009916	0.648131	-0.008015
1763642221.850841	0.265513	-0.014894	0.641054	-0.007740
1763642221.881776	0.264763	0.003996	0.671552	-0.007021
1763642221.909997	0.263352	0.026999	0.650743	-0.006737
1763642221.942900	0.267004	-0.009861	0.670911	-0.007525
1763642221.965945	0.267303	0.001639	0.659591	-0.006270
1763642222.001532	0.265800	0.004127	0.650536	-0.006697
1763642222.023434	0.269796	-0.024032	0.664274	-0.006756
1763642222.052237	0.267613	-0.013565	0.676624	-0.006579
1763642222.072575	0.263202	0.011923	0.652486	-0.007075
1763642222.101103	0.265399	-0.014969	0.649677	-0.007611
1763642222.124642	0.266272	-0.032744	0.675474	-0.007285
1763642222.155670	0.264556	-0.016105	0.679105	-0.007140
1763642222.178035	0.264416	-0.001087	0.661344	-0.006902
1763642222.209017	0.266180	-0.032910	0.678234	-0.006729
1763642222.233395	0.263609	-0.011603	0.679905	-0.006310
1763642222.258006	0.264903	-0.012012	0.659375	-0.005747
1763642222.283444	0.266313	-0.027441	0.658601	-0.005410
1763642222.312593	0.267677	-0.013826	0.662580	-0.003657
1763642222.337204	0.262830	0.019586	0.629772	-0.003081
1763642222.360698	0.264830	0.015211	0.608535	-0.002622
1763642222.388098	0.266212	-0.008221	0.623784	-0.002890
1763642222.415696	0.265468	0.023778	0.633863	-0.001504
1763642222.441647	0.261868	0.045073	0.601151	-0.001149
1763642222.469248	0.263693	0.023955	0.598190	-0.001815
1763642222.495141	0.265233	0.001844	0.626364	-0.002244
1763642222.525213	0.263014	0.019808	0.617730	-0.001963
1763642222.554112	0.264321	0.005634	0.622133	-0.002371
1763642222.575359	0.266251	0.003945	0.646558	-0.002381
1763642222.607049	0.262919	0.027620	0.641820	-0.002354
1763642222.630755	0.263935	0.030981	0.633141	-0.002400
1763642222.663007	0.267282	0.000348	0.665705	-0.002982
1763642222.685141	0.263078	0.022610	0.667817	-0.002736
1763642222.725275	0.260379	0.032673	0.643119	-0.003381
1763642222.750105	0.262959	0.014391	0.674689	-0.003149
1763642222.783859	0.261896	0.007032	0.671616	-0.003447
1763642222.818306	0.262223	0.005301	0.659041	-0.004059
1763642222.841963	0.262897	0.017560	0.680308	-0.002826
1763642222.864474	0.261280	0.024368	0.659051	-0.003063
1763642222.891674	0.263997	0.008306	0.663261	-0.002505
1763642222.915450	0.266106	-0.004939	0.683622	-0.001990
1763642222.945421	0.263738	0.015918	0.658287	-0.001485
1763642222.970924	0.263503	-0.016233	0.665495	-0.002523
1763642222.994635	0.264726	-0.021238	0.688958	-0.002121
1763642223.035285	0.262060	0.020163	0.668809	-0.001328
1763642223.057507	0.266897	-0.012605	0.697583	-0.000765
1763642223.089847	0.262672	0.019338	0.703843	-0.000595
1763642223.113834	0.262234	0.036812	0.665536	-0.000052
1763642223.150605	0.265561	0.004816	0.687547	-0.000032
1763642223.171387	0.264032	0.035031	0.687887	0.001464
1763642223.200183	0.263445	0.021619	0.669306	0.001125
1763642223.224994	0.265425	-0.003045	0.705590	0.001980
1763642223.260753	0.262739	0.027044	0.671627	0.002664
1763642223.298390	0.267720	-0.012324	0.656776	0.003195
1763642223.324556	0.264784	0.018914	0.662064	0.004420
1763642223.355240	0.266557	-0.000196	0.650365	0.004471
1763642223.378569	0.266774	-0.003818	0.668742	0.004588
1763642223.408309	0.264066	0.019605	0.661185	0.004776
1763642223.429793	0.266232	0.003420	0.676702	0.005068
1763642223.458213	0.267930	-0.004650	0.696532	0.005309
1763642223.479759	0.264537	0.023523	0.668723	0.005105
1763642223.513304	0.262972	0.030601	0.660971	0.004635
1763642223.538373	0.264663	0.012414	0.672723	0.004712
1763642223.568699	0.262129	0.038616	0.666188	0.005540
1763642223.591529	0.265732	0.029358	0.668393	0.006678
1763642223.623529	0.266107	0.032530	0.661261	0.006728
1763642223.644872	0.263591	0.031554	0.637383	0.006414
1763642223.670748	0.265996	0.013844	0.648156	0.006303
1763642223.702214	0.264384	0.018210	0.657835	0.006268
1763642223.727801	0.262734	0.029391	0.636894	0.006354
1763642223.755115	0.266124	-0.002680	0.647195	0.006178
1763642223.778798	0.262359	0.022963	0.656090	0.006537
1763642223.805805	0.261989	0.013563	0.624189	0.006122
1763642223.832816	0.263405	-0.003824	0.642819	0.005095
1763642223.858066	0.261667	0.031571	0.633519	0.006076
1763642223.883413	0.265595	-0.007653	0.637485	0.005532
1763642223.906561	0.262839	0.010765	0.631871	0.005390
1763642223.934787	0.262875	0.015013	0.609951	0.005318
1763642223.958793	0.265361	-0.013883	0.635127	0.004803
1763642223.992140	0.262307	0.018517	0.597323	0.006223
1763642224.025632	0.266849	-0.020626	0.614391	0.005581
1763642224.054854	0.263230	0.012158	0.615978	0.005878
1763642224.082169	0.266630	-0.034840	0.625248	0.004632
1763642224.110515	0.262377	0.001293	0.611637	0.004732
1763642224.143496	0.261146	0.005437	0.603006	0.003779
1763642224.167148	0.264051	-0.038766	0.618968	0.002763
1763642224.194996	0.260261	-0.019014	0.594219	0.002147
1763642224.220869	0.264370	-0.028592	0.619952	0.003200
1763642224.250508	0.264225	-0.024176	0.597733	0.003078
1763642224.276223	0.263647	-0.016749	0.580325	0.003647
1763642224.314398	0.263379	0.003385	0.585527	0.004259
1763642224.340869	0.265096	0.006041	0.594124	0.004317
1763642224.373443	0.264462	0.019379	0.607023	0.004580
1763642224.430511	0.265843	0.003114	0.605589	0.003990
1763642224.461866	0.261246	0.030175	0.589593	0.004103
1763642224.485329	0.266086	0.010360	0.612552	0.004301
1763642224.513979	0.262416	0.019762	0.570751	0.003624
1763642224.543095	0.266168	-0.017393	0.585607	0.002656
1763642224.565995	0.266109	0.004058	0.609870	0.003785
1763642224.591898	0.263990	0.008979	0.577101	0.002698
1763642224.615787	0.267071	-0.012115	0.602737	0.002806
1763642224.644353	0.262548	0.011300	0.585522	0.002974
1763642224.668125	0.267630	-0.022926	0.607058	0.002975
1763642224.689788	0.267435	-0.015075	0.606898	0.002948
1763642224.713804	0.264137	-0.007732	0.585962	0.002324
1763642224.746039	0.267383	-0.054350	0.626148	0.002160
1763642224.766047	0.262861	-0.010268	0.620213	0.002161
1763642224.794944	0.267193	-0.045308	0.628271	0.002232
1763642224.817177	0.264627	-0.029202	0.641999	0.001915
1763642224.849496	0.265784	-0.038026	0.613626	0.001523
1763642224.874079	0.267516	-0.039626	0.629282	0.002680
1763642224.903768	0.265062	-0.021872	0.622712	0.002931
1763642224.931692	0.268065	-0.018810	0.644872	0.003515
1763642224.956894	0.263836	0.003886	0.618257	0.002883
1763642224.990172	0.263678	0.011067	0.627398	0.003597
1763642225.012436	0.264918	-0.000986	0.641808	0.003805
1763642225.048890	0.261658	0.032520	0.619836	0.004288
1763642225.071123	0.265094	0.006774	0.642511	0.005361
1763642225.104205	0.264825	0.019281	0.629498	0.005653
1763642225.132695	0.267160	-0.016583	0.625090	0.005399
1763642225.161245	0.264139	0.007773	0.623434	0.005403
1763642225.185358	0.268731	-0.021644	0.623317	0.005741
1763642225.212259	0.264793	0.014664	0.592017	0.006594
1763642225.236487	0.267092	0.000242	0.580952	0.006271
1763642225.266684	0.267839	-0.003836	0.595145	0.006482
1763642225.295140	0.265816	0.003841	0.582600	0.006252
1763642225.322294	0.267255	-0.000777	0.617475	0.006327
1763642225.350129	0.264210	0.002934	0.582383	0.005112
1763642225.378535	0.266772	-0.030172	0.613191	0.004705
1763642225.412657	0.264264	-0.003710	0.600070	0.004744
1763642225.440231	0.265544	-0.038069	0.598280	0.004043
1763642225.472099	0.262587	0.001714	0.624855	0.004980
1763642225.496242	0.263559	-0.009326	0.595944	0.003700
1763642225.528729	0.265515	-0.024048	0.615525	0.003898
1763642225.553055	0.260954	0.011807	0.602354	0.004130
1763642225.584413	0.266705	-0.021978	0.616540	0.004624
1763642225.607952	0.261792	-0.012128	0.594736	0.003570
1763642225.642564	0.265141	-0.035019	0.596558	0.003481
1763642225.667650	0.262394	-0.010943	0.579568	0.004180
1763642225.695490	0.267906	-0.055453	0.595953	0.003534
1763642225.717823	0.265412	-0.039316	0.562768	0.003221
1763642225.746231	0.266360	-0.048477	0.576487	0.003209
1763642225.771849	0.265490	-0.035839	0.599028	0.003281
1763642225.799097	0.266241	-0.037526	0.559445	0.003020
1763642225.826913	0.269666	-0.066465	0.599122	0.002881
1763642225.855719	0.265062	-0.041308	0.582991	0.002584
1763642225.879062	0.267929	-0.072425	0.588982	0.002205
1763642225.907282	0.265038	-0.046592	0.576297	0.002193
1763642225.943530	0.266888	-0.051908	0.586355	0.002700
1763642225.969943	0.263832	-0.047273	0.586128	0.002026
1763642226.004134	0.265622	-0.074426	0.576515	0.001724
1763642226.031252	0.265226	-0.031282	0.590896	0.003376
1763642226.061603	0.263957	-0.038753	0.577258	0.002866
1763642226.089623	0.267615	-0.036760	0.591020	0.004453
1763642226.111596	0.264031	-0.011172	0.572678	0.003930
1763642226.135970	0.267893	-0.045664	0.597454	0.003626
1763642226.165644	0.262561	-0.034858	0.587493	0.002399
1763642226.188998	0.265853	-0.040056	0.598359	0.002635
1763642226.221967	0.264028	-0.032552	0.605197	0.002289
1763642226.246568	0.263665	-0.058929	0.590603	0.000939
1763642226.277251	0.265314	-0.048669	0.612508	0.001796
1763642226.312302	0.265373	-0.047139	0.593905	0.001743
1763642226.338242	0.264615	-0.037917	0.616409	0.001786
1763642226.370938	0.262612	-0.016040	0.591231	0.001726
1763642226.401353	0.265981	-0.036623	0.613220	0.002033
1763642226.428165	0.265764	-0.019163	0.584926	0.002336
1763642226.459442	0.265658	-0.023840	0.611379	0.002620
1763642226.480453	0.265381	-0.040070	0.594941	0.001601
1763642226.513887	0.267058	-0.045683	0.599843	0.001690
1763642226.540161	0.263247	-0.017011	0.598290	0.001854
1763642226.569844	0.268318	-0.036639	0.619640	0.002278
1763642226.591595	0.265076	-0.019968	0.608793	0.001494
1763642226.626458	0.268279	-0.053861	0.626130	0.001749
1763642226.651160	0.263392	-0.053882	0.617539	0.000495
1763642226.686750	0.266844	-0.071708	0.633565	0.000716
1763642226.712644	0.262715	-0.041304	0.605293	0.000427
1763642226.745665	0.265187	-0.057475	0.629355	0.000709
1763642226.770450	0.262417	-0.020096	0.595760	0.001815
1763642226.803477	0.267876	-0.053304	0.615101	0.002186
1763642226.828791	0.263353	-0.009847	0.600997	0.003155
1763642226.852106	0.267348	-0.024160	0.620692	0.003810
1763642226.880427	0.264776	-0.013158	0.589458	0.003595
1763642226.905613	0.267008	-0.030766	0.587553	0.003547
1763642226.943436	0.266895	-0.000989	0.596471	0.004573
1763642226.966011	0.268157	-0.023040	0.589405	0.004204
1763642227.000304	0.264542	-0.007492	0.587729	0.003864
1763642227.030848	0.263293	-0.013409	0.563789	0.002855
1763642227.061297	0.264847	-0.033009	0.569719	0.002234
1763642227.087272	0.264822	-0.011754	0.543776	0.003086
1763642227.112012	0.266771	-0.012561	0.565938	0.003644
1763642227.137949	0.264599	-0.009464	0.542652	0.003032
1763642227.163678	0.268407	-0.035324	0.561419	0.002030
1763642227.191958	0.263893	-0.016975	0.544602	0.001825
1763642227.220413	0.268783	-0.057380	0.566141	0.001009
1763642227.255516	0.264414	-0.033323	0.551750	0.000325
1763642227.278916	0.266709	-0.064515	0.582300	-0.000764
1763642227.310926	0.263655	-0.019635	0.579976	0.000000
1763642227.332561	0.266170	-0.056419	0.558391	-0.001332
1763642227.366485	0.266243	-0.067465	0.587175	-0.001418
1763642227.391669	0.266331	-0.066223	0.559799	-0.001427
1763642227.423767	0.267709	-0.067995	0.567353	-0.001274
1763642227.447158	0.265720	-0.065512	0.551583	-0.001606
1763642227.480625	0.265928	-0.027296	0.580853	-0.000903
1763642227.513657	0.260466	-0.001196	0.539705	-0.001425
1763642227.540420	0.265318	-0.010321	0.565904	-0.001073
1763642227.572895	0.262104	0.003659	0.556690	-0.001664
1763642227.603522	0.266984	-0.018373	0.579052	-0.001532
1763642227.631860	0.262949	-0.002517	0.555156	-0.002303
1763642227.653787	0.266525	-0.040300	0.588973	-0.003401
1763642227.682494	0.263933	-0.013702	0.580206	-0.003390
1763642227.708579	0.265185	-0.038988	0.576958	-0.003986
1763642227.743249	0.265921	-0.042339	0.595406	-0.004089
1763642227.762377	0.266445	-0.056616	0.579698	-0.004940
1763642227.791672	0.268129	-0.045282	0.584722	-0.004350
1763642227.824419	0.263497	-0.022821	0.563171	-0.004889
1763642227.848418	0.266778	-0.026389	0.562121	-0.003662
1763642227.878670	0.263360	0.005071	0.550382	-0.003266
1763642227.906595	0.267829	-0.021448	0.572665	-0.003318
1763642227.936097	0.262695	-0.005886	0.566400	-0.003961
1763642227.961647	0.266094	-0.036126	0.588750	-0.004613
1763642227.994977	0.262817	-0.007804	0.568954	-0.004522
1763642228.016275	0.266971	-0.035023	0.596458	-0.004725
1763642228.043478	0.265701	-0.031261	0.607604	-0.004733
1763642228.066199	0.264581	-0.034943	0.576362	-0.005284
1763642228.087050	0.265180	-0.035705	0.611806	-0.005127
1763642228.116868	0.264102	-0.037189	0.574090	-0.005717
1763642228.147373	0.269350	-0.065270	0.606549	-0.005272
1763642228.179833	0.265978	-0.037524	0.592140	-0.004738
1763642228.204032	0.268902	-0.078504	0.606532	-0.004995
1763642228.230116	0.265638	-0.046369	0.583432	-0.004101
1763642228.260361	0.268261	-0.064253	0.584290	-0.003809
1763642228.283279	0.265717	-0.042590	0.593443	-0.002986
1763642228.313380	0.265981	-0.062768	0.554390	-0.003538
1763642228.341163	0.267181	-0.045155	0.598215	-0.002437
1763642228.372765	0.263031	-0.015068	0.564821	-0.002210
1763642228.400865	0.267588	-0.037054	0.589160	-0.001643
1763642228.435727	0.263414	0.003225	0.572741	-0.001151
1763642228.459635	0.264519	-0.019929	0.599440	-0.001623
1763642228.490470	0.263181	-0.001992	0.598278	-0.001284
1763642228.521060	0.262294	0.005722	0.589897	-0.001667
1763642228.543108	0.261763	0.002654	0.630546	-0.001839
1763642228.572928	0.262688	-0.002107	0.579448	-0.002181
1763642228.599611	0.264789	-0.010579	0.614751	-0.001621
1763642228.633713	0.263094	0.022126	0.589316	-0.000428
1763642228.660335	0.266248	0.004114	0.608524	-0.000310
1763642228.695259	0.263427	0.008032	0.576430	-0.001178
1763642228.726340	0.268896	-0.020693	0.601807	-0.000428
1763642228.752315	0.266813	-0.018738	0.577204	-0.000765
1763642228.779083	0.270328	-0.032189	0.597440	-0.000005
1763642228.805072	0.265390	-0.026874	0.561078	-0.001051
1763642228.827869	0.268770	-0.036060	0.599737	-0.000030
1763642228.856609	0.264776	-0.018504	0.596169	-0.000201
1763642228.884724	0.265805	-0.028377	0.572233	-0.000940
1763642228.911538	0.265908	-0.027697	0.605203	-0.001018
1763642228.938994	0.262091	-0.010595	0.595752	-0.001415
1763642228.961759	0.265091	-0.037028	0.621910	-0.001882
1763642228.984725	0.262247	-0.010116	0.609713	-0.001573
1763642229.015736	0.266421	-0.049480	0.621587	-0.001671
1763642229.043879	0.263428	-0.010201	0.638135	-0.000165
1763642229.068497	0.265602	-0.028477	0.645883	-0.000073
1763642229.092873	0.261722	-0.014968	0.615637	-0.000065
1763642229.128330	0.261368	-0.020775	0.616107	0.000348
1763642229.160054	0.264182	-0.037547	0.602332	0.000987
1763642229.188161	0.267209	-0.072328	0.629071	0.001316
1763642229.219393	0.263375	-0.039414	0.605572	0.001955
1763642229.248107	0.267410	-0.052917	0.613233	0.003118
1763642229.280769	0.266282	-0.047832	0.586650	0.003838
1763642229.306964	0.267030	-0.053806	0.612264	0.004044
1763642229.335244	0.268887	-0.067428	0.583208	0.003967
1763642229.360198	0.267963	-0.056953	0.616481	0.004863
1763642229.392976	0.266270	-0.045975	0.586257	0.004614
1763642229.415479	0.266123	-0.045354	0.601818	0.005427
1763642229.462315	0.266253	-0.031994	0.606372	0.007021
1763642229.500610	0.261100	-0.014422	0.567611	0.006629
1763642229.533423	0.263170	0.003826	0.578982	0.009594
1763642229.554353	0.262759	-0.008144	0.544103	0.009099
1763642229.582473	0.264688	-0.010457	0.560203	0.010366
1763642229.607432	0.263062	0.012617	0.545582	0.011212
1763642229.629188	0.267383	-0.010375	0.575794	0.011961
1763642229.656707	0.264229	0.009813	0.538434	0.011797
1763642229.679899	0.267323	0.000871	0.553200	0.012192
1763642229.713189	0.267216	0.002452	0.556074	0.012248
1763642229.741273	0.268655	-0.003513	0.569731	0.011969
1763642229.766546	0.264765	0.017947	0.551877	0.011915
1763642229.788678	0.267086	-0.000796	0.572681	0.012295
1763642229.818710	0.262607	0.021846	0.562646	0.012304
1763642229.851686	0.267886	-0.020459	0.550860	0.011819
1763642229.872953	0.265781	0.000588	0.541232	0.012151
1763642229.895860	0.269441	-0.009468	0.575938	0.013153
1763642229.926239	0.265252	0.010264	0.545139	0.013333
1763642229.958826	0.268154	-0.006936	0.564398	0.013761
1763642229.981276	0.262785	0.030921	0.527165	0.014947
1763642230.008484	0.266606	0.024774	0.535837	0.015814
1763642230.031661	0.263954	0.030614	0.537234	0.015350
1763642230.057189	0.268098	0.028324	0.553285	0.016600
1763642230.085517	0.264960	0.036662	0.513639	0.015705
1763642230.114892	0.267336	0.009546	0.546880	0.015975
1763642230.142667	0.264162	0.022660	0.510770	0.015676
1763642230.172098	0.264959	0.009392	0.533161	0.014980
1763642230.197027	0.263365	0.020966	0.517343	0.014831
1763642230.228791	0.266779	0.021473	0.533520	0.015792
1763642230.250843	0.265432	0.034582	0.494830	0.015435
1763642230.282425	0.268590	0.013979	0.520341	0.015638
1763642230.307706	0.264855	0.010421	0.501675	0.015062
1763642230.342319	0.267613	-0.001584	0.512166	0.015175
1763642230.368520	0.262907	0.013383	0.517114	0.013775
1763642230.395661	0.263160	0.017095	0.524304	0.013510
1763642230.422214	0.265275	-0.014840	0.497970	0.012810
1763642230.448894	0.264995	0.009453	0.533826	0.014200
1763642230.472029	0.268205	-0.005618	0.516764	0.014029
1763642230.503005	0.268046	0.000995	0.538754	0.014253
1763642230.535870	0.266527	0.001985	0.525389	0.013716
1763642230.564328	0.263186	0.024806	0.520552	0.013522
1763642230.595882	0.268635	-0.015306	0.534614	0.013447
1763642230.622526	0.264450	0.008712	0.538862	0.012799
1763642230.655924	0.267503	-0.000795	0.563765	0.013280
1763642230.687651	0.265276	0.006182	0.510072	0.012583
1763642230.710393	0.268486	-0.002860	0.529796	0.013745
1763642230.734954	0.267176	0.000633	0.521247	0.013779
1763642230.758077	0.269961	-0.006934	0.511068	0.014329
1763642230.782395	0.264382	0.026272	0.502542	0.013862
1763642230.817481	0.267108	0.000792	0.509885	0.013662
1763642230.851188	0.263345	0.028540	0.493024	0.014086
1763642230.874488	0.268073	0.004746	0.517952	0.015091
1763642230.908302	0.265241	0.013204	0.494315	0.014171
1763642230.932217	0.267808	-0.011263	0.514214	0.014002
1763642230.962171	0.263112	0.020414	0.485482	0.013576
1763642230.984386	0.268287	-0.000846	0.508267	0.013220
1763642231.010289	0.263894	0.030800	0.508859	0.013534
1763642231.039400	0.269727	0.018127	0.507488	0.013770
1763642231.065525	0.265416	0.026580	0.495841	0.012662
1763642231.092171	0.269493	0.022112	0.532149	0.013546
1763642231.117940	0.266415	0.060206	0.492419	0.013874
1763642231.148344	0.267302	0.044031	0.523228	0.013730
1763642231.177020	0.264413	0.057241	0.522735	0.013073
1763642231.205740	0.266943	0.030064	0.526663	0.012429
1763642231.239171	0.265847	0.037219	0.524325	0.011600
1763642231.263993	0.268096	0.033950	0.552181	0.011880
1763642231.299053	0.268279	0.008858	0.517733	0.010811
1763642231.328051	0.266908	0.019164	0.537294	0.011457
1763642231.355579	0.268653	0.005301	0.525846	0.011339
1763642231.377196	0.265072	0.037148	0.499212	0.011846
1763642231.404727	0.265872	0.020396	0.500677	0.011478
1763642231.427140	0.264270	0.030764	0.528479	0.012036
1763642231.456210	0.263893	0.018983	0.504989	0.011086
1763642231.481481	0.266047	0.012156	0.541836	0.010905
1763642231.510020	0.263082	0.019848	0.513857	0.010034
1763642231.539423	0.267665	-0.002181	0.546238	0.010705
1763642231.565100	0.263033	0.030658	0.537534	0.010917
1763642231.590410	0.265329	0.015976	0.546399	0.010417
1763642231.623748	0.261342	0.026881	0.545392	0.009941
1763642231.661046	0.265274	-0.005073	0.547509	0.008625
1763642231.687763	0.263800	-0.012488	0.542980	0.007909
1763642231.710845	0.262896	0.008370	0.541849	0.008815
1763642231.739750	0.264156	-0.003345	0.533991	0.008693
1763642231.765996	0.262457	0.005331	0.532325	0.008515
1763642231.793253	0.265569	-0.002396	0.571259	0.009119
1763642231.822915	0.262703	0.020285	0.551463	0.008955
1763642231.844314	0.266417	0.002157	0.588984	0.009108
1763642231.881034	0.262671	0.043188	0.580723	0.009724
1763642231.906321	0.266140	0.016832	0.560870	0.009317
1763642231.941916	0.265520	0.050715	0.544039	0.010737
1763642231.971999	0.269562	0.036576	0.572491	0.012090
1763642232.003049	0.266252	0.055548	0.539548	0.012583
1763642232.027623	0.265006	0.037902	0.539528	0.011682
1763642232.056770	0.263221	0.049801	0.522848	0.011774
1763642232.086312	0.264692	0.028303	0.522509	0.012096
1763642232.110433	0.264561	0.030415	0.501959	0.012242
1763642232.148461	0.263399	0.038903	0.488633	0.012368
1763642232.168118	0.265479	0.017082	0.485904	0.011413
1763642232.194164	0.262038	0.034993	0.488448	0.011726
1763642232.217070	0.267418	0.009772	0.488955	0.011411
1763642232.237208	0.264531	0.033463	0.478311	0.011499
1763642232.271644	0.267248	0.016193	0.460189	0.011115
1763642232.292957	0.264066	0.040896	0.465884	0.012497
1763642232.329105	0.265179	0.026597	0.473913	0.012000
1763642232.352773	0.262399	0.024663	0.466505	0.011241
1763642232.384188	0.265231	0.003718	0.507340	0.010397
1763642232.410294	0.263997	-0.003844	0.492761	0.009684
1763642232.440910	0.263920	-0.004161	0.532567	0.009564
1763642232.466272	0.263949	-0.004773	0.514594	0.008839
1763642232.501732	0.261766	0.020812	0.520595	0.008837
1763642232.532533	0.264438	0.023664	0.543427	0.009049
1763642232.560217	0.265083	0.014182	0.530795	0.008613
1763642232.597197	0.264163	0.045934	0.533947	0.009729
1763642232.621354	0.266342	0.037858	0.568642	0.010878
1763642232.649934	0.265465	0.031606	0.525562	0.010365
1763642232.671857	0.266824	0.015067	0.563585	0.010927
1763642232.703860	0.262786	0.023839	0.526134	0.010551
1763642232.725420	0.263929	0.016195	0.530982	0.011046
1763642232.754714	0.261616	0.023434	0.514285	0.011024
1763642232.780903	0.264190	0.029874	0.499608	0.012240
1763642232.807330	0.266780	0.010952	0.486064	0.011995
1763642232.833917	0.264242	0.039229	0.470626	0.012523
1763642232.860283	0.267698	0.008270	0.471584	0.011529
1763642232.884924	0.263572	0.032482	0.461679	0.011355
1763642232.910048	0.270035	-0.005683	0.481133	0.010472
1763642232.935534	0.264285	0.017405	0.479831	0.009372
1763642232.966658	0.269816	-0.014310	0.499039	0.008050
1763642232.991043	0.263983	0.012264	0.484566	0.007175
1763642233.016448	0.267562	-0.002630	0.515267	0.006994
1763642233.035981	0.265649	0.014570	0.484568	0.006847
1763642233.064022	0.267654	0.020110	0.485903	0.007483
1763642233.084011	0.264473	0.036427	0.491844	0.007613
1763642233.111826	0.266222	0.005303	0.487266	0.006809
1763642233.133275	0.267305	-0.008793	0.498064	0.005964
1763642233.165282	0.262246	0.011277	0.486983	0.005247
1763642233.189276	0.263230	-0.009877	0.521305	0.003759
1763642233.223305	0.265285	-0.042035	0.488442	0.002266
1763642233.249504	0.264624	-0.021686	0.512689	0.002636
1763642233.278161	0.268224	-0.037830	0.500853	0.002582
1763642233.301073	0.265290	-0.021449	0.477525	0.002567
1763642233.335980	0.268046	-0.018130	0.498797	0.002578
1763642233.360062	0.266580	-0.003185	0.474166	0.002678
1763642233.391979	0.265940	0.004474	0.490781	0.002738
1763642233.418006	0.267289	0.004356	0.457370	0.001753
1763642233.442950	0.266487	0.009193	0.483127	0.001704
1763642233.466312	0.265354	0.021893	0.468082	0.001826
1763642233.494866	0.267205	-0.008961	0.496244	0.001173
1763642233.516914	0.263179	0.027858	0.478540	0.001389
1763642233.543545	0.265562	-0.000288	0.506152	0.000063
1763642233.564839	0.262429	0.021590	0.490084	-0.000271
1763642233.598779	0.262272	0.000193	0.494086	-0.001240
1763642233.632175	0.258526	0.021794	0.500346	-0.002669
1763642233.654659	0.262936	-0.006627	0.518007	-0.002907
1763642233.677512	0.260170	0.012480	0.507323	-0.003290
1763642233.709304	0.261456	0.001745	0.507998	-0.003502
1763642233.744839	0.259655	0.012356	0.504553	-0.003601
1763642233.769036	0.263008	-0.004365	0.526465	-0.003655
1763642233.801447	0.265633	-0.042610	0.538836	-0.004656
1763642233.825110	0.264100	-0.017234	0.532959	-0.004936
1763642233.856436	0.266717	-0.046650	0.537226	-0.005243
1763642233.876356	0.263103	-0.026478	0.515699	-0.005404
1763642233.910406	0.266186	-0.051440	0.529248	-0.005203
1763642233.937047	0.262949	-0.020536	0.520015	-0.005112
1763642233.967825	0.265790	-0.031076	0.542802	-0.005338
1763642233.991122	0.264397	-0.020667	0.529832	-0.005637
1763642234.019717	0.268449	-0.037055	0.552632	-0.005235
1763642234.052904	0.263991	-0.011666	0.510757	-0.005301
1763642234.078253	0.267889	-0.035342	0.530620	-0.005025
1763642234.104713	0.267710	-0.034629	0.514333	-0.005100
1763642234.129193	0.266271	-0.008676	0.547445	-0.004311
1763642234.154731	0.264202	-0.007263	0.492881	-0.005123
1763642234.178595	0.265658	-0.021617	0.514156	-0.004927
1763642234.202089	0.263162	0.005763	0.500879	-0.004440
1763642234.230604	0.266988	-0.025534	0.496438	-0.004846
1763642234.262165	0.261280	0.003953	0.471519	-0.004083
1763642234.283005	0.265034	-0.015796	0.492361	-0.004352
1763642234.306861	0.260897	0.009703	0.461029	-0.004412
1763642234.336761	0.265386	-0.018765	0.477968	-0.005206
1763642234.359697	0.262662	0.011438	0.458848	-0.005192
1763642234.392328	0.264081	-0.004930	0.466508	-0.005628
1763642234.414753	0.262220	0.022809	0.460935	-0.005251
1763642234.443066	0.265573	0.010489	0.490009	-0.005002
1763642234.494129	0.265121	0.007160	0.456639	-0.006737
1763642234.515500	0.262971	0.032584	0.453245	-0.006460
1763642234.545547	0.262182	0.033654	0.471223	-0.006698
1763642234.565806	0.264327	0.015679	0.486496	-0.007256
1763642234.600810	0.262848	0.027002	0.466207	-0.007731
1763642234.625585	0.267698	0.006622	0.495011	-0.009127
1763642234.650720	0.263832	0.014096	0.451293	-0.009679
1763642234.680409	0.268558	-0.004957	0.481837	-0.009965
1763642234.705911	0.266344	0.017157	0.453909	-0.010065
1763642234.740834	0.267965	0.012684	0.479941	-0.010024
1763642234.761807	0.268654	0.017383	0.478242	-0.010580
1763642234.792651	0.270305	0.004063	0.477370	-0.011172
1763642234.813358	0.265812	0.044484	0.442550	-0.011158
1763642234.845557	0.265944	0.029504	0.455785	-0.011868
1763642234.873152	0.262900	0.056653	0.480589	-0.011930
1763642234.903471	0.262991	0.032541	0.465392	-0.013352
1763642234.932293	0.264218	0.047958	0.494634	-0.013402
1763642234.957335	0.265902	0.032149	0.489704	-0.013965
1763642234.991094	0.266817	0.024620	0.506753	-0.014621
1763642235.019940	0.261205	0.038645	0.470308	-0.015927
1763642235.049979	0.265272	0.015211	0.513619	-0.016696
1763642235.070625	0.260651	0.052225	0.516741	-0.017043
1763642235.106588	0.262772	0.025179	0.498312	-0.018000
1763642235.143483	0.261034	0.038698	0.525545	-0.018625
1763642235.169788	0.265913	-0.000728	0.545972	-0.019264
1763642235.203982	0.263746	0.015630	0.545784	-0.019888
1763642235.241779	0.265287	-0.008067	0.542335	-0.021039
1763642235.263192	0.261569	0.020741	0.521314	-0.021488
1763642235.298829	0.264127	-0.002364	0.542448	-0.021808
1763642235.325238	0.263068	0.025217	0.554414	-0.022000
1763642235.355015	0.263569	-0.000885	0.548121	-0.022203
1763642235.377545	0.263977	0.031551	0.574889	-0.021564
1763642235.412549	0.264795	0.019941	0.537258	-0.021840
1763642235.450340	0.267411	-0.001189	0.561738	-0.021750
1763642235.471136	0.262661	0.003433	0.544994	-0.022164
1763642235.506336	0.266302	-0.002601	0.590886	-0.022220
1763642235.532850	0.261854	0.026247	0.569184	-0.021520
1763642235.561923	0.266056	0.007780	0.583211	-0.020581
1763642235.582041	0.262138	0.030588	0.562561	-0.020061
1763642235.612668	0.265876	0.017007	0.552836	-0.019908
1763642235.642894	0.268116	-0.003103	0.568558	-0.019962
1763642235.671068	0.264294	0.023135	0.545565	-0.019688
1763642235.705591	0.267484	0.012407	0.554138	-0.019406
1763642235.729694	0.264812	0.045946	0.536707	-0.018857
1763642235.752455	0.267848	0.013731	0.552031	-0.019487
1763642235.776463	0.264486	0.055846	0.566447	-0.018060
1763642235.805269	0.266191	0.035546	0.519207	-0.017164
1763642235.827091	0.266584	0.038030	0.537146	-0.016806
1763642235.852519	0.264671	0.040977	0.511946	-0.016818
1763642235.879040	0.266921	-0.007293	0.525017	-0.018067
1763642235.903589	0.265541	0.030886	0.532048	-0.016687
1763642235.937546	0.265986	-0.005056	0.522107	-0.017317
1763642235.965607	0.265062	0.015811	0.535667	-0.016272
1763642235.998598	0.267546	-0.015470	0.517723	-0.016337
1763642236.023036	0.264534	0.009111	0.515108	-0.015458
1763642236.052447	0.263418	0.024827	0.490209	-0.014816
1763642236.078640	0.266943	0.013568	0.508524	-0.014087
1763642236.108361	0.261257	0.039271	0.476748	-0.013480
1763642236.134729	0.265880	0.025656	0.482009	-0.013207
1763642236.161469	0.265564	0.050252	0.474684	-0.012027
1763642236.185740	0.267341	0.040079	0.479122	-0.011857
1763642236.213490	0.264645	0.055657	0.473043	-0.012069
1763642236.233506	0.266845	0.052240	0.464007	-0.012196
1763642236.260003	0.271225	0.019795	0.483869	-0.013293
1763642236.286720	0.263629	0.045515	0.445607	-0.012644
1763642236.320532	0.268079	0.012921	0.473104	-0.013376
1763642236.352598	0.264480	0.038999	0.485208	-0.013383
1763642236.375385	0.263390	0.021768	0.479568	-0.015291
1763642236.404381	0.263549	0.028980	0.500800	-0.014933
1763642236.425770	0.263316	0.044316	0.469915	-0.014390
1763642236.461501	0.266212	0.031691	0.517695	-0.014082
1763642236.486689	0.263094	0.061617	0.502924	-0.013143
1763642236.520595	0.266421	0.042285	0.514739	-0.014220
1763642236.543061	0.262056	0.068717	0.479129	-0.014606
1763642236.575223	0.263671	0.037384	0.508798	-0.015353
1763642236.597358	0.264214	0.039897	0.506300	-0.015663
1763642236.626519	0.262101	0.040163	0.514726	-0.016314
1763642236.651784	0.265078	0.013275	0.522877	-0.016440
1763642236.677181	0.263539	0.032746	0.523350	-0.016048
1763642236.701960	0.268759	0.000467	0.533287	-0.016013
1763642236.736618	0.265904	0.038146	0.512846	-0.014851
1763642236.761752	0.270284	0.023965	0.531647	-0.014735
1763642236.793165	0.267883	0.044314	0.512546	-0.014315
1763642236.815228	0.270035	0.023467	0.505701	-0.014620
1763642236.842662	0.269076	0.035335	0.526440	-0.014208
1763642236.863918	0.264656	0.059842	0.490460	-0.013304
1763642236.893529	0.263414	0.059465	0.484326	-0.013412
1763642236.917044	0.264569	0.067791	0.502158	-0.012643
1763642236.946226	0.262640	0.052441	0.471865	-0.013221
1763642236.965731	0.268095	0.038782	0.498969	-0.012580
1763642236.997265	0.263146	0.061609	0.481208	-0.012080
1763642237.021209	0.267713	0.024694	0.495118	-0.013760
1763642237.053583	0.266033	0.032083	0.523141	-0.013942
1763642237.084463	0.267809	0.028425	0.503934	-0.013889
1763642237.114289	0.264500	0.052153	0.525714	-0.013749
1763642237.146625	0.260305	0.075225	0.494386	-0.013883
1763642237.171131	0.262152	0.036528	0.537021	-0.015260
1763642237.202482	0.259100	0.081421	0.544032	-0.013740
1763642237.225446	0.259924	0.062818	0.519281	-0.013764
1763642237.258827	0.261994	0.067030	0.532019	-0.013446
1763642237.281158	0.264605	0.057381	0.513544	-0.013730
1763642237.313507	0.265150	0.057508	0.532944	-0.013660
1763642237.339934	0.265872	0.056743	0.519625	-0.013778
1763642237.369073	0.264854	0.068730	0.546017	-0.012762
1763642237.389277	0.263813	0.063302	0.520969	-0.013015
1763642237.421988	0.268108	0.045503	0.540157	-0.012338
1763642237.450805	0.263011	0.068002	0.518963	-0.012718
1763642237.478299	0.267525	0.043755	0.525731	-0.012285
1763642237.504180	0.265777	0.055940	0.519192	-0.011768
1763642237.532897	0.267266	0.038474	0.510416	-0.011763
1763642237.561635	0.267125	0.036770	0.532557	-0.011968
1763642237.591477	0.267419	0.043380	0.510603	-0.011449
1763642237.626174	0.268586	0.013330	0.532305	-0.012036
1763642237.652303	0.264442	0.033236	0.525776	-0.011961
1763642237.682418	0.269134	0.016958	0.536666	-0.011334
1763642237.706766	0.263386	0.044555	0.508511	-0.011257
1763642237.741561	0.266452	0.006101	0.505526	-0.011998
1763642237.763287	0.266115	0.022005	0.522071	-0.011299
1763642237.795681	0.261491	0.051738	0.498548	-0.010849
1763642237.823011	0.265536	0.020723	0.513243	-0.011590
1763642237.853802	0.263671	0.035270	0.494637	-0.011307
1763642237.874969	0.267473	-0.005087	0.495020	-0.012170
1763642237.902330	0.265893	0.025712	0.493808	-0.011504
1763642237.931369	0.270863	0.002799	0.514569	-0.011399
1763642237.956945	0.266429	0.040821	0.509037	-0.010643
1763642237.979168	0.268915	0.046603	0.474184	-0.010409
1763642238.006571	0.270553	0.017389	0.491773	-0.011336
1763642238.041551	0.267043	0.044257	0.485624	-0.011471
1763642238.067862	0.268706	0.010832	0.493698	-0.012903
1763642238.102308	0.267777	0.001893	0.505789	-0.013518
1763642238.128200	0.262017	0.009752	0.481344	-0.014607
1763642238.162372	0.262129	0.016781	0.498264	-0.014634
1763642238.185714	0.261061	0.021654	0.525932	-0.014843
1763642238.221840	0.257451	0.053583	0.486258	-0.014392
1763642238.248616	0.262298	0.027162	0.528449	-0.015506
1763642238.283367	0.258981	0.062753	0.522525	-0.015321
1763642238.321144	0.262808	0.022241	0.543054	-0.015985
1763642238.345566	0.260397	0.063001	0.526706	-0.015017
1763642238.376841	0.264173	0.027142	0.539798	-0.015218
1763642238.403554	0.264951	0.053646	0.559539	-0.014445
1763642238.431694	0.267152	0.019072	0.522813	-0.014925
1763642238.456246	0.268372	0.035798	0.559567	-0.014313
1763642238.485291	0.267487	0.045317	0.517953	-0.013847
1763642238.513642	0.271715	0.026802	0.545921	-0.013418
1763642238.539358	0.268184	0.054993	0.526506	-0.012478
1763642238.566796	0.269322	0.033764	0.549361	-0.012460
1763642238.591550	0.267876	0.055322	0.556959	-0.011985
1763642238.624498	0.265815	0.034325	0.518295	-0.013074
1763642238.651266	0.267986	0.001519	0.558661	-0.013771
1763642238.681233	0.265203	0.014662	0.544029	-0.013567
1763642238.707916	0.263812	0.004285	0.536036	-0.013361
1763642238.741103	0.264747	-0.012807	0.559248	-0.013647
1763642238.765556	0.258180	0.011956	0.529416	-0.013511
1763642238.800701	0.261632	-0.014044	0.533051	-0.013283
1763642238.826926	0.260744	0.004085	0.533708	-0.012761
1763642238.858962	0.261711	-0.014725	0.512159	-0.013016
1763642238.885406	0.264699	0.002606	0.544216	-0.011801
1763642238.908316	0.260825	0.010050	0.517684	-0.012030
1763642238.940598	0.265649	0.004692	0.538070	-0.010964
1763642238.961168	0.262780	0.015908	0.511524	-0.010949
1763642238.993093	0.265359	-0.000711	0.508850	-0.011045
1763642239.017012	0.267318	-0.000899	0.518689	-0.010526
1763642239.047330	0.265410	0.007891	0.522183	-0.010194
1763642239.073876	0.269543	0.001831	0.534073	-0.010404
1763642239.097682	0.268204	0.006511	0.526400	-0.010569
1763642239.128254	0.271018	-0.026435	0.535381	-0.011323
1763642239.161171	0.265189	-0.022819	0.522161	-0.012412
1763642239.187778	0.264456	-0.030220	0.529213	-0.013000
1763642239.218024	0.265281	-0.027855	0.559541	-0.012624
1763642239.243172	0.260751	-0.004686	0.546745	-0.013318
1763642239.274652	0.258910	-0.024069	0.528351	-0.014665
1763642239.300897	0.259800	-0.035546	0.557227	-0.014788
1763642239.330093	0.257821	-0.010575	0.538063	-0.014264
1763642239.364223	0.262656	-0.013002	0.561853	-0.013372
1763642239.384890	0.262424	-0.010789	0.551145	-0.014107
1763642239.413268	0.266950	-0.037271	0.588168	-0.014223
1763642239.435286	0.264161	-0.034033	0.550273	-0.013717
1763642239.457612	0.268915	-0.047172	0.581440	-0.012916
1763642239.488287	0.267259	-0.027796	0.568808	-0.012822
1763642239.541529	0.269329	-0.034718	0.561361	-0.012503
1763642239.572962	0.264718	-0.008518	0.542161	-0.012749
1763642239.597155	0.267651	-0.021996	0.569742	-0.012630
1763642239.621310	0.264176	0.002619	0.555437	-0.011542
1763642239.650997	0.263548	-0.003847	0.546642	-0.011816
1763642239.682579	0.266507	-0.028272	0.552694	-0.011923
1763642239.708547	0.263076	0.005685	0.542867	-0.011189
1763642239.746062	0.268263	-0.018789	0.567997	-0.010689
1763642239.772419	0.263140	0.026803	0.538834	-0.009391
1763642239.801944	0.267116	-0.018382	0.556690	-0.010271
1763642239.825968	0.264546	0.007104	0.558037	-0.009672
1763642239.854047	0.262139	0.018414	0.539092	-0.009300
1763642239.875573	0.265398	-0.004525	0.558386	-0.009336
1763642239.903705	0.263948	0.020558	0.559024	-0.008788
1763642239.928274	0.266737	0.001187	0.570761	-0.008833
1763642239.958988	0.264977	0.017244	0.547741	-0.008358
1763642239.982844	0.267142	0.006015	0.521858	-0.008399
1763642240.012186	0.267509	-0.014137	0.551758	-0.008667
1763642240.035851	0.265094	-0.014163	0.521561	-0.008743
1763642240.069083	0.265787	-0.036481	0.553992	-0.008912
1763642240.092079	0.262265	0.011458	0.556927	-0.008267
1763642240.122252	0.264396	-0.012304	0.580205	-0.008397
1763642240.145308	0.262281	0.007762	0.565684	-0.008300
1763642240.171987	0.262280	-0.008551	0.551572	-0.008744
1763642240.196844	0.264570	0.000687	0.566454	-0.007598
1763642240.223180	0.265144	-0.019848	0.538038	-0.007652
1763642240.250332	0.268059	-0.038994	0.557835	-0.007374
1763642240.272388	0.264710	-0.019744	0.530209	-0.006944
1763642240.295053	0.267894	-0.042928	0.554588	-0.006773
1763642240.324861	0.266450	-0.017891	0.567782	-0.006224
1763642240.348225	0.267633	-0.030292	0.547669	-0.006007
1763642240.376462	0.269975	-0.033925	0.544728	-0.005551
1763642240.404322	0.264311	-0.012368	0.510784	-0.005819
1763642240.433591	0.266755	-0.022320	0.537265	-0.004870
1763642240.466999	0.266985	-0.014893	0.552294	-0.004282
1763642240.489161	0.264192	-0.028923	0.533647	-0.004742
1763642240.522829	0.265951	-0.023464	0.542589	-0.004587
1763642240.550601	0.261905	-0.004165	0.521858	-0.004702
1763642240.578960	0.266386	-0.012155	0.546593	-0.003837
1763642240.602311	0.263676	0.022606	0.512169	-0.003107
1763642240.636995	0.266205	0.009116	0.522225	-0.002931
1763642240.668075	0.266183	0.031338	0.512842	-0.002239
1763642240.696824	0.266919	0.009036	0.510222	-0.003232
1763642240.722722	0.267520	0.024256	0.533766	-0.002711
1763642240.748265	0.262611	0.050456	0.508777	-0.002638
1763642240.769874	0.267526	0.030181	0.517877	-0.003084
1763642240.800627	0.267553	0.043113	0.523932	-0.002891
1763642240.825712	0.266101	0.046428	0.509215	-0.003018
1763642240.851760	0.268315	0.037893	0.520484	-0.003428
1763642240.876022	0.265534	0.071892	0.501455	-0.002997
1763642240.900409	0.268277	0.056407	0.516473	-0.003455
1763642240.925811	0.268942	0.046677	0.531437	-0.004120
1763642240.954772	0.264874	0.070765	0.513168	-0.004221
1763642240.990538	0.267439	0.035617	0.532127	-0.005311
1763642241.014647	0.265624	0.035007	0.554217	-0.006009
1763642241.050868	0.263127	0.041604	0.538523	-0.006596
1763642241.077139	0.266813	0.015812	0.560071	-0.007069
1763642241.103798	0.262633	0.027225	0.558084	-0.007883
1763642241.137826	0.259332	0.026681	0.554446	-0.008950
1763642241.162981	0.261837	0.002817	0.589321	-0.008958
1763642241.197446	0.259075	-0.008535	0.561560	-0.009901
1763642241.224929	0.263993	-0.017821	0.584009	-0.008723
1763642241.256639	0.262052	0.008849	0.566933	-0.008593
1763642241.283184	0.267032	-0.026169	0.585576	-0.007774
1763642241.313791	0.265340	-0.012524	0.560701	-0.007536
1763642241.335378	0.269608	-0.045607	0.567193	-0.007520
1763642241.367583	0.272004	-0.039425	0.572530	-0.006616
1763642241.393747	0.266721	-0.041755	0.539506	-0.007775
1763642241.424851	0.269552	-0.067978	0.575373	-0.007850
1763642241.456321	0.266769	-0.059967	0.551075	-0.008439
1763642241.488016	0.264315	-0.060458	0.518972	-0.008718
1763642241.523704	0.266292	-0.061267	0.532247	-0.008137
1763642241.547366	0.262842	-0.033719	0.509946	-0.007536
1763642241.579636	0.265722	-0.051640	0.517266	-0.007460
1763642241.604330	0.263252	-0.034595	0.513492	-0.007328
1763642241.639593	0.265939	-0.059578	0.524926	-0.007620
1763642241.675256	0.265256	-0.035967	0.527956	-0.007083
1763642241.698772	0.271590	-0.080284	0.528754	-0.007915
1763642241.731665	0.268916	-0.059432	0.524404	-0.008324
1763642241.759351	0.266292	-0.057231	0.509281	-0.008601
1763642241.785851	0.269782	-0.073884	0.546126	-0.008330
1763642241.811021	0.267954	-0.038776	0.551962	-0.008824
1763642241.837816	0.262799	-0.015564	0.519414	-0.008897
1763642241.862623	0.264681	-0.051180	0.542765	-0.009612
1763642241.893940	0.263808	-0.036326	0.559975	-0.009000
1763642241.928394	0.259574	-0.013400	0.545181	-0.008860
1763642241.953522	0.263693	-0.040203	0.549041	-0.009059
1763642241.991043	0.261071	-0.028695	0.531750	-0.008581
1763642242.019103	0.263657	-0.056574	0.531917	-0.008958
1763642242.056056	0.264640	-0.025105	0.564871	-0.007952
1763642242.084314	0.267001	-0.048172	0.533018	-0.008528
1763642242.107660	0.265734	0.015010	0.561882	-0.006773
1763642242.131993	0.266231	0.015896	0.537782	-0.006687
1763642242.157850	0.267115	0.011405	0.536475	-0.006354
1763642242.185054	0.269787	-0.006599	0.562886	-0.006911
1763642242.210367	0.267382	0.010134	0.546961	-0.007199
1763642242.247009	0.270517	-0.014860	0.562218	-0.007208
1763642242.271025	0.269645	0.001817	0.577912	-0.006639
1763642242.301914	0.265289	0.020427	0.581585	-0.007011
1763642242.326010	0.268404	-0.016265	0.599727	-0.007662
1763642242.356620	0.266797	-0.012895	0.595217	-0.007758
1763642242.380827	0.265445	0.018649	0.580822	-0.007305
1763642242.406763	0.269261	-0.005272	0.595464	-0.006694
1763642242.431232	0.267467	-0.003069	0.589026	-0.006978
1763642242.465357	0.263168	0.019848	0.567713	-0.006793
1763642242.487082	0.267844	-0.016462	0.584313	-0.006832
1763642242.525281	0.266474	-0.010227	0.585203	-0.006620
1763642242.550320	0.262173	0.000331	0.549962	-0.006522
1763642242.583730	0.266080	-0.019559	0.566378	-0.006635
1763642242.605063	0.260528	0.008521	0.551208	-0.006120
1763642242.636591	0.259826	0.000532	0.538301	-0.006849
1763642242.657506	0.263470	-0.009500	0.560237	-0.006581
1763642242.694348	0.263197	-0.006461	0.576357	-0.006766
1763642242.718067	0.263274	-0.018815	0.561101	-0.007817
1763642242.745328	0.263564	0.009163	0.575515	-0.006955
1763642242.771843	0.263955	0.001171	0.554842	-0.007247
1763642242.797051	0.266306	-0.044520	0.563300	-0.007645
1763642242.822075	0.266385	-0.015933	0.583458	-0.006634
1763642242.853753	0.267592	-0.024941	0.561909	-0.006801
1763642242.880420	0.268722	-0.045363	0.598549	-0.007689
1763642242.906481	0.266884	-0.024369	0.581086	-0.007648
1763642242.932986	0.271042	-0.059382	0.604963	-0.007653
1763642242.958176	0.269705	-0.069773	0.601729	-0.008246
1763642242.986088	0.267654	-0.042305	0.575637	-0.007260
1763642243.012234	0.270762	-0.045411	0.605745	-0.006164
1763642243.039229	0.268028	-0.036699	0.595644	-0.005998
1763642243.062138	0.263253	-0.016269	0.572047	-0.006495
1763642243.088365	0.263339	-0.036578	0.559114	-0.007306
1763642243.111530	0.265553	-0.069904	0.578751	-0.007312
1763642243.150541	0.264595	-0.055042	0.573875	-0.006972
1763642243.173534	0.262532	-0.041295	0.549188	-0.006166
1763642243.206223	0.264711	-0.050082	0.568896	-0.005950
1763642243.234000	0.262650	-0.021204	0.546764	-0.005180
1763642243.269358	0.267813	-0.043604	0.555707	-0.004798
1763642243.291089	0.266135	-0.033560	0.534314	-0.004976
1763642243.323695	0.267972	-0.039425	0.540217	-0.004856
1763642243.347861	0.267216	-0.014026	0.537106	-0.004460
1763642243.378377	0.265722	-0.010372	0.535743	-0.004651
1763642243.409543	0.268580	-0.025346	0.560317	-0.005290
1763642243.439078	0.263759	-0.005388	0.569973	-0.004651
1763642243.473136	0.262612	-0.040365	0.566991	-0.005982
1763642243.499282	0.262577	-0.035504	0.587841	-0.005687
1763642243.532079	0.261302	-0.010870	0.566054	-0.005123
1763642243.554400	0.266043	-0.034859	0.571946	-0.004717
1763642243.584263	0.264968	-0.036227	0.576957	-0.004542
1763642243.608875	0.267403	-0.069285	0.560004	-0.004913
1763642243.639125	0.265394	-0.047633	0.577053	-0.004649
1763642243.661879	0.266928	-0.073712	0.557811	-0.005072
1763642243.694706	0.267323	-0.075573	0.552930	-0.004639
1763642243.716014	0.263600	-0.040057	0.543828	-0.003563
1763642243.749681	0.266443	-0.058144	0.575093	-0.003233
1763642243.775142	0.262809	-0.005767	0.584074	-0.001498
1763642243.797549	0.262138	0.002196	0.562340	-0.001577
1763642243.822179	0.264674	-0.024129	0.579879	-0.002147
1763642243.850730	0.262378	-0.001003	0.579991	-0.001859
1763642243.880934	0.262744	-0.014597	0.580676	-0.001756
1763642243.912621	0.262885	-0.009950	0.594453	-0.001612
1763642243.940622	0.263682	-0.043676	0.597637	-0.001995
1763642243.969692	0.263486	-0.028576	0.609642	-0.000992
1763642244.002631	0.264374	-0.056977	0.578362	-0.001428
1763642244.027459	0.265769	-0.050961	0.600566	0.000526
1763642244.061093	0.265756	-0.050026	0.583048	0.000626
1763642244.088592	0.268331	-0.065342	0.610371	0.001929
1763642244.119430	0.263115	-0.047791	0.592509	0.001829
1763642244.141227	0.265566	-0.063690	0.629997	0.002157
1763642244.177839	0.265607	-0.063312	0.614697	0.002117
1763642244.219429	0.267491	-0.063563	0.616623	0.003470
1763642244.246605	0.264164	-0.053467	0.588979	0.004503
1763642244.277477	0.266393	-0.066017	0.610810	0.005641
1763642244.306390	0.262867	-0.041601	0.578050	0.005761
1763642244.339519	0.268254	-0.067461	0.597393	0.006652
1763642244.365675	0.264886	-0.042089	0.584871	0.007316
1763642244.394369	0.267203	-0.064535	0.593423	0.007632
1763642244.425768	0.265073	-0.038817	0.596465	0.008323
1763642244.453831	0.266732	-0.056047	0.617987	0.008533
1763642244.483394	0.264497	-0.014937	0.583841	0.010405
1763642244.520320	0.266659	-0.048202	0.573747	0.009848
1763642244.579672	0.267171	-0.044806	0.590113	0.011600
1763642244.609149	0.265104	-0.000482	0.588933	0.013344
1763642244.642839	0.267138	-0.023175	0.569561	0.012871
1763642244.667151	0.264316	-0.007586	0.563048	0.013085
1763642244.696924	0.267626	-0.022566	0.558992	0.013427
1763642244.725279	0.267404	-0.011663	0.591066	0.014686
1763642244.755297	0.265601	-0.003568	0.565673	0.014366
1763642244.786754	0.265715	-0.003951	0.598622	0.015221
1763642244.808349	0.263640	0.015324	0.574077	0.015504
1763642244.842635	0.266908	-0.020889	0.596079	0.015131
1763642244.863042	0.263687	-0.002683	0.570794	0.015196
1763642244.898473	0.266294	-0.025435	0.580355	0.015278
1763642244.919918	0.262520	-0.013827	0.563585	0.015503
1763642244.944408	0.266380	-0.043607	0.576267	0.015888
1763642244.969322	0.267003	-0.036736	0.586939	0.016437
1763642244.993594	0.264557	-0.019864	0.570809	0.016425
1763642245.024752	0.269361	-0.039590	0.580572	0.016687
1763642245.053263	0.263799	-0.013972	0.551470	0.016120
1763642245.076241	0.266718	-0.044505	0.589740	0.016454
1763642245.103873	0.262731	-0.021751	0.564741	0.016031
1763642245.137141	0.265530	-0.049116	0.558429	0.015968
1763642245.170197	0.264104	-0.024698	0.557242	0.016196
1763642245.195865	0.264892	-0.029097	0.557572	0.016330
1763642245.232550	0.264720	-0.023729	0.585456	0.016713
1763642245.253457	0.266665	-0.029277	0.579906	0.017215
1763642245.278831	0.265874	-0.022342	0.577336	0.017251
1763642245.305037	0.266708	-0.025548	0.556028	0.016754
1763642245.334780	0.267496	-0.015719	0.584385	0.017665
1763642245.361148	0.266818	-0.020793	0.551344	0.017184
1763642245.395459	0.270030	-0.035149	0.581920	0.017673
1763642245.420567	0.265581	-0.014054	0.556185	0.016576
1763642245.449718	0.267720	-0.034380	0.591351	0.017097
1763642245.480750	0.262368	0.008506	0.566989	0.016772
1763642245.510007	0.266273	-0.020456	0.573802	0.017143
1763642245.535288	0.263234	0.001297	0.567846	0.017317
1763642245.566199	0.264367	-0.022171	0.564227	0.016560
1763642245.586647	0.261659	0.005492	0.588166	0.017208
1763642245.623609	0.263182	-0.023945	0.576204	0.016474
1763642245.648685	0.262505	0.000285	0.571117	0.017493
1763642245.673144	0.266310	-0.026090	0.598259	0.017818
1763642245.706054	0.265195	-0.026052	0.594010	0.017441
1763642245.725988	0.264637	-0.030279	0.587567	0.016684
1763642245.756942	0.266260	-0.034400	0.593557	0.016994
1763642245.781541	0.263715	-0.040931	0.585564	0.016099
1763642245.805430	0.263587	-0.014470	0.614942	0.017354
1763642245.831273	0.262073	-0.010634	0.586004	0.016738
1763642245.863086	0.265946	-0.027673	0.600087	0.017531
1763642245.886840	0.263231	-0.004302	0.572147	0.017586
1763642245.914621	0.266561	-0.026075	0.592766	0.018509
1763642245.941743	0.265572	-0.011098	0.560636	0.018284
1763642245.968367	0.270155	-0.024136	0.580471	0.020108
1763642245.990890	0.265491	-0.002328	0.551664	0.020297
1763642246.013766	0.269159	-0.030695	0.549480	0.020605
1763642246.078949	0.265950	0.001434	0.557836	0.021491
1763642246.125133	0.265787	0.010205	0.530040	0.021012
