时间(s)	位置x(m)	位置y(m)	位置z(m)	欧拉角roll(rad)	欧拉角pitch(rad)	欧拉角yaw(rad)	速度x(m/s)	速度y(m/s)	速度z(m/s)
1782834976.229471	-0.433717	0.015878	1.286142	0.004326	-0.014909	-0.033389	0.007887	0.034328	-0.004047
1782834976.232105	-0.433565	0.016251	1.286200	0.005233	-0.013177	-0.033120	0.007887	0.034328	-0.004047
1782834976.235490	-0.433565	0.016251	1.286200	0.005233	-0.013177	-0.033120	0.007887	0.034328	-0.004047
1782834976.241881	-0.433565	0.016251	1.286200	0.005233	-0.013177	-0.033120	0.020755	0.024562	0.007725
1782834976.253063	-0.433400	0.016675	1.286293	0.004285	-0.011342	-0.033640	0.020755	0.024562	0.007725
1782834976.261981	-0.433346	0.016994	1.286271	0.007367	-0.014162	-0.033673	0.012939	0.028318	-0.001728
1782834976.271988	-0.433368	0.017276	1.286282	0.007640	-0.012443	-0.032512	0.012939	0.028318	-0.001728
1782834976.281801	-0.433408	0.017722	1.286231	0.006975	-0.011608	-0.028367	0.003219	0.030851	0.005075
1782834976.291856	-0.433458	0.017981	1.286296	0.005667	-0.012052	-0.026496	0.003219	0.030851	0.005075
1782834976.302616	-0.433410	0.018529	1.286474	0.007726	-0.011020	-0.026549	0.015179	0.030441	0.029410
1782834976.311912	-0.433414	0.019160	1.286715	0.009594	-0.009530	-0.023977	0.015179	0.030441	0.029410
1782834976.321803	-0.433319	0.019572	1.286805	0.008708	-0.007776	-0.022053	0.004619	0.033452	0.014669
1782834976.331916	-0.433319	0.019572	1.286805	0.008708	-0.007776	-0.022053	-0.001387	0.034389	0.023726
1782834976.341745	-0.433439	0.019935	1.286941	0.008083	-0.008772	-0.020001	-0.001387	0.034389	0.023726
1782834976.352358	-0.433546	0.020382	1.286965	0.004957	-0.007581	-0.018024	-0.001387	0.034389	0.023726
1782834976.362086	-0.433551	0.021065	1.287264	0.008761	-0.006247	-0.016244	0.012239	0.037170	0.031000
1782834976.371988	-0.433564	0.021438	1.287729	0.009034	-0.005066	-0.013513	0.012239	0.037170	0.031000
1782834976.382174	-0.433500	0.021783	1.288078	0.008778	-0.003966	-0.010955	0.020757	0.028466	0.028592
1782834976.392435	-0.433386	0.022196	1.288430	0.008435	-0.003453	-0.009893	0.009782	0.037736	0.018889
1782834976.404258	-0.433388	0.022683	1.288712	0.010450	-0.003395	-0.007503	0.009782	0.037736	0.018889
1782834976.416873	-0.433373	0.023274	1.289135	0.008118	-0.001906	-0.005321	0.009782	0.037736	0.018889
1782834976.422231	-0.433411	0.023588	1.289604	0.004966	-0.000526	-0.002772	0.011268	0.030915	0.038875
1782834976.432252	-0.433411	0.023588	1.289604	0.004966	-0.000526	-0.002772	0.011268	0.030915	0.038875
1782834976.442460	-0.433554	0.023965	1.290087	0.005845	-0.001199	-0.000013	0.022479	0.025965	0.046531
1782834976.453115	-0.433484	0.024342	1.290671	0.009968	-0.001612	0.002636	0.022479	0.025965	0.046531
1782834976.466501	-0.433289	0.024869	1.291312	0.008326	-0.000048	0.003664	0.009177	0.037608	0.025417
1782834976.474054	-0.433126	0.025257	1.291496	0.009411	-0.000313	0.006735	0.009177	0.037608	0.025417
1782834976.482318	-0.433317	0.025621	1.291834	0.008885	0.000115	0.008677	0.009177	0.037608	0.025417
1782834976.494555	-0.433460	0.026214	1.292489	0.011007	-0.002642	0.011731	0.024080	0.029784	0.036219
1782834976.504812	-0.433318	0.026590	1.292955	0.012034	-0.002807	0.013774	0.024080	0.029784	0.036219
1782834976.515469	-0.433182	0.026887	1.293395	0.011011	0.000926	0.015955	0.021524	0.028252	0.037591
1782834976.523002	-0.433012	0.027339	1.293777	0.013293	-0.000007	0.020027	0.021524	0.028252	0.037591
1782834976.533351	-0.433003	0.027699	1.294240	0.016099	-0.000148	0.021481	0.021524	0.028252	0.037591
1782834976.542809	-0.433003	0.027699	1.294240	0.016099	-0.000148	0.021481	0.014777	0.034602	0.032013
1782834976.553893	-0.432980	0.028114	1.294376	0.014742	-0.000725	0.023674	0.012312	0.036476	0.019707
1782834976.563817	-0.432891	0.028707	1.294879	0.013721	0.000330	0.027218	0.012312	0.036476	0.019707
1782834976.573002	-0.432643	0.029047	1.295047	0.016687	-0.000128	0.028499	0.012312	0.036476	0.019707
1782834976.585702	-0.432614	0.029593	1.295113	0.015726	0.001351	0.030192	0.023498	0.025781	0.025617
1782834976.593849	-0.432442	0.029870	1.295323	0.014279	0.001955	0.032402	0.023498	0.025781	0.025617
1782834976.606981	-0.432481	0.030331	1.295473	0.013025	-0.000131	0.036574	0.029726	0.022639	0.016363
1782834976.617886	-0.432481	0.030331	1.295473	0.013025	-0.000131	0.036574	0.029726	0.022639	0.016363
1782834976.624209	-0.432305	0.031012	1.295964	0.015564	-0.000677	0.041162	0.015791	0.031570	-0.007945
1782834976.632930	-0.432305	0.031012	1.295964	0.015564	-0.000677	0.041162	0.015791	0.031570	-0.007945
1782834976.641752	-0.432002	0.031427	1.295936	0.015643	-0.000363	0.043499	0.018596	0.027577	0.002681
1782834976.651782	-0.431914	0.031871	1.296119	0.015982	-0.001589	0.045533	0.018596	0.027577	0.002681
1782834976.661890	-0.431816	0.032225	1.296142	0.015855	-0.002411	0.046549	0.033253	0.017790	0.012686
1782834976.671823	-0.431604	0.032508	1.296072	0.015575	-0.002725	0.050345	0.033253	0.017790	0.012686
1782834976.682490	-0.431291	0.032781	1.296036	0.018338	-0.002237	0.053084	0.024580	0.025247	-0.007158
1782834976.692551	-0.431239	0.033150	1.296121	0.017493	-0.001962	0.055725	0.020179	0.023535	-0.003509
1782834976.702763	-0.430980	0.033641	1.296096	0.017942	-0.001391	0.057858	0.020179	0.023535	-0.003509
1782834976.712794	-0.430806	0.033947	1.295940	0.017493	-0.001939	0.058919	0.020179	0.023535	-0.003509
1782834976.721940	-0.430806	0.033947	1.295940	0.017493	-0.001939	0.058919	0.036696	0.020227	0.012579
1782834976.732353	-0.430540	0.034554	1.295903	0.017712	-0.004424	0.065005	0.031172	0.017135	-0.011311
1782834976.742712	-0.430540	0.034554	1.295903	0.017712	-0.004424	0.065005	0.031172	0.017135	-0.011311
1782834976.751773	-0.430296	0.034841	1.295893	0.018106	-0.003642	0.066507	0.031172	0.017135	-0.011311
1782834976.761940	-0.430012	0.035166	1.295805	0.018365	-0.004004	0.070231	0.023640	0.018484	-0.004695
1782834976.771915	-0.429807	0.035379	1.295798	0.019275	-0.004364	0.071831	0.023640	0.018484	-0.004695
1782834976.781939	-0.429682	0.035700	1.295854	0.020970	-0.005065	0.073097	0.036634	0.013163	0.014616
1782834976.793664	-0.429339	0.036018	1.295551	0.017401	-0.005812	0.076351	0.036634	0.013163	0.014616
1782834976.802383	-0.429173	0.036315	1.295698	0.016077	-0.006437	0.079187	0.026987	0.014742	0.002354
1782834976.811843	-0.429105	0.036561	1.295735	0.018134	-0.007658	0.081761	0.026987	0.014742	0.002354
1782834976.821740	-0.428834	0.036799	1.295629	0.016153	-0.007787	0.083542	0.022470	0.013108	0.014098
1782834976.832246	-0.428537	0.036865	1.295547	0.014996	-0.006066	0.086421	0.022470	0.013108	0.014098
1782834976.843025	-0.428537	0.036865	1.295547	0.014996	-0.006066	0.086421	0.032697	0.008353	0.022179
1782834976.852719	-0.428405	0.037107	1.295575	0.015469	-0.005562	0.089183	0.032697	0.008353	0.022179
1782834976.862527	-0.428074	0.037382	1.295626	0.015811	-0.005549	0.091775	0.024426	0.012009	-0.004107
1782834976.872369	-0.427817	0.037530	1.295571	0.014417	-0.004097	0.093576	0.024426	0.012009	-0.004107
1782834976.882770	-0.427602	0.037617	1.295400	0.013778	-0.006036	0.096927	0.024426	0.012009	-0.004107
1782834976.892854	-0.427501	0.037843	1.295263	0.014904	-0.008033	0.099814	0.022100	0.012513	0.002216
1782834976.904309	-0.427286	0.038048	1.295151	0.016459	-0.008094	0.101869	0.040178	0.003505	0.004038
1782834976.912168	-0.426886	0.038150	1.295036	0.017938	-0.008138	0.104571	0.040178	0.003505	0.004038
1782834976.921822	-0.426886	0.038150	1.295036	0.017938	-0.008138	0.104571	0.036005	0.008147	-0.019989
1782834976.931925	-0.426540	0.038467	1.294845	0.017919	-0.007798	0.108699	0.036005	0.008147	-0.019989
1782834976.974954	-0.425976	0.038811	1.294672	0.014291	-0.009256	0.115551	0.043277	-0.001295	-0.009437
1782834976.980660	-0.425859	0.038954	1.294681	0.014368	-0.009632	0.117716	0.035624	0.002787	-0.019930
1782834976.989210	-0.425590	0.038978	1.294521	0.018264	-0.011710	0.119897	0.035624	0.002787	-0.019930
1782834976.999521	-0.425271	0.039152	1.294571	0.016470	-0.009389	0.122512	0.035624	0.002787	-0.019930
1782834977.009421	-0.425023	0.039311	1.294533	0.017226	-0.009472	0.124738	0.023413	0.005997	-0.005489
1782834977.020166	-0.424846	0.039412	1.294480	0.017250	-0.010279	0.125893	0.036975	-0.002199	0.010174
1782834977.029171	-0.424618	0.039722	1.294563	0.013926	-0.007640	0.129066	0.036975	-0.002199	0.010174
1782834977.038215	-0.424448	0.039858	1.294503	0.013980	-0.007356	0.131473	0.025806	-0.000168	0.009523
1782834977.049621	-0.424448	0.039858	1.294503	0.013980	-0.007356	0.131473	0.025806	-0.000168	0.009523
1782834977.058747	-0.424136	0.039821	1.294276	0.013521	-0.010355	0.135923	0.025806	-0.000168	0.009523
1782834977.069077	-0.423934	0.039943	1.294545	0.012515	-0.009586	0.137309	0.022318	0.001540	0.018516
1782834977.081378	-0.423856	0.039894	1.294902	0.015155	-0.007811	0.139817	0.030985	-0.004928	0.019667
1782834977.089662	-0.423665	0.039984	1.294996	0.014389	-0.008367	0.142141	0.030985	-0.004928	0.019667
1782834977.101565	-0.423502	0.040054	1.295241	0.014850	-0.008033	0.144588	0.030985	-0.004928	0.019667
1782834977.109244	-0.423299	0.040247	1.295430	0.015543	-0.008261	0.145699	0.032303	-0.006737	0.019167
1782834977.120680	-0.423019	0.040258	1.295394	0.014759	-0.008877	0.152860	0.023866	0.000617	0.018430
1782834977.129461	-0.423019	0.040258	1.295394	0.014759	-0.008877	0.152860	0.023866	0.000617	0.018430
1782834977.138230	-0.422810	0.040322	1.295652	0.015258	-0.008941	0.155202	0.023866	0.000617	0.018430
1782834977.149927	-0.422810	0.040322	1.295652	0.015258	-0.008941	0.155202	0.028220	-0.001127	0.012161
1782834977.159616	-0.422709	0.040406	1.295936	0.013602	-0.008368	0.157342	0.028220	-0.001127	0.012161
1782834977.171927	-0.422437	0.040522	1.296127	0.014308	-0.007277	0.159447	0.035730	-0.007318	0.017342
1782834977.180418	-0.422249	0.040707	1.296401	0.016591	-0.006776	0.161866	0.035730	-0.007318	0.017342
1782834977.189382	-0.422132	0.040832	1.296551	0.017259	-0.007487	0.164050	0.032947	-0.003477	0.015328
1782834977.199906	-0.421872	0.040776	1.296789	0.015217	-0.005671	0.167272	0.032947	-0.003477	0.015328
1782834977.210551	-0.421696	0.040719	1.296784	0.014779	-0.006574	0.171125	0.023071	0.000038	0.008246
1782834977.220428	-0.421506	0.040658	1.297031	0.015223	-0.007618	0.173945	0.034892	-0.006147	0.025514
1782834977.229453	-0.421358	0.040790	1.297243	0.016949	-0.006502	0.174187	0.034892	-0.006147	0.025514
1782834977.240029	-0.421136	0.040853	1.297347	0.015521	-0.004983	0.177124	0.034892	-0.006147	0.025514
1782834977.250217	-0.421136	0.040853	1.297347	0.015521	-0.004983	0.177124	0.028496	-0.007593	0.019781
1782834977.260985	-0.420955	0.040865	1.297415	0.014530	-0.006521	0.179599	0.028496	-0.007593	0.019781
1782834977.270154	-0.420940	0.040947	1.297530	0.016878	-0.006664	0.181840	0.017287	0.001726	0.003971
1782834977.280875	-0.420509	0.040967	1.297345	0.014268	-0.006037	0.187562	0.017287	0.001726	0.003971
1782834977.290298	-0.420509	0.040967	1.297345	0.014268	-0.006037	0.187562	0.019849	-0.003539	0.011608
1782834977.299336	-0.420380	0.040956	1.297507	0.017711	-0.006872	0.188778	0.019849	-0.003539	0.011608
1782834977.309614	-0.420077	0.041149	1.297436	0.017833	-0.006934	0.191793	0.033023	-0.013649	0.012856
1782834977.323286	-0.419841	0.041122	1.297333	0.015670	-0.006009	0.194284	0.023463	-0.005192	-0.019069
1782834977.330130	-0.419867	0.041163	1.297194	0.014518	-0.006287	0.197078	0.023463	-0.005192	-0.019069
1782834977.338269	-0.419699	0.041101	1.297040	0.014598	-0.006054	0.197594	0.023463	-0.005192	-0.019069
1782834977.349590	-0.419699	0.041101	1.297040	0.014598	-0.006054	0.197594	0.018717	-0.002796	-0.024925
1782834977.359200	-0.419474	0.041136	1.296866	0.016347	-0.004764	0.199390	0.032026	-0.009429	-0.023451
1782834977.370642	-0.419350	0.041170	1.296644	0.016511	-0.005711	0.201470	0.032026	-0.009429	-0.023451
1782834977.381105	-0.419061	0.041187	1.296588	0.017733	-0.004867	0.203000	0.032026	-0.009429	-0.023451
1782834977.389881	-0.418839	0.041131	1.296273	0.015579	-0.003495	0.204737	0.032876	-0.015260	-0.022980
1782834977.399787	-0.418532	0.040945	1.295736	0.016869	-0.005301	0.208373	0.032876	-0.015260	-0.022980
1782834977.410671	-0.418315	0.040960	1.295472	0.016803	-0.004858	0.209630	0.015186	-0.002359	-0.025399
1782834977.421365	-0.418132	0.040831	1.295537	0.017646	-0.003498	0.210481	0.026817	-0.013380	0.000004
1782834977.429203	-0.417931	0.040825	1.295324	0.014623	-0.004664	0.213599	0.026817	-0.013380	0.000004
1782834977.439445	-0.417931	0.040825	1.295324	0.014623	-0.004664	0.213599	0.026817	-0.013380	0.000004
1782834977.450038	-0.417813	0.040915	1.295154	0.015091	-0.006266	0.214794	0.030724	-0.009575	-0.010887
1782834977.459252	-0.417641	0.040988	1.295151	0.016531	-0.006570	0.216479	0.030724	-0.009575	-0.010887
1782834977.469128	-0.417418	0.040864	1.295165	0.015848	-0.006084	0.219465	0.022394	-0.008145	-0.006147
1782834977.479822	-0.417235	0.040806	1.294943	0.014869	-0.007458	0.221985	0.022394	-0.008145	-0.006147
1782834977.489983	-0.417034	0.040774	1.295151	0.015181	-0.007564	0.223356	0.038137	-0.014321	0.007982
1782834977.499059	-0.416726	0.040759	1.295235	0.013956	-0.008020	0.225430	0.038137	-0.014321	0.007982
1782834977.509194	-0.416428	0.040638	1.295322	0.015668	-0.007510	0.228026	0.030687	-0.010763	0.000513
1782834977.521603	-0.415805	0.040589	1.295978	0.018153	-0.007415	0.232187	0.023801	-0.009770	0.015803
1782834977.529630	-0.415805	0.040589	1.295978	0.018153	-0.007415	0.232187	0.023801	-0.009770	0.015803
1782834977.541476	-0.415805	0.040589	1.295978	0.018153	-0.007415	0.232187	0.023801	-0.009770	0.015803
1782834977.549465	-0.415639	0.040534	1.296232	0.016777	-0.007157	0.234169	0.032412	-0.014977	0.028886
1782834977.559685	-0.415375	0.040237	1.296484	0.015599	-0.008056	0.236769	0.032412	-0.014977	0.028886
1782834977.569195	-0.415234	0.040177	1.296698	0.018286	-0.010924	0.239619	0.029298	-0.016893	0.029016
1782834977.582578	-0.415019	0.040313	1.297022	0.016984	-0.010118	0.241984	0.029298	-0.016893	0.029016
1782834977.591248	-0.414590	0.040251	1.297537	0.018751	-0.008235	0.243532	0.019524	-0.008388	0.031888
1782834977.599911	-0.414293	0.040121	1.297753	0.018009	-0.007948	0.245945	0.019524	-0.008388	0.031888
1782834977.609998	-0.414006	0.039985	1.297978	0.015657	-0.008765	0.247784	0.023538	-0.014272	0.026592
1782834977.629791	-0.413876	0.039838	1.298209	0.016549	-0.006425	0.249196	0.037294	-0.023259	0.028806
1782834977.636997	-0.413088	0.039688	1.298786	0.014628	-0.005951	0.255668	0.037294	-0.023259	0.028806
1782834977.650168	-0.413088	0.039688	1.298786	0.014628	-0.005951	0.255668	0.037294	-0.023259	0.028806
1782834977.655033	-0.412842	0.039571	1.299207	0.015457	-0.004948	0.256321	0.026974	-0.015977	0.018456
1782834977.658842	-0.412842	0.039571	1.299207	0.015457	-0.004948	0.256321	0.021875	-0.011995	0.004626
1782834977.669595	-0.412491	0.039402	1.299379	0.014148	-0.004884	0.257920	0.021875	-0.011995	0.004626
1782834977.681261	-0.412132	0.039351	1.299734	0.016017	-0.006934	0.261013	0.035299	-0.020032	0.016164
1782834977.688881	-0.412133	0.039308	1.300007	0.017763	-0.009118	0.262254	0.035299	-0.020032	0.016164
1782834977.698819	-0.411962	0.039032	1.300219	0.018961	-0.009788	0.264729	0.035299	-0.020032	0.016164
1782834977.708983	-0.411413	0.038983	1.300269	0.014701	-0.007416	0.267469	0.036168	-0.021693	0.007839
1782834977.721129	-0.411413	0.038983	1.300269	0.014701	-0.007416	0.267469	0.025336	-0.010580	-0.011984
1782834977.729679	-0.410937	0.038910	1.300739	0.017893	-0.008343	0.271916	0.025336	-0.010580	-0.011984
1782834977.738911	-0.410706	0.038809	1.300884	0.015014	-0.007377	0.274701	0.025336	-0.010580	-0.011984
1782834977.750726	-0.410706	0.038809	1.300884	0.015014	-0.007377	0.274701	0.023341	-0.016671	-0.003417
1782834977.759553	-0.410514	0.038565	1.300917	0.014007	-0.008886	0.276090	0.023341	-0.016671	-0.003417
1782834977.769552	-0.410079	0.038509	1.300886	0.013698	-0.007625	0.278574	0.037511	-0.022513	0.015776
1782834977.779947	-0.409659	0.038228	1.301012	0.016432	-0.007061	0.278708	0.037511	-0.022513	0.015776
1782834977.791273	-0.409307	0.038054	1.300970	0.016324	-0.007218	0.280687	0.035145	-0.020680	-0.008236
1782834977.799831	-0.409171	0.038087	1.300886	0.016788	-0.007744	0.281301	0.035145	-0.020680	-0.008236
1782834977.809240	-0.408995	0.037943	1.300705	0.016657	-0.008650	0.283121	0.017314	-0.011834	-0.020002
1782834977.818800	-0.408713	0.037691	1.300654	0.015097	-0.008938	0.286956	0.027548	-0.022614	-0.004481
1782834977.829430	-0.408713	0.037691	1.300654	0.015097	-0.008938	0.286956	0.027548	-0.022614	-0.004481
1782834977.838216	-0.408119	0.037587	1.300713	0.015807	-0.007462	0.288624	0.037689	-0.026211	-0.007556
1782834977.850711	-0.408119	0.037587	1.300713	0.015807	-0.007462	0.288624	0.037689	-0.026211	-0.007556
1782834977.859866	-0.407737	0.037481	1.300482	0.014378	-0.009362	0.291275	0.037689	-0.026211	-0.007556
1782834977.869310	-0.407425	0.037254	1.300101	0.015122	-0.010707	0.293877	0.022116	-0.016440	-0.031507
1782834977.879538	-0.407230	0.037095	1.299983	0.014923	-0.010313	0.295389	0.019219	-0.020228	-0.023299
1782834977.891253	-0.406601	0.036920	1.299662	0.013612	-0.008952	0.298193	0.019219	-0.020228	-0.023299
1782834977.903827	-0.406601	0.036920	1.299662	0.013612	-0.008952	0.298193	0.019219	-0.020228	-0.023299
1782834977.909812	-0.406341	0.036861	1.299448	0.014874	-0.009516	0.299242	0.033758	-0.025103	-0.001696
1782834977.919593	-0.406007	0.036768	1.299181	0.013451	-0.009887	0.302166	0.025572	-0.022649	-0.024002
1782834977.928947	-0.405680	0.036671	1.299000	0.016179	-0.010124	0.303208	0.025572	-0.022649	-0.024002
1782834977.940281	-0.405680	0.036671	1.299000	0.016179	-0.010124	0.303208	0.025572	-0.022649	-0.024002
1782834977.949114	-0.405422	0.036412	1.298918	0.016208	-0.010293	0.304290	0.017557	-0.018877	-0.016764
1782834977.959057	-0.405284	0.036238	1.298772	0.017504	-0.010332	0.306668	0.017557	-0.018877	-0.016764
1782834977.969713	-0.404814	0.036005	1.298553	0.015772	-0.009153	0.309527	0.022400	-0.023123	0.001810
1782834977.979433	-0.404732	0.035935	1.298579	0.017910	-0.009030	0.309684	0.022400	-0.023123	0.001810
1782834977.990280	-0.404466	0.035926	1.298442	0.016105	-0.008787	0.311347	0.023493	-0.026819	-0.003007
1782834978.001697	-0.404030	0.035425	1.298305	0.014247	-0.009942	0.317134	0.023493	-0.026819	-0.003007
1782834978.009501	-0.404030	0.035425	1.298305	0.014247	-0.009942	0.317134	0.012748	-0.023540	0.006932
1782834978.018939	-0.403784	0.035338	1.298208	0.014863	-0.009389	0.317843	0.014762	-0.020960	0.022422
1782834978.030659	-0.403784	0.035338	1.298208	0.014863	-0.009389	0.317843	0.014762	-0.020960	0.022422
1782834978.039020	-0.403116	0.035085	1.298367	0.017305	-0.008545	0.320249	0.014762	-0.020960	0.022422
1782834978.049129	-0.403116	0.035085	1.298367	0.017305	-0.008545	0.320249	0.024960	-0.027776	0.015180
1782834978.058745	-0.402932	0.035048	1.298466	0.016381	-0.008139	0.322141	0.009740	-0.024443	0.013937
1782834978.069350	-0.402529	0.034765	1.298584	0.015849	-0.008804	0.324855	0.009740	-0.024443	0.013937
1782834978.079751	-0.402151	0.034534	1.298645	0.014040	-0.009343	0.328652	0.012901	-0.019480	0.022660
1782834978.089318	-0.402151	0.034534	1.298645	0.014040	-0.009343	0.328652	0.012901	-0.019480	0.022660
1782834978.100864	-0.401811	0.034325	1.298764	0.014209	-0.008923	0.330387	0.020007	-0.023191	0.013995
1782834978.110674	-0.401516	0.034054	1.298995	0.014479	-0.006508	0.331061	0.020007	-0.023191	0.013995
1782834978.118565	-0.401233	0.034100	1.299123	0.014659	-0.007833	0.333041	0.026946	-0.030477	0.015023
1782834978.129541	-0.401233	0.034100	1.299123	0.014659	-0.007833	0.333041	0.026946	-0.030477	0.015023
1782834978.142556	-0.400819	0.033908	1.299169	0.014497	-0.007561	0.335444	0.026946	-0.030477	0.015023
1782834978.148849	-0.400389	0.033434	1.299193	0.013654	-0.008666	0.341042	0.016907	-0.023104	0.009956
1782834978.160471	-0.400389	0.033434	1.299193	0.013654	-0.008666	0.341042	0.011433	-0.020365	-0.000682
1782834978.169118	-0.400030	0.033387	1.299499	0.013167	-0.007532	0.341716	0.011433	-0.020365	-0.000682
1782834978.179084	-0.399802	0.033224	1.299604	0.012044	-0.007513	0.343106	0.027405	-0.026106	0.015527
1782834978.189186	-0.399742	0.033152	1.299551	0.010908	-0.010090	0.345481	0.027405	-0.026106	0.015527
1782834978.200629	-0.399388	0.032907	1.299749	0.010135	-0.009362	0.347249	0.026399	-0.028043	0.005746
1782834978.209457	-0.399141	0.032611	1.299715	0.011908	-0.008940	0.349359	0.026399	-0.028043	0.005746
1782834978.219609	-0.398809	0.032438	1.299905	0.012259	-0.007059	0.352201	0.015516	-0.022848	-0.010697
1782834978.229381	-0.398661	0.032451	1.300070	0.012974	-0.006228	0.352547	0.015516	-0.022848	-0.010697
1782834978.239319	-0.398507	0.032346	1.300146	0.012415	-0.006149	0.353558	0.015516	-0.022848	-0.010697
1782834978.249544	-0.398507	0.032346	1.300146	0.012415	-0.006149	0.353558	0.022682	-0.023049	0.005648
1782834978.259969	-0.398034	0.032019	1.299961	0.012236	-0.008937	0.358309	0.022682	-0.023049	0.005648
1782834978.270374	-0.397952	0.031847	1.300120	0.011460	-0.009741	0.359371	0.030899	-0.030329	0.002570
1782834978.281859	-0.397738	0.031646	1.300334	0.013680	-0.010663	0.359598	0.030899	-0.030329	0.002570
1782834978.289531	-0.397354	0.031372	1.300471	0.012107	-0.009520	0.362079	0.020882	-0.021811	-0.018351
1782834978.299111	-0.397209	0.031331	1.300637	0.011814	-0.009585	0.363053	0.013851	-0.023249	-0.012059
1782834978.309456	-0.397153	0.031143	1.300701	0.013511	-0.010887	0.363813	0.013851	-0.023249	-0.012059
1782834978.321488	-0.396870	0.030812	1.300645	0.012801	-0.012241	0.366479	0.025438	-0.031005	-0.003571
1782834978.330648	-0.396802	0.030701	1.300699	0.012958	-0.012783	0.368132	0.025438	-0.031005	-0.003571
1782834978.338670	-0.396434	0.030332	1.300852	0.012977	-0.011292	0.369328	0.023955	-0.027839	-0.025641
1782834978.349701	-0.396434	0.030332	1.300852	0.012977	-0.011292	0.369328	0.023955	-0.027839	-0.025641
1782834978.359120	-0.396130	0.030235	1.300857	0.014584	-0.011842	0.371129	0.023955	-0.027839	-0.025641
1782834978.371019	-0.395761	0.029901	1.300905	0.013755	-0.011845	0.373470	0.010206	-0.021120	-0.020637
1782834978.380526	-0.395761	0.029901	1.300905	0.013755	-0.011845	0.373470	0.010206	-0.021120	-0.020637
1782834978.389326	-0.395597	0.029734	1.300861	0.011192	-0.011073	0.376148	0.017971	-0.030588	-0.007150
1782834978.399284	-0.395416	0.029516	1.300957	0.011758	-0.012111	0.377657	0.017971	-0.030588	-0.007150
1782834978.408430	-0.395319	0.029289	1.300960	0.012307	-0.012100	0.379228	0.024747	-0.030628	-0.012412
1782834978.420739	-0.395319	0.029289	1.300960	0.012307	-0.012100	0.379228	0.011778	-0.030222	-0.012036
1782834978.429632	-0.395039	0.028992	1.301067	0.012922	-0.012019	0.382689	0.011778	-0.030222	-0.012036
1782834978.440054	-0.394911	0.028872	1.301191	0.013735	-0.011818	0.382481	0.011778	-0.030222	-0.012036
1782834978.450053	-0.394911	0.028872	1.301191	0.013735	-0.011818	0.382481	0.006145	-0.026155	-0.004776
1782834978.460763	-0.394771	0.028501	1.301267	0.012549	-0.011194	0.386791	0.018436	-0.031284	-0.002085
1782834978.469586	-0.394598	0.028329	1.301389	0.011284	-0.011166	0.389039	0.018436	-0.031284	-0.002085
1782834978.480626	-0.394415	0.028052	1.301438	0.011637	-0.012137	0.390752	0.011445	-0.032940	0.001502
1782834978.489533	-0.394340	0.028005	1.301630	0.011242	-0.010529	0.391598	0.011445	-0.032940	0.001502
1782834978.502122	-0.394166	0.027738	1.301718	0.012488	-0.010334	0.393543	0.011445	-0.032940	0.001502
1782834978.509416	-0.394026	0.027526	1.301805	0.013330	-0.011501	0.394230	0.001185	-0.024882	0.000602
1782834978.518250	-0.393946	0.027321	1.301883	0.013113	-0.010592	0.395957	-0.000221	-0.025033	0.009890
1782834978.529752	-0.393946	0.027321	1.301883	0.013113	-0.010592	0.395957	-0.000221	-0.025033	0.009890
1782834978.539291	-0.393859	0.026721	1.302393	0.012074	-0.009716	0.399946	0.012201	-0.035928	0.017925
1782834978.550430	-0.393859	0.026721	1.302393	0.012074	-0.009716	0.399946	0.012201	-0.035928	0.017925
1782834978.559333	-0.393599	0.026557	1.302505	0.012019	-0.008883	0.401885	0.001311	-0.028876	0.001904
1782834978.569728	-0.393503	0.026441	1.302860	0.013017	-0.008865	0.401963	0.001311	-0.028876	0.001904
1782834978.579614	-0.393440	0.026325	1.303012	0.011022	-0.010551	0.404242	-0.008134	-0.021931	0.003019
1782834978.589791	-0.393461	0.025961	1.303025	0.007590	-0.010474	0.404918	-0.008134	-0.021931	0.003019
1782834978.599470	-0.393346	0.025726	1.303239	0.007937	-0.010734	0.407318	0.006856	-0.033814	0.017158
1782834978.609392	-0.393357	0.025378	1.303159	0.006375	-0.010705	0.409574	0.006856	-0.033814	0.017158
1782834978.619093	-0.393347	0.025234	1.303412	0.006784	-0.008383	0.410858	0.010068	-0.035526	0.007528
1782834978.629715	-0.393208	0.025161	1.303650	0.011113	-0.008222	0.411021	0.010068	-0.035526	0.007528
1782834978.638230	-0.393185	0.024811	1.303425	0.011369	-0.008632	0.414292	-0.007062	-0.024108	-0.011535
1782834978.649227	-0.393185	0.024811	1.303425	0.011369	-0.008632	0.414292	-0.007062	-0.024108	-0.011535
1782834978.659337	-0.393204	0.024659	1.303429	0.009599	-0.008366	0.415666	-0.004893	-0.028400	-0.003768
1782834978.669843	-0.393104	0.024317	1.303302	0.010087	-0.009253	0.417172	-0.004893	-0.028400	-0.003768
1782834978.679753	-0.393069	0.024072	1.303138	0.010669	-0.007683	0.418791	-0.004893	-0.028400	-0.003768
1782834978.691102	-0.393161	0.023984	1.303087	0.011511	-0.008333	0.419723	0.008171	-0.035293	0.008514
1782834978.700022	-0.393161	0.023984	1.303087	0.011511	-0.008333	0.419723	0.008171	-0.035293	0.008514
1782834978.708671	-0.392997	0.023671	1.302669	0.010355	-0.009445	0.422684	0.003037	-0.031477	-0.014916
1782834978.718795	-0.393038	0.023522	1.302542	0.012116	-0.009960	0.424486	-0.010996	-0.024243	-0.021365
1782834978.730567	-0.392939	0.023168	1.302490	0.014331	-0.009139	0.425970	-0.010996	-0.024243	-0.021365
1782834978.740513	-0.392939	0.023168	1.302490	0.014331	-0.009139	0.425970	-0.010996	-0.024243	-0.021365
1782834978.750945	-0.392900	0.023092	1.302257	0.014253	-0.008631	0.427690	-0.008006	-0.028237	-0.009822
1782834978.761657	-0.392953	0.022962	1.302073	0.015568	-0.009554	0.428043	0.002422	-0.035116	-0.005336
1782834978.774146	-0.392796	0.022449	1.301363	0.013922	-0.011945	0.430313	0.002422	-0.035116	-0.005336
1782834978.782111	-0.392797	0.022280	1.301295	0.014854	-0.011546	0.432245	0.002422	-0.035116	-0.005336
1782834978.789801	-0.392797	0.022280	1.301295	0.014854	-0.011546	0.432245	-0.005755	-0.027951	-0.021074
1782834978.799569	-0.392768	0.022120	1.300921	0.013488	-0.009637	0.433166	-0.005755	-0.027951	-0.021074
1782834978.810413	-0.392823	0.022006	1.300631	0.012406	-0.008807	0.434930	-0.017167	-0.022947	-0.017999
1782834978.820473	-0.392907	0.021836	1.300379	0.013488	-0.009351	0.434813	-0.004021	-0.030079	-0.005513
1782834978.830196	-0.392886	0.021616	1.300029	0.011243	-0.010106	0.436910	-0.004021	-0.030079	-0.005513
1782834978.838717	-0.392781	0.021265	1.299640	0.007434	-0.010938	0.438822	-0.004021	-0.030079	-0.005513
1782834978.849604	-0.392781	0.021265	1.299640	0.007434	-0.010938	0.438822	-0.004896	-0.027907	-0.014312
1782834978.859689	-0.392786	0.021092	1.299583	0.007909	-0.010568	0.439589	-0.018892	-0.023020	0.000073
1782834978.869474	-0.392862	0.020824	1.299389	0.011416	-0.010592	0.440094	-0.018892	-0.023020	0.000073
1782834978.881998	-0.392582	0.020732	1.299056	0.012189	-0.009018	0.441849	-0.018892	-0.023020	0.000073
1782834978.889929	-0.392698	0.020646	1.299110	0.012618	-0.008898	0.443475	-0.011449	-0.024531	0.009014
1782834978.899633	-0.392821	0.020526	1.298736	0.011464	-0.008363	0.444236	-0.011449	-0.024531	0.009014
1782834978.909404	-0.392834	0.020257	1.298525	0.009124	-0.006560	0.447546	-0.004109	-0.027547	0.004781
1782834978.920849	-0.392776	0.020104	1.298498	0.009297	-0.005850	0.448428	-0.018039	-0.019895	0.008048
1782834978.928635	-0.392879	0.019982	1.298396	0.010565	-0.006047	0.449226	-0.018039	-0.019895	0.008048
1782834978.938742	-0.392752	0.019856	1.298409	0.011633	-0.006202	0.451162	-0.013553	-0.020144	0.007800
1782834978.948672	-0.392788	0.019702	1.298305	0.008254	-0.004159	0.451788	-0.013553	-0.020144	0.007800
1782834978.958759	-0.392820	0.019664	1.298101	0.010532	-0.006637	0.454211	-0.013553	-0.020144	0.007800
1782834978.970957	-0.392846	0.019484	1.298034	0.009366	-0.006153	0.455298	-0.003631	-0.019631	0.014103
1782834978.979923	-0.392846	0.019484	1.298034	0.009366	-0.006153	0.455298	-0.003631	-0.019631	0.014103
1782834978.989466	-0.392833	0.019152	1.298119	0.009630	-0.004210	0.457502	-0.002535	-0.021822	0.010630
1782834979.005478	-0.392864	0.019039	1.298049	0.008188	-0.003269	0.459203	-0.012395	-0.015649	-0.008467
1782834979.009227	-0.392815	0.019138	1.298150	0.008781	-0.002730	0.459447	-0.012395	-0.015649	-0.008467
1782834979.019212	-0.392831	0.019059	1.298158	0.010039	-0.003287	0.459962	-0.005044	-0.010241	0.004904
1782834979.030719	-0.392959	0.018874	1.297879	0.008063	-0.005003	0.462712	-0.005044	-0.010241	0.004904
1782834979.039369	-0.393009	0.018870	1.297892	0.007803	-0.004809	0.463226	-0.005044	-0.010241	0.004904
1782834979.054224	-0.392968	0.018698	1.297993	0.007740	-0.003633	0.464509	0.006330	-0.020922	0.008647
1782834979.063321	-0.392953	0.018661	1.297893	0.007074	-0.003641	0.466002	-0.001972	-0.012027	-0.009231
1782834979.072338	-0.392953	0.018661	1.297893	0.007074	-0.003641	0.466002	-0.001972	-0.012027	-0.009231
1782834979.081796	-0.392985	0.018772	1.298041	0.008211	-0.003702	0.466611	-0.006118	-0.007589	-0.010626
1782834979.089362	-0.392985	0.018772	1.298041	0.008211	-0.003702	0.466611	-0.006118	-0.007589	-0.010626
1782834979.099152	-0.393033	0.018674	1.297914	0.006683	-0.003235	0.468542	0.011233	-0.018628	0.006968
1782834979.109457	-0.393118	0.018436	1.297815	0.006425	-0.005036	0.471003	0.011233	-0.018628	0.006968
1782834979.118601	-0.393161	0.018363	1.297783	0.006840	-0.006143	0.471897	0.008587	-0.012108	-0.012294
1782834979.129402	-0.393161	0.018363	1.297783	0.006840	-0.006143	0.471897	0.008587	-0.012108	-0.012294
1782834979.138428	-0.392924	0.018488	1.297897	0.007581	-0.003674	0.473774	-0.008197	-0.002196	-0.015842
1782834979.149248	-0.392924	0.018488	1.297897	0.007581	-0.003674	0.473774	-0.008197	-0.002196	-0.015842
1782834979.158858	-0.393026	0.018476	1.297780	0.007130	-0.005721	0.473527	-0.008197	-0.002196	-0.015842
1782834979.169538	-0.393112	0.018543	1.297734	0.008434	-0.006821	0.474807	-0.002065	-0.008545	0.003652
1782834979.180162	-0.392977	0.018430	1.297826	0.006988	-0.006512	0.476335	-0.002065	-0.008545	0.003652
1782834979.190532	-0.393207	0.018489	1.297758	0.008003	-0.007545	0.477893	0.009842	-0.010698	0.002591
1782834979.199370	-0.393118	0.018553	1.297819	0.009045	-0.006579	0.477405	0.009842	-0.010698	0.002591
1782834979.211043	-0.393244	0.018525	1.297940	0.008330	-0.005995	0.477769	-0.007935	-0.001167	-0.004878
1782834979.221147	-0.393323	0.018663	1.297940	0.006405	-0.007215	0.479788	-0.004059	-0.003806	0.009801
1782834979.228897	-0.393368	0.018772	1.297969	0.006605	-0.006974	0.480131	-0.004059	-0.003806	0.009801
1782834979.242519	-0.393368	0.018772	1.297969	0.006605	-0.006974	0.480131	-0.004059	-0.003806	0.009801
1782834979.249321	-0.393537	0.018733	1.298054	0.005366	-0.006891	0.480239	0.008393	-0.004411	0.006903
1782834979.259356	-0.393439	0.018861	1.298139	0.004551	-0.007576	0.482768	0.008393	-0.004411	0.006903
1782834979.270470	-0.393563	0.019039	1.298307	0.003284	-0.007136	0.484192	0.005101	-0.000229	0.018252
1782834979.281639	-0.393538	0.019136	1.298381	0.008028	-0.007872	0.484200	0.005101	-0.000229	0.018252
1782834979.289460	-0.393585	0.019277	1.298373	0.006118	-0.006654	0.485294	-0.004259	0.004539	0.003539
1782834979.299202	-0.393763	0.019391	1.298633	0.007919	-0.009167	0.487082	0.005715	0.002356	0.000476
1782834979.309379	-0.393916	0.019576	1.298828	0.009149	-0.010901	0.487502	0.005715	0.002356	0.000476
1782834979.321322	-0.393999	0.019660	1.298937	0.011024	-0.012147	0.489647	0.007033	-0.001035	0.001007
1782834979.329617	-0.393977	0.019793	1.299037	0.009774	-0.010512	0.490062	0.007033	-0.001035	0.001007
1782834979.338939	-0.394046	0.019855	1.299069	0.009566	-0.009950	0.490875	-0.000720	0.005590	-0.005325
1782834979.348304	-0.394149	0.020111	1.299155	0.011750	-0.010525	0.491203	-0.000720	0.005590	-0.005325
1782834979.358916	-0.394149	0.020111	1.299155	0.011750	-0.010525	0.491203	-0.000720	0.005590	-0.005325
1782834979.369396	-0.394266	0.020019	1.299224	0.009191	-0.008901	0.493353	-0.008941	0.009953	-0.005094
1782834979.379430	-0.394537	0.020185	1.299061	0.009044	-0.011486	0.495099	-0.008941	0.009953	-0.005094
1782834979.389188	-0.394590	0.020273	1.299396	0.010251	-0.008906	0.495771	-0.007768	0.008548	0.019713
1782834979.398795	-0.394620	0.020280	1.299449	0.011841	-0.008215	0.495970	-0.007768	0.008548	0.019713
1782834979.409692	-0.394654	0.020546	1.299528	0.011049	-0.008336	0.497459	0.002935	0.002663	0.019243
1782834979.419931	-0.394936	0.020815	1.299672	0.012062	-0.008501	0.498092	-0.011751	0.013636	-0.002577
1782834979.429144	-0.394936	0.020815	1.299672	0.012062	-0.008501	0.498092	-0.011751	0.013636	-0.002577
1782834979.447796	-0.394936	0.020815	1.299672	0.012062	-0.008501	0.498092	-0.011751	0.013636	-0.002577
1782834979.450812	-0.395184	0.021008	1.299790	0.015124	-0.010435	0.501979	-0.010201	0.004661	0.003719
1782834979.466152	-0.395384	0.021167	1.299994	0.017050	-0.010760	0.502191	0.006342	0.003218	0.005100
1782834979.472916	-0.395415	0.021350	1.300042	0.016001	-0.010614	0.504275	0.006342	0.003218	0.005100
1782834979.490768	-0.395562	0.021422	1.300115	0.015298	-0.009798	0.505328	-0.003695	0.003972	-0.019754
1782834979.496683	-0.395869	0.021486	1.300086	0.017105	-0.012901	0.506254	-0.003695	0.003972	-0.019754
1782834979.502223	-0.395881	0.021706	1.299996	0.014958	-0.012015	0.508445	-0.003695	0.003972	-0.019754
1782834979.510132	-0.395881	0.021706	1.299996	0.014958	-0.012015	0.508445	-0.010230	0.007413	-0.013982
1782834979.519309	-0.396035	0.021802	1.299974	0.014626	-0.011619	0.509187	-0.001024	0.001843	-0.004128
1782834979.528372	-0.396123	0.021850	1.299977	0.016623	-0.012222	0.509327	-0.001024	0.001843	-0.004128
1782834979.541003	-0.396123	0.021850	1.299977	0.016623	-0.012222	0.509327	-0.001024	0.001843	-0.004128
1782834979.552550	-0.396184	0.021964	1.300104	0.017350	-0.012558	0.510458	0.001265	-0.001389	-0.010471
1782834979.562447	-0.396626	0.021879	1.300121	0.014037	-0.013027	0.513067	-0.011372	-0.000185	-0.005661
1782834979.570086	-0.396626	0.021879	1.300121	0.014037	-0.013027	0.513067	-0.011372	-0.000185	-0.005661
1782834979.580393	-0.396680	0.021915	1.300119	0.015251	-0.011300	0.513649	-0.014569	0.003835	-0.000115
1782834979.589083	-0.396800	0.021980	1.300197	0.016074	-0.010173	0.514354	-0.014569	0.003835	-0.000115
1782834979.601279	-0.397239	0.022131	1.300249	0.016425	-0.009845	0.516353	-0.001337	-0.007266	0.006598
1782834979.610957	-0.397239	0.022131	1.300249	0.016425	-0.009845	0.516353	-0.001337	-0.007266	0.006598
1782834979.620048	-0.397246	0.022103	1.300303	0.015833	-0.009058	0.516942	-0.009675	-0.008731	0.007784
1782834979.629824	-0.397359	0.022142	1.300133	0.017144	-0.010767	0.519504	-0.009675	-0.008731	0.007784
1782834979.641160	-0.397359	0.022142	1.300133	0.017144	-0.010767	0.519504	-0.021587	0.002882	-0.005568
1782834979.649055	-0.397526	0.022144	1.300135	0.016591	-0.009870	0.520648	-0.021587	0.002882	-0.005568
1782834979.659685	-0.397725	0.022112	1.300400	0.015051	-0.008503	0.521299	-0.011623	-0.006983	0.012753
1782834979.669938	-0.397746	0.022117	1.300382	0.015769	-0.008029	0.523390	-0.011623	-0.006983	0.012753
1782834979.679566	-0.397849	0.022258	1.300435	0.015224	-0.007686	0.523501	-0.004030	-0.012537	0.012033
1782834979.689308	-0.398085	0.022184	1.300499	0.017424	-0.008083	0.524033	-0.004030	-0.012537	0.012033
1782834979.699194	-0.398126	0.022045	1.300413	0.014152	-0.006999	0.526642	-0.021399	0.001971	-0.011409
1782834979.709285	-0.398289	0.022068	1.300424	0.014319	-0.007193	0.529060	-0.021399	0.001971	-0.011409
1782834979.719656	-0.398356	0.021991	1.300480	0.015878	-0.006283	0.529453	-0.021094	-0.004476	0.003381
1782834979.728610	-0.398369	0.021966	1.300506	0.013827	-0.004051	0.530456	-0.021094	-0.004476	0.003381
1782834979.740704	-0.398369	0.021966	1.300506	0.013827	-0.004051	0.530456	-0.007073	-0.012045	0.016763
1782834979.749512	-0.398453	0.022011	1.300564	0.014287	-0.004488	0.530125	-0.007073	-0.012045	0.016763
1782834979.760865	-0.398559	0.021916	1.300454	0.013308	-0.004847	0.531019	-0.014324	0.000701	-0.033142
1782834979.769712	-0.398548	0.021970	1.300249	0.013007	-0.004766	0.531629	-0.014324	0.000701	-0.033142
1782834979.780754	-0.398680	0.021911	1.300232	0.015153	-0.003830	0.533423	-0.014324	0.000701	-0.033142
1782834979.789569	-0.398750	0.021754	1.300117	0.016102	-0.003410	0.533622	-0.013026	-0.006334	-0.026961
1782834979.801738	-0.398869	0.021741	1.299533	0.016756	-0.004898	0.535143	-0.002499	-0.007350	-0.020318
1782834979.809249	-0.398869	0.021741	1.299533	0.016756	-0.004898	0.535143	-0.002499	-0.007350	-0.020318
1782834979.827804	-0.398925	0.021603	1.299083	0.015581	-0.006525	0.537956	-0.007181	-0.008966	-0.030092
1782834979.833211	-0.399010	0.021591	1.298906	0.016885	-0.005964	0.538686	-0.007181	-0.008966	-0.030092
1782834979.841729	-0.399010	0.021591	1.298906	0.016885	-0.005964	0.538686	-0.007181	-0.008966	-0.030092
1782834979.851319	-0.398977	0.021566	1.298701	0.015339	-0.004547	0.538709	-0.013949	-0.003353	-0.027836
1782834979.861913	-0.399009	0.021520	1.298605	0.014384	-0.004339	0.539163	-0.013949	-0.003353	-0.027836
1782834979.871578	-0.399000	0.021468	1.298345	0.014934	-0.003431	0.539248	-0.020523	-0.005070	-0.012785
1782834979.883925	-0.399201	0.021302	1.298027	0.012268	-0.003872	0.541573	-0.001110	-0.012711	-0.007909
1782834979.891037	-0.399201	0.021302	1.298027	0.012268	-0.003872	0.541573	-0.001110	-0.012711	-0.007909
1782834979.901671	-0.399277	0.021320	1.298013	0.012397	-0.004336	0.541604	-0.016505	-0.008091	0.002345
1782834979.909372	-0.399298	0.021099	1.297972	0.013480	-0.003657	0.542514	-0.016505	-0.008091	0.002345
1782834979.921640	-0.399206	0.021070	1.298009	0.012828	-0.003290	0.544496	-0.012923	-0.005851	0.013913
1782834979.930369	-0.399215	0.021070	1.298063	0.012774	-0.002500	0.544472	-0.012923	-0.005851	0.013913
1782834979.939245	-0.399289	0.021105	1.298203	0.012653	-0.002395	0.544042	-0.001028	-0.015644	0.025781
1782834979.950008	-0.399289	0.021105	1.298203	0.012653	-0.002395	0.544042	-0.001028	-0.015644	0.025781
1782834979.962173	-0.399285	0.021049	1.298156	0.013046	-0.003009	0.545366	-0.001028	-0.015644	0.025781
1782834979.969410	-0.399178	0.021056	1.298355	0.011700	-0.002399	0.546658	-0.016167	-0.006230	0.015660
1782834979.980213	-0.399184	0.020980	1.298445	0.011551	-0.003247	0.548025	-0.008891	-0.002004	0.030239
1782834979.990209	-0.399327	0.020984	1.298759	0.013975	-0.002414	0.548242	-0.008891	-0.002004	0.030239
1782834980.001763	-0.399098	0.020980	1.299192	0.015673	-0.002698	0.548452	0.004960	-0.014508	0.037228
1782834980.009688	-0.399124	0.020991	1.299377	0.014122	-0.003077	0.548459	0.004960	-0.014508	0.037228
1782834980.020621	-0.399050	0.021096	1.299638	0.014594	-0.004003	0.548788	-0.004881	-0.002151	0.010118
1782834980.029944	-0.399042	0.021002	1.299857	0.013698	-0.001788	0.549261	-0.004881	-0.002151	0.010118
1782834980.039934	-0.398876	0.020809	1.299923	0.013342	-0.002683	0.551997	-0.009024	0.000104	0.014595
1782834980.050073	-0.398876	0.020809	1.299923	0.013342	-0.002683	0.551997	-0.009024	0.000104	0.014595
1782834980.059489	-0.398954	0.020845	1.300140	0.012182	-0.003452	0.553097	0.006430	-0.010004	0.027609
1782834980.068994	-0.398821	0.020874	1.300387	0.015727	-0.003321	0.551869	0.006430	-0.010004	0.027609
1782834980.081110	-0.398650	0.020770	1.300491	0.015635	-0.003818	0.553400	0.011929	-0.008853	-0.000714
1782834980.090298	-0.398499	0.020810	1.300597	0.015714	-0.003992	0.553633	0.011929	-0.008853	-0.000714
1782834980.099989	-0.398505	0.020729	1.300692	0.013646	-0.004618	0.552780	0.011929	-0.008853	-0.000714
1782834980.109243	-0.398252	0.020649	1.300775	0.013441	-0.005907	0.553880	-0.002486	-0.000161	-0.014954
1782834980.120004	-0.398120	0.020676	1.300818	0.014032	-0.005543	0.553639	0.001158	-0.003831	-0.010886
1782834980.129740	-0.398050	0.020681	1.300796	0.013584	-0.005496	0.553607	0.001158	-0.003831	-0.010886
1782834980.141113	-0.397914	0.020805	1.300808	0.014662	-0.006419	0.553892	0.013760	-0.012597	-0.018299
1782834980.149477	-0.397914	0.020805	1.300808	0.014662	-0.006419	0.553892	0.013760	-0.012597	-0.018299
1782834980.161863	-0.397784	0.020701	1.300471	0.011164	-0.005762	0.554629	0.013954	-0.009506	-0.023097
1782834980.169591	-0.397784	0.020701	1.300471	0.011164	-0.005762	0.554629	0.013954	-0.009506	-0.023097
1782834980.178850	-0.397543	0.020784	1.300370	0.011797	-0.004978	0.553975	0.013954	-0.009506	-0.023097
1782834980.191266	-0.397432	0.020894	1.300270	0.011730	-0.004519	0.554442	0.001545	-0.006362	-0.017634
1782834980.200199	-0.397395	0.020976	1.300139	0.013110	-0.004222	0.554791	-0.002090	-0.002903	-0.021631
1782834980.208972	-0.397342	0.021101	1.299943	0.012183	-0.005799	0.554428	-0.002090	-0.002903	-0.021631
1782834980.219970	-0.397219	0.021032	1.299581	0.007934	-0.006501	0.557556	0.005544	-0.006400	0.000829
1782834980.228573	-0.397219	0.021032	1.299581	0.007934	-0.006501	0.557556	0.005544	-0.006400	0.000829
1782834980.242357	-0.397219	0.021032	1.299581	0.007934	-0.006501	0.557556	0.007077	-0.009859	0.013097
1782834980.250558	-0.397104	0.021186	1.299655	0.009295	-0.006384	0.556390	0.007077	-0.009859	0.013097
1782834980.259831	-0.396991	0.021346	1.299628	0.007424	-0.005627	0.556694	-0.007511	-0.000471	0.004156
1782834980.269408	-0.396761	0.021407	1.299628	0.008106	-0.006192	0.557867	-0.007511	-0.000471	0.004156
1782834980.280138	-0.396751	0.021372	1.299635	0.007697	-0.007309	0.558406	0.004499	0.000483	0.021467
1782834980.289979	-0.396650	0.021424	1.299664	0.009617	-0.008261	0.559227	0.004499	0.000483	0.021467
1782834980.300287	-0.396484	0.021362	1.299614	0.008706	-0.007326	0.559175	0.012123	-0.005610	0.015016
1782834980.309491	-0.396349	0.021454	1.299781	0.010275	-0.007922	0.559983	0.012123	-0.005610	0.015016
1782834980.319849	-0.396203	0.021658	1.299820	0.010104	-0.007530	0.560450	-0.000172	0.005491	-0.007870
1782834980.330546	-0.396189	0.021768	1.299854	0.011143	-0.007687	0.560231	-0.000172	0.005491	-0.007870
1782834980.338610	-0.396001	0.021875	1.299815	0.010287	-0.008185	0.561867	0.003235	-0.000759	-0.005328
1782834980.348587	-0.396001	0.021875	1.299815	0.010287	-0.008185	0.561867	0.003235	-0.000759	-0.005328
1782834980.359350	-0.395866	0.022026	1.299855	0.008680	-0.009994	0.562818	0.003235	-0.000759	-0.005328
1782834980.371015	-0.395693	0.022123	1.299868	0.008033	-0.009714	0.562732	-0.006424	0.003747	0.010122
1782834980.380224	-0.395693	0.022123	1.299868	0.008033	-0.009714	0.562732	0.014127	-0.003746	-0.018695
1782834980.389556	-0.395626	0.022153	1.299896	0.009836	-0.007632	0.562866	0.014127	-0.003746	-0.018695
1782834980.401561	-0.395565	0.022246	1.299846	0.009895	-0.009279	0.563572	0.014127	-0.003746	-0.018695
1782834980.410237	-0.395435	0.022411	1.299877	0.010561	-0.009556	0.564322	0.003826	0.001197	-0.009656
1782834980.421073	-0.395237	0.022448	1.299877	0.009067	-0.008559	0.564307	0.005274	0.003437	-0.008498
1782834980.429109	-0.395243	0.022620	1.299855	0.009725	-0.008724	0.565625	0.005274	0.003437	-0.008498
1782834980.439306	-0.395243	0.022620	1.299855	0.009725	-0.008724	0.565625	0.000401	0.008333	-0.006741
1782834980.452072	-0.395213	0.022718	1.299946	0.009124	-0.009171	0.565910	0.000401	0.008333	-0.006741
1782834980.461674	-0.395207	0.022897	1.299974	0.010912	-0.009564	0.566148	0.012846	-0.004107	0.013713
1782834980.469549	-0.395040	0.023178	1.300178	0.008487	-0.009955	0.569463	0.012846	-0.004107	0.013713
1782834980.480739	-0.395040	0.023178	1.300178	0.008487	-0.009955	0.569463	0.012846	-0.004107	0.013713
1782834980.489841	-0.395084	0.023246	1.300238	0.008792	-0.009763	0.570482	0.013087	0.001728	0.008629
1782834980.500404	-0.394784	0.023476	1.300546	0.008310	-0.007507	0.571451	0.009614	0.002274	0.030307
1782834980.510421	-0.394771	0.023920	1.300976	0.009919	-0.008841	0.572262	0.009614	0.002274	0.030307
1782834980.519827	-0.394771	0.023920	1.300976	0.009919	-0.008841	0.572262	0.019421	0.001379	0.018096
1782834980.528687	-0.394757	0.024130	1.301057	0.008948	-0.010080	0.571968	0.019421	0.001379	0.018096
1782834980.541667	-0.394757	0.024130	1.301057	0.008948	-0.010080	0.571968	0.018351	-0.000636	0.017494
1782834980.550239	-0.394567	0.024140	1.301409	0.011073	-0.009605	0.572917	0.018351	-0.000636	0.017494
1782834980.562053	-0.394594	0.024303	1.301519	0.010187	-0.011768	0.574566	0.004423	0.008985	0.006106
1782834980.569003	-0.394447	0.024568	1.301662	0.011535	-0.010942	0.574307	0.004423	0.008985	0.006106
1782834980.580457	-0.394456	0.024705	1.301816	0.010378	-0.009822	0.574516	0.004423	0.008985	0.006106
1782834980.589516	-0.394429	0.024860	1.301676	0.010202	-0.011436	0.575479	0.017994	0.004513	0.007769
1782834980.599403	-0.394425	0.024948	1.301706	0.010098	-0.013132	0.574646	0.019116	0.003873	-0.014926
1782834980.608771	-0.394301	0.025146	1.301552	0.010398	-0.011845	0.575270	0.019116	0.003873	-0.014926
1782834980.620401	-0.394245	0.025274	1.301706	0.012202	-0.011589	0.576654	0.006746	0.009451	-0.023834
1782834980.629036	-0.394267	0.025503	1.301597	0.011863	-0.012672	0.575209	0.006746	0.009451	-0.023834
1782834980.641621	-0.394182	0.025784	1.301478	0.012008	-0.014184	0.576391	0.004481	0.009580	-0.023038
1782834980.649457	-0.394182	0.025784	1.301478	0.012008	-0.014184	0.576391	0.004481	0.009580	-0.023038
1782834980.661315	-0.394179	0.025845	1.301311	0.012218	-0.013652	0.577311	0.004481	0.009580	-0.023038
1782834980.669754	-0.394172	0.026057	1.301116	0.013705	-0.015610	0.579562	0.017010	0.004848	-0.020978
1782834980.680830	-0.394255	0.026435	1.301142	0.014882	-0.014229	0.580356	0.014003	0.001535	-0.009381
1782834980.688942	-0.394197	0.026681	1.301173	0.014816	-0.013547	0.579866	0.014003	0.001535	-0.009381
1782834980.698766	-0.394186	0.026904	1.300988	0.012463	-0.012577	0.581239	0.014003	0.001535	-0.009381
1782834980.710568	-0.394288	0.027095	1.300900	0.012857	-0.013421	0.582369	-0.001865	0.010698	-0.016228
1782834980.718875	-0.394331	0.027216	1.300827	0.012134	-0.012913	0.583137	-0.001854	0.012973	0.002983
1782834980.728379	-0.394392	0.027345	1.300805	0.011382	-0.013125	0.583959	-0.001854	0.012973	0.002983
1782834980.742559	-0.394392	0.027345	1.300805	0.011382	-0.013125	0.583959	0.010249	0.004472	0.019227
1782834980.748645	-0.394409	0.027548	1.300856	0.009674	-0.011780	0.585298	0.010249	0.004472	0.019227
1782834980.760395	-0.394538	0.027775	1.300891	0.011117	-0.012031	0.585167	0.010249	0.004472	0.019227
1782834980.769691	-0.394621	0.028035	1.300935	0.011749	-0.012017	0.585659	-0.008467	0.018612	-0.000049
1782834980.780758	-0.394656	0.028278	1.301036	0.010882	-0.010537	0.585627	-0.008467	0.018612	-0.000049
1782834980.789118	-0.394676	0.028369	1.300947	0.010108	-0.012302	0.586536	0.003769	0.015063	-0.014479
1782834980.800877	-0.394727	0.028524	1.300987	0.011951	-0.012257	0.587141	0.003769	0.015063	-0.014479
1782834980.809290	-0.394661	0.028567	1.301147	0.011899	-0.011046	0.586861	-0.003540	0.015550	-0.010984
1782834980.821167	-0.394675	0.028795	1.301072	0.012345	-0.011021	0.587896	0.008849	0.007757	0.004588
1782834980.828411	-0.394780	0.029142	1.301101	0.014027	-0.010147	0.586899	0.008849	0.007757	0.004588
1782834980.839100	-0.394780	0.029142	1.301101	0.014027	-0.010147	0.586899	0.008849	0.007757	0.004588
1782834980.849153	-0.394846	0.029376	1.301066	0.015053	-0.009700	0.587321	-0.006363	0.023012	-0.015828
1782834980.861285	-0.394979	0.029561	1.300886	0.015334	-0.010592	0.590181	-0.006363	0.023012	-0.015828
1782834980.870048	-0.395004	0.029713	1.300934	0.015281	-0.010522	0.590571	-0.007086	0.014979	-0.020514
1782834980.879835	-0.395119	0.029964	1.300854	0.016201	-0.009719	0.590230	-0.007104	0.012445	0.002054
1782834980.891117	-0.395116	0.030326	1.300667	0.015264	-0.008558	0.590818	-0.007104	0.012445	0.002054
1782834980.905210	-0.395188	0.030425	1.300769	0.015834	-0.008054	0.590757	0.003667	0.005895	0.012612
1782834980.910978	-0.395313	0.030575	1.300590	0.016669	-0.008908	0.589837	0.003667	0.005895	0.012612
1782834980.921071	-0.395424	0.030677	1.300477	0.016439	-0.009706	0.590997	-0.008312	0.011513	-0.013571
1782834980.935137	-0.395407	0.030837	1.300348	0.016162	-0.010151	0.591095	-0.008312	0.011513	-0.013571
1782834980.943602	-0.395515	0.030981	1.300257	0.019432	-0.009910	0.591368	0.017313	0.004214	-0.018019
1782834980.952364	-0.395515	0.030981	1.300257	0.019432	-0.009910	0.591368	0.017313	0.004214	-0.018019
1782834980.964474	-0.395581	0.031173	1.300290	0.019860	-0.008689	0.591319	0.017313	0.004214	-0.018019
1782834980.970644	-0.395570	0.031290	1.300071	0.020528	-0.009587	0.591685	0.002186	0.004298	0.001152
1782834980.979533	-0.395681	0.031583	1.299627	0.018425	-0.011321	0.592371	0.002186	0.004298	0.001152
1782834980.994000	-0.395694	0.031636	1.299477	0.021067	-0.011768	0.593048	0.002723	0.005426	-0.012262
1782834981.001920	-0.395615	0.031695	1.299215	0.024517	-0.012291	0.594266	0.008370	0.001921	-0.010617
1782834981.009777	-0.395769	0.031944	1.299210	0.023076	-0.013242	0.595907	0.008370	0.001921	-0.010617
1782834981.020627	-0.395806	0.032309	1.299151	0.023493	-0.011479	0.594510	0.007536	-0.000190	-0.009666
1782834981.028700	-0.395846	0.032270	1.298933	0.023143	-0.013894	0.596381	0.007536	-0.000190	-0.009666
1782834981.039993	-0.395846	0.032270	1.298933	0.023143	-0.013894	0.596381	0.007536	-0.000190	-0.009666
1782834981.050749	-0.395958	0.032412	1.298639	0.020367	-0.014533	0.598795	0.010123	0.001404	-0.000153
1782834981.060742	-0.396004	0.032539	1.298802	0.019351	-0.012815	0.598702	0.010123	0.001404	-0.000153
1782834981.069345	-0.396056	0.032549	1.298716	0.020298	-0.013719	0.599304	-0.000841	0.003982	0.000161
1782834981.079282	-0.396015	0.032594	1.298691	0.017242	-0.012735	0.600182	-0.006291	0.006450	0.001483
1782834981.091017	-0.396095	0.032724	1.298798	0.015756	-0.011661	0.599000	-0.006291	0.006450	0.001483
1782834981.103732	-0.396304	0.032882	1.298857	0.017092	-0.011678	0.599700	-0.006291	0.006450	0.001483
1782834981.109612	-0.396275	0.032919	1.299049	0.014383	-0.011253	0.600820	0.001641	-0.001685	0.023543
1782834981.118869	-0.396257	0.032924	1.299085	0.014999	-0.012318	0.601945	-0.003249	-0.000651	0.015815
1782834981.128586	-0.396409	0.032940	1.299082	0.014975	-0.012564	0.603681	-0.003249	-0.000651	0.015815
1782834981.142100	-0.396409	0.032940	1.299082	0.014975	-0.012564	0.603681	-0.010053	0.007069	0.010326
1782834981.149398	-0.396361	0.033086	1.299256	0.015469	-0.010460	0.603429	-0.010053	0.007069	0.010326
1782834981.164118	-0.396377	0.033047	1.299611	0.017039	-0.006976	0.604399	-0.010053	0.007069	0.010326
1782834981.169275	-0.396377	0.033047	1.299611	0.017039	-0.006976	0.604399	0.001631	-0.005227	0.023563
1782834981.182900	-0.396478	0.033214	1.299762	0.016910	-0.007508	0.604272	0.001631	-0.005227	0.023563
1782834981.189947	-0.396624	0.033298	1.299910	0.016652	-0.005938	0.605341	0.004252	-0.006795	0.012314
1782834981.199612	-0.396669	0.033350	1.299799	0.016405	-0.007464	0.609453	0.000049	-0.003541	0.025514
1782834981.209489	-0.396724	0.033494	1.299974	0.016601	-0.006751	0.609725	0.000049	-0.003541	0.025514
1782834981.220732	-0.396783	0.033476	1.300136	0.016695	-0.006782	0.610157	-0.002598	-0.000292	0.003700
1782834981.228517	-0.396728	0.033722	1.300236	0.015434	-0.006819	0.610224	-0.002598	-0.000292	0.003700
1782834981.241376	-0.396728	0.033722	1.300236	0.015434	-0.006819	0.610224	0.008609	-0.010195	0.009123
1782834981.249294	-0.396844	0.033602	1.300354	0.016932	-0.007004	0.610701	0.008609	-0.010195	0.009123
1782834981.260992	-0.396974	0.033604	1.300369	0.018953	-0.009647	0.611954	0.008609	-0.010195	0.009123
1782834981.270652	-0.396905	0.033538	1.300412	0.018637	-0.010292	0.612645	0.000441	-0.003033	-0.014143
1782834981.279372	-0.396889	0.033562	1.300436	0.016554	-0.009813	0.614234	0.003166	-0.010027	0.013822
1782834981.289115	-0.396948	0.033628	1.300277	0.015986	-0.009052	0.613566	0.003166	-0.010027	0.013822
1782834981.301004	-0.396921	0.033794	1.300489	0.018353	-0.010086	0.612665	0.000309	-0.004165	0.001435
1782834981.309137	-0.397096	0.033686	1.300282	0.015559	-0.009899	0.613778	0.000309	-0.004165	0.001435
1782834981.322156	-0.397194	0.033626	1.300125	0.014447	-0.010297	0.614943	0.008177	-0.009621	-0.005135
1782834981.329917	-0.397194	0.033626	1.300125	0.014447	-0.010297	0.614943	0.008177	-0.009621	-0.005135
1782834981.339481	-0.397066	0.033739	1.299804	0.013171	-0.009011	0.615213	0.008177	-0.009621	-0.005135
1782834981.350270	-0.397066	0.033739	1.299804	0.013171	-0.009011	0.615213	-0.009325	0.001370	-0.025984
1782834981.359267	-0.397169	0.033785	1.299745	0.014904	-0.008127	0.615421	-0.006606	-0.002139	-0.009901
1782834981.368953	-0.397212	0.033816	1.299718	0.014784	-0.008872	0.614617	-0.006606	-0.002139	-0.009901
1782834981.379744	-0.397217	0.033767	1.299499	0.016400	-0.010249	0.616319	0.007231	-0.012930	0.003540
1782834981.389929	-0.397197	0.033688	1.299260	0.016523	-0.012008	0.617382	0.007231	-0.012930	0.003540
1782834981.399246	-0.397212	0.033696	1.299282	0.017660	-0.011466	0.616615	-0.003918	-0.003878	-0.020282
1782834981.409657	-0.397193	0.033577	1.299249	0.017601	-0.012168	0.617849	-0.003918	-0.003878	-0.020282
1782834981.419916	-0.397300	0.033623	1.299077	0.019489	-0.012093	0.617512	-0.012818	-0.001716	-0.007283
1782834981.428931	-0.397300	0.033623	1.299077	0.019489	-0.012093	0.617512	-0.012818	-0.001716	-0.007283
1782834981.440321	-0.397300	0.033623	1.299077	0.019489	-0.012093	0.617512	0.001459	-0.014997	0.015495
1782834981.450233	-0.397466	0.033389	1.298723	0.015300	-0.013378	0.620230	0.001459	-0.014997	0.015495
1782834981.459526	-0.397466	0.033389	1.298723	0.015300	-0.013378	0.620230	-0.006573	-0.009441	-0.007083
1782834981.471139	-0.397482	0.033305	1.298782	0.016425	-0.013189	0.620694	-0.006573	-0.009441	-0.007083
1782834981.480523	-0.397598	0.033313	1.298728	0.017261	-0.012801	0.620413	-0.006573	-0.009441	-0.007083
1782834981.489203	-0.397531	0.033236	1.298864	0.017128	-0.011456	0.621105	-0.014437	-0.005811	0.002931
1782834981.500236	-0.397577	0.033237	1.298789	0.018120	-0.011396	0.621050	-0.014437	-0.005811	0.002931
1782834981.509433	-0.397641	0.033124	1.298727	0.016037	-0.010408	0.621043	-0.001263	-0.017764	0.019901
1782834981.522584	-0.397653	0.032866	1.298659	0.015411	-0.012389	0.622646	-0.007320	-0.012880	0.000016
1782834981.529620	-0.397653	0.032866	1.298659	0.015411	-0.012389	0.622646	-0.007320	-0.012880	0.000016
1782834981.538245	-0.397728	0.032636	1.298607	0.013549	-0.011531	0.623046	-0.007320	-0.012880	0.000016
1782834981.548862	-0.397728	0.032636	1.298607	0.013549	-0.011531	0.623046	-0.017239	-0.008501	-0.004984
1782834981.560196	-0.397740	0.032596	1.298729	0.015733	-0.010004	0.622841	-0.017239	-0.008501	-0.004984
1782834981.569667	-0.397829	0.032526	1.298634	0.017352	-0.010243	0.623157	-0.008054	-0.015895	0.011533
1782834981.580201	-0.397877	0.032506	1.298604	0.014473	-0.009474	0.623715	-0.004867	-0.017240	-0.001626
1782834981.589296	-0.397897	0.032451	1.298664	0.014959	-0.009372	0.622728	-0.004867	-0.017240	-0.001626
1782834981.600106	-0.397921	0.032266	1.298531	0.015474	-0.009895	0.624496	-0.019716	-0.007196	-0.009692
1782834981.609282	-0.398060	0.032141	1.298521	0.015825	-0.010198	0.625896	-0.019716	-0.007196	-0.009692
1782834981.620132	-0.398169	0.032045	1.298610	0.015457	-0.009582	0.624247	-0.015633	-0.011034	0.010138
1782834981.628534	-0.398236	0.032010	1.298671	0.014445	-0.009179	0.625040	-0.015633	-0.011034	0.010138
1782834981.639773	-0.398236	0.032010	1.298671	0.014445	-0.009179	0.625040	-0.001630	-0.018775	0.004131
1782834981.649273	-0.398326	0.032011	1.298635	0.012534	-0.008876	0.625765	-0.001630	-0.018775	0.004131
1782834981.659471	-0.398440	0.031904	1.298804	0.014001	-0.009563	0.625406	-0.015750	-0.009044	-0.011667
1782834981.669533	-0.398487	0.031821	1.298517	0.012195	-0.007946	0.626758	-0.015750	-0.009044	-0.011667
1782834981.683140	-0.398573	0.031666	1.298409	0.012944	-0.009503	0.628265	-0.015644	-0.010382	-0.002249
1782834981.690124	-0.398668	0.031452	1.298522	0.010283	-0.008215	0.627643	-0.015644	-0.010382	-0.002249
1782834981.698956	-0.398683	0.031428	1.298603	0.010972	-0.006766	0.628011	-0.015644	-0.010382	-0.002249
1782834981.709708	-0.398753	0.031442	1.298498	0.011996	-0.005886	0.630165	0.001307	-0.018973	0.006783
1782834981.719798	-0.398956	0.031425	1.298573	0.011479	-0.006223	0.629225	-0.008332	-0.013373	-0.013738
1782834981.729096	-0.398971	0.031345	1.298448	0.012438	-0.006652	0.629634	-0.008332	-0.013373	-0.013738
1782834981.739971	-0.398971	0.031345	1.298448	0.012438	-0.006652	0.629634	-0.008332	-0.013373	-0.013738
1782834981.749165	-0.399193	0.031085	1.298448	0.011472	-0.007452	0.631800	-0.012314	-0.008196	-0.010008
1782834981.762135	-0.399193	0.031085	1.298448	0.011472	-0.007452	0.631800	-0.012314	-0.008196	-0.010008
1782834981.769146	-0.399079	0.030995	1.298384	0.012019	-0.007013	0.631344	0.001176	-0.017121	0.008172
1782834981.779653	-0.399203	0.030945	1.298454	0.011440	-0.005199	0.632636	-0.002618	-0.012477	-0.005213
1782834981.790327	-0.399270	0.030951	1.298611	0.013893	-0.004673	0.633300	-0.002618	-0.012477	-0.005213
1782834981.800949	-0.399270	0.030951	1.298611	0.013893	-0.004673	0.633300	-0.007424	-0.007461	-0.008775
1782834981.809443	-0.399425	0.030827	1.298722	0.012427	-0.003471	0.634738	-0.007424	-0.007461	-0.008775
1782834981.819896	-0.399456	0.030731	1.298704	0.012162	-0.004647	0.635548	-0.007424	-0.007461	-0.008775
1782834981.829737	-0.399521	0.030645	1.298715	0.011232	-0.004383	0.635950	0.004882	-0.015104	0.009239
1782834981.842337	-0.399521	0.030645	1.298715	0.011232	-0.004383	0.635950	0.000405	-0.010528	-0.005682
1782834981.849743	-0.399375	0.030504	1.298859	0.013230	-0.003782	0.636785	0.000405	-0.010528	-0.005682
1782834981.860467	-0.399378	0.030409	1.299009	0.012905	-0.002190	0.637440	0.000405	-0.010528	-0.005682
1782834981.869261	-0.399464	0.030564	1.299057	0.012526	-0.002119	0.637352	-0.003706	-0.005759	-0.008577
1782834981.880601	-0.399473	0.030589	1.299284	0.012191	-0.001982	0.637444	-0.003706	-0.005759	-0.008577
1782834981.889765	-0.399535	0.030352	1.299342	0.012853	-0.004056	0.638592	0.006638	-0.017357	0.009565
1782834981.901685	-0.399744	0.030401	1.299402	0.015167	-0.006228	0.640215	0.006792	-0.017340	0.006161
1782834981.910357	-0.399874	0.030278	1.299706	0.014832	-0.005248	0.639598	0.006792	-0.017340	0.006161
1782834981.921199	-0.399724	0.030387	1.299889	0.017634	-0.007170	0.640168	-0.002121	-0.006291	-0.002031
1782834981.939259	-0.399977	0.030453	1.299975	0.014399	-0.005557	0.640686	-0.002121	-0.006291	-0.002031
1782834981.952952	-0.400020	0.030522	1.300396	0.019194	-0.008456	0.640768	0.006343	-0.015511	0.020410
1782834981.960154	-0.400025	0.030426	1.300455	0.016726	-0.008071	0.641156	0.006343	-0.015511	0.020410
1782834981.973669	-0.399826	0.030318	1.300941	0.013536	-0.007207	0.643844	0.007756	-0.015585	0.017485
1782834982.061981	-0.400118	0.030235	1.302207	0.008609	-0.010332	0.650298	-0.007048	-0.002536	0.010982
1782834982.070769	-0.400126	0.030299	1.302403	0.006547	-0.008873	0.651211	-0.005794	-0.002742	0.020280
1782834982.085880	-0.400268	0.030366	1.302887	0.008138	-0.012118	0.651346	0.008550	-0.012611	0.027400
1782834982.089919	-0.400268	0.030366	1.302887	0.008138	-0.012118	0.651346	0.008550	-0.012611	0.027400
1782834982.101500	-0.400290	0.030504	1.303091	0.006395	-0.011941	0.651944	0.008550	-0.012611	0.027400
1782834982.110420	-0.400644	0.030421	1.303071	0.004962	-0.012692	0.653038	-0.002964	-0.000744	0.001307
1782834982.120293	-0.400470	0.030566	1.303259	0.006454	-0.012862	0.654034	-0.003380	0.001717	-0.004774
1782834982.130793	-0.400470	0.030566	1.303259	0.006454	-0.012862	0.654034	-0.003380	0.001717	-0.004774
1782834982.140933	-0.400802	0.030761	1.303456	0.009581	-0.013087	0.655322	0.009657	-0.008647	0.009566
1782834982.150919	-0.400802	0.030761	1.303456	0.009581	-0.013087	0.655322	0.009657	-0.008647	0.009566
1782834982.162030	-0.400871	0.030887	1.303696	0.009708	-0.011468	0.654684	0.009657	-0.008647	0.009566
1782834982.173456	-0.400956	0.030955	1.303520	0.010227	-0.013888	0.656333	0.004525	-0.003841	-0.008989
1782834982.183422	-0.401357	0.031013	1.303534	0.009485	-0.013539	0.657723	-0.005794	0.006698	-0.020336
1782834982.189603	-0.401357	0.031013	1.303534	0.009485	-0.013539	0.657723	-0.005794	0.006698	-0.020336
1782834982.199311	-0.401385	0.031093	1.303512	0.008340	-0.013419	0.658568	-0.005794	0.006698	-0.020336
1782834982.210227	-0.401428	0.031215	1.303385	0.010091	-0.013398	0.658993	0.001205	-0.001016	-0.007825
1782834982.220605	-0.401659	0.031342	1.303544	0.010506	-0.012657	0.658084	0.004366	-0.002824	-0.000710
1782834982.228409	-0.401673	0.031357	1.303380	0.008930	-0.013769	0.660002	0.004366	-0.002824	-0.000710
1782834982.311949	-0.401943	0.031528	1.303158	0.011484	-0.013039	0.660929	-0.011264	0.005666	-0.002712
1782834982.387310	-0.402849	0.032441	1.302521	0.009498	-0.010423	0.666170	-0.008373	0.014025	-0.007067
1782834982.457479	-0.399929	0.035038	1.299026	0.031132	0.083112	0.645516	0.032468	0.015496	0.010996
1782834982.597861	-0.391232	0.038450	1.290322	0.061175	0.200943	0.601107	0.145739	-0.002303	-0.099531
1782834982.688097	-0.342638	0.054184	1.228856	0.090645	0.446111	0.460633	0.665923	-0.074827	-0.299675
1782834982.765696	-0.282590	0.072421	1.161540	0.076314	0.529314	0.363429	1.171048	-0.046859	-0.296987
1782834982.833389	-0.205736	0.094182	1.092431	0.047121	0.484449	0.293204	1.442979	-0.016667	-0.278727
1782834982.906400	-0.137438	0.113340	1.042076	0.033416	0.370252	0.265240	1.721057	0.005337	-0.433374
1782834982.984247	-0.014047	0.146932	0.957242	0.026670	0.150927	0.236589	1.734817	0.016136	-0.911934
1782834983.053234	0.079926	0.171257	0.882927	0.030395	-0.026032	0.215814	1.579892	0.004885	-1.333036
1782834983.122265	0.168910	0.194236	0.800145	0.036881	-0.185456	0.194947	1.160916	-0.000461	-1.624758
1782834983.194293	0.245623	0.213397	0.722731	0.044509	-0.296636	0.166651	0.776390	-0.000934	-1.438058
1782834983.306662	0.313057	0.230312	0.655481	0.048425	-0.313683	0.133462	0.450850	0.013480	-0.859048
1782834983.381261	0.339717	0.235917	0.642076	0.052005	-0.172021	0.109904	0.150256	-0.001836	0.131823
1782834983.454070	0.336982	0.232889	0.665254	0.061249	-0.068883	0.106666	0.073803	-0.024491	0.380889
1782834983.524919	0.330847	0.226635	0.698874	0.070213	0.025590	0.098812	0.045554	-0.066401	0.504564
1782834983.596935	0.326950	0.215598	0.741238	0.081856	0.115279	0.090477	0.051998	-0.093700	0.509730
1782834983.665860	0.330312	0.201644	0.781761	0.086380	0.171985	0.077943	0.139485	-0.145604	0.499395
1782834983.742809	0.340254	0.187861	0.812369	0.073250	0.187582	0.061231	0.256675	-0.202745	0.438969
1782834983.820425	0.356836	0.172717	0.838864	0.052725	0.174605	0.046025	0.358262	-0.235870	0.392741
1782834983.901390	0.383905	0.153933	0.865296	0.022937	0.131068	0.030913	0.444745	-0.255362	0.332115
1782834983.970183	0.421266	0.132410	0.888659	-0.008105	0.065502	0.016202	0.494070	-0.255659	0.213113
1782834984.043456	0.451269	0.117467	0.900010	-0.022258	0.019623	0.004952	0.498254	-0.239988	0.112533
1782834984.120718	0.481239	0.103859	0.905481	-0.029951	-0.014185	-0.007721	0.465337	-0.208151	0.002123
1782834984.191576	0.513063	0.090862	0.905655	-0.029912	-0.038872	-0.026885	0.430705	-0.184625	-0.046919
1782834984.255053	0.541255	0.080590	0.899572	-0.029140	-0.049580	-0.046278	0.347737	-0.138746	-0.118858
1782834984.330799	0.561786	0.073910	0.891310	-0.022816	-0.045527	-0.061126	0.295738	-0.121115	-0.136080
1782834984.427718	0.579112	0.068882	0.881372	-0.016304	-0.033398	-0.074570	0.236561	-0.106886	-0.126040
1782834984.514207	0.599585	0.062417	0.866385	-0.005314	-0.013261	-0.079984	0.188094	-0.119595	-0.073863
1782834984.586908	0.613878	0.057110	0.857566	-0.002487	0.006879	-0.076871	0.142753	-0.118347	-0.038519
1782834984.661946	0.624445	0.052035	0.853883	-0.004707	0.022026	-0.067715	0.120978	-0.132539	0.006659
1782834984.731422	0.632954	0.047597	0.854335	-0.004887	0.029685	-0.057534	0.115226	-0.137995	0.058717
1782834984.806445	0.641331	0.043017	0.857324	-0.009150	0.032402	-0.044133	0.104806	-0.135253	0.106569
1782834984.876476	0.652292	0.037078	0.863940	-0.015736	0.030433	-0.030067	0.090084	-0.118832	0.124291
1782834984.957193	0.660103	0.034019	0.869575	-0.017002	0.027444	-0.024783	0.073267	-0.098154	0.104694
1782834985.042336	0.668612	0.031539	0.873866	-0.022330	0.024212	-0.019114	0.048794	-0.060816	0.060978
1782834985.116163	0.675676	0.031358	0.875141	-0.020270	0.025118	-0.019973	0.027366	-0.022447	-0.020692
1782834985.195341	0.681809	0.032649	0.873082	-0.014860	0.032311	-0.024437	-0.005693	0.003367	-0.041495
1782834985.270747	0.687033	0.035026	0.867953	-0.002874	0.035182	-0.027491	-0.019832	0.010558	-0.054993
1782834985.343644	0.690020	0.036932	0.864818	0.006487	0.035629	-0.030968	-0.041288	0.016257	-0.056658
1782834985.421894	0.692249	0.038222	0.863106	0.018948	0.038994	-0.029503	-0.044652	-0.003687	0.014894
1782834985.505850	0.694389	0.037972	0.864693	0.025860	0.039214	-0.021595	-0.051360	-0.030524	0.031509
1782834985.676270	0.696915	0.033970	0.871976	0.027883	0.045110	-0.005792	-0.053001	-0.064572	0.095446
1782834985.821900	0.699861	0.019907	0.888941	0.012289	0.051197	0.019382	-0.066820	-0.093046	0.092545
1782834985.902299	0.701670	0.006130	0.898621	-0.005764	0.048162	0.035097	-0.067102	-0.087603	0.006700
1782834985.972696	0.702403	-0.001990	0.899357	-0.022602	0.050387	0.032360	-0.080163	-0.063154	-0.031452
1782834986.044759	0.702902	-0.006622	0.896448	-0.027430	0.049210	0.029262	-0.070687	-0.044328	-0.048145
1782834986.117005	0.702827	-0.010155	0.892271	-0.027002	0.048938	0.025903	-0.083980	-0.012643	-0.074066
1782834986.191371	0.702582	-0.012468	0.886785	-0.021498	0.046230	0.018942	-0.078673	0.001564	-0.077489
1782834986.262676	0.701920	-0.013439	0.882211	-0.008573	0.044784	0.014648	-0.084094	0.013283	-0.063792
1782834986.337742	0.701167	-0.014172	0.880306	-0.000003	0.047720	0.015051	-0.079498	0.004130	-0.011115
1782834986.416546	0.700588	-0.014950	0.880527	0.007963	0.048719	0.018350	-0.064744	-0.000660	0.011626
1782834986.490709	0.700016	-0.016267	0.884227	0.009381	0.051616	0.021430	-0.072714	-0.003514	0.031246
1782834986.562751	0.699555	-0.018526	0.889153	0.012293	0.051389	0.026004	-0.059495	-0.019290	0.042207
1782834986.641072	0.699223	-0.020927	0.893405	0.010136	0.049753	0.029642	-0.057311	-0.021230	0.017198
1782834986.723446	0.698931	-0.023713	0.896936	0.000906	0.051668	0.032103	-0.067086	-0.018672	0.013142
1782834986.833497	0.698783	-0.027037	0.898960	0.005863	0.052560	0.029217	-0.061149	-0.014235	-0.002489
1782834986.906748	0.698188	-0.030354	0.898460	-0.000821	0.054264	0.024702	-0.038997	-0.007672	-0.037470
1782834986.980524	0.698201	-0.032047	0.897104	-0.003006	0.054177	0.021378	-0.033377	-0.003611	-0.048834
1782834987.080532	0.698098	-0.033461	0.894108	-0.005015	0.050547	0.014709	-0.028385	0.001763	-0.061451
1782834987.183357	0.698497	-0.035087	0.892923	-0.006695	0.044120	0.010064	-0.019610	-0.004814	-0.021896
1782834987.264992	0.698768	-0.036195	0.893634	-0.002356	0.037731	0.007744	-0.041697	0.004165	0.011563
1782834987.333942	0.698290	-0.037585	0.896689	-0.000928	0.034558	0.006884	-0.031382	-0.008295	0.038358
1782834987.403608	0.697533	-0.038896	0.900531	0.001169	0.036380	0.009141	-0.041373	-0.005155	0.046610
1782834987.481078	0.695814	-0.040164	0.905324	0.000884	0.040116	0.013118	-0.060485	0.004051	0.033592
1782834987.560045	0.693568	-0.041173	0.908583	-0.004901	0.044794	0.013489	-0.062418	0.010629	0.014867
1782834987.635760	0.691138	-0.041876	0.908880	-0.005389	0.048100	0.016478	-0.052939	0.009494	-0.019285
1782834987.703600	0.688699	-0.041197	0.906526	-0.008267	0.056450	0.013868	-0.033544	0.013462	-0.056613
1782834987.772350	0.686888	-0.040452	0.902458	-0.001932	0.055317	0.011003	-0.025590	0.025224	-0.083743
1782834987.846224	0.685347	-0.039429	0.897504	-0.000436	0.052797	0.007232	-0.024602	0.029256	-0.090774
1782834987.980817	0.683921	-0.037595	0.892183	0.001035	0.046958	0.002512	-0.019785	0.035364	-0.105448
1782834988.071959	0.682666	-0.035430	0.889010	0.006444	0.038795	0.001273	-0.028453	0.029376	-0.003445
1782834988.155932	0.681546	-0.034706	0.893052	0.008159	0.037980	0.002495	-0.032496	0.020297	0.058994
1782834988.227442	0.680517	-0.034908	0.901558	0.012477	0.043128	0.004542	-0.032019	0.012909	0.077682
1782834988.300968	0.679802	-0.035747	0.907954	0.010614	0.049367	0.005503	-0.024053	0.003030	0.065024
1782834988.377812	0.678865	-0.036841	0.911748	0.000778	0.051836	0.002891	-0.031274	0.006762	0.013533
1782834988.451315	0.678465	-0.037926	0.910668	-0.002858	0.053464	-0.003467	-0.010101	0.011722	-0.104147
1782834988.524089	0.678441	-0.038603	0.905840	-0.008019	0.054027	-0.006875	0.011671	0.006035	-0.113221
1782834988.679301	0.678571	-0.038683	0.898868	-0.007863	0.049864	-0.012915	0.011638	0.021608	-0.127697
1782834988.787435	0.680176	-0.036350	0.887489	-0.006019	0.032636	-0.027455	0.008891	0.034958	-0.045747
1782834988.882671	0.680533	-0.034036	0.889804	-0.002847	0.024695	-0.028974	-0.011139	0.039008	0.055319
1782834988.961927	0.679210	-0.031326	0.900650	0.003597	0.022545	-0.028130	-0.033396	0.038789	0.097281
1782834989.070206	0.676608	-0.030047	0.910964	0.004483	0.028738	-0.025609	-0.054015	0.033921	0.096960
1782834989.152590	0.671841	-0.028564	0.919858	0.008078	0.042761	-0.020995	-0.039863	0.015100	-0.006627
1782834989.225994	0.668501	-0.027885	0.918288	0.005446	0.055885	-0.020352	-0.048688	0.017169	-0.083716
1782834989.299909	0.665606	-0.027669	0.909906	0.002248	0.062245	-0.021450	-0.011590	0.009498	-0.176550
1782834989.380186	0.663943	-0.027227	0.896907	-0.002626	0.063840	-0.021734	-0.011378	0.020062	-0.183943
1782834989.455831	0.663467	-0.026594	0.885350	-0.004520	0.057453	-0.021754	0.015976	0.022406	-0.141342
