时间(s)	位置x(m)	位置y(m)	位置z(m)	欧拉角roll(rad)	欧拉角pitch(rad)	欧拉角yaw(rad)	速度x(m/s)	速度y(m/s)	速度z(m/s)
1782835122.864390	-0.418828	0.033045	1.196265	0.006223	-0.009462	-0.009162	0.043815	0.026008	-0.006225
1782835122.871237	-0.418828	0.033045	1.196265	0.006223	-0.009462	-0.009162	0.038054	0.032215	-0.006743
1782835122.875126	-0.418351	0.033318	1.196221	0.008911	-0.010463	-0.009753	0.038054	0.032215	-0.006743
1782835122.885667	-0.417929	0.033818	1.196168	0.007450	-0.007237	-0.010190	0.038054	0.032215	-0.006743
1782835122.894727	-0.417643	0.034096	1.196108	0.006177	-0.007916	-0.009030	0.045464	0.030751	0.000298
1782835122.905593	-0.417404	0.034596	1.196003	0.006406	-0.009461	-0.005536	0.045464	0.030751	0.000298
1782835122.915538	-0.417144	0.034935	1.196306	0.008534	-0.009436	-0.004435	0.033078	0.028672	0.002374
1782835122.925870	-0.417014	0.035383	1.196853	0.010923	-0.012540	-0.002311	0.032752	0.038979	0.080731
1782835122.934946	-0.416759	0.035889	1.197717	0.006917	-0.011073	0.000435	0.032752	0.038979	0.080731
1782835122.944896	-0.416759	0.035889	1.197717	0.006917	-0.011073	0.000435	0.028930	0.037141	0.135421
1782835122.954764	-0.416369	0.036393	1.199060	0.008419	-0.011989	0.002630	0.028930	0.037141	0.135421
1782835122.964606	-0.416198	0.037059	1.200445	0.009469	-0.010992	0.005635	0.034518	0.036729	0.212014
1782835122.975029	-0.415776	0.037558	1.202862	0.010295	-0.012024	0.005789	0.034518	0.036729	0.212014
1782835122.985908	-0.415497	0.038057	1.205289	0.009415	-0.011359	0.007024	0.042160	0.038818	0.234671
1782835122.994598	-0.415355	0.038519	1.208312	0.008606	-0.011469	0.008220	0.042160	0.038818	0.234671
1782835123.004898	-0.415242	0.038869	1.211721	0.011699	-0.013432	0.012248	0.037953	0.039806	0.359967
1782835123.014770	-0.415344	0.039263	1.215416	0.012932	-0.013432	0.016516	0.037953	0.039806	0.359967
1782835123.027893	-0.415052	0.039706	1.219435	0.012854	-0.012259	0.017596	0.022630	0.047177	0.400492
1782835123.035247	-0.414882	0.040336	1.223960	0.012613	-0.015711	0.020569	0.022630	0.047177	0.400492
1782835123.045698	-0.414882	0.040336	1.223960	0.012613	-0.015711	0.020569	0.022630	0.047177	0.400492
1782835123.054771	-0.414714	0.040670	1.228477	0.012459	-0.015041	0.021656	0.030655	0.046262	0.419322
1782835123.065655	-0.414735	0.041127	1.233242	0.012946	-0.015369	0.024319	0.024647	0.047496	0.438122
1782835123.074626	-0.414607	0.041601	1.237962	0.012724	-0.015007	0.026990	0.024647	0.047496	0.438122
1782835123.084980	-0.414521	0.041951	1.242676	0.017655	-0.015853	0.030368	0.024647	0.047496	0.438122
1782835123.094645	-0.414427	0.042522	1.247238	0.016247	-0.014962	0.031414	0.033403	0.038772	0.423806
1782835123.105306	-0.414237	0.042890	1.251789	0.019074	-0.014454	0.034009	0.032407	0.039101	0.362586
1782835123.114718	-0.414350	0.043443	1.256003	0.016513	-0.015630	0.036010	0.032407	0.039101	0.362586
1782835123.126076	-0.414128	0.043815	1.259836	0.019320	-0.016748	0.038908	0.026787	0.042211	0.317981
1782835123.135088	-0.414092	0.044177	1.263575	0.021733	-0.015620	0.040834	0.026787	0.042211	0.317981
1782835123.144654	-0.414071	0.044856	1.266980	0.022694	-0.017243	0.043510	0.026787	0.042211	0.317981
1782835123.154814	-0.414071	0.044856	1.266980	0.022694	-0.017243	0.043510	0.024496	0.041931	0.269689
1782835123.165688	-0.414036	0.045106	1.270099	0.020767	-0.015789	0.044909	0.022056	0.036272	0.216460
1782835123.174593	-0.414021	0.045540	1.273027	0.019936	-0.014105	0.047406	0.022056	0.036272	0.216460
1782835123.185796	-0.413927	0.045931	1.275553	0.022502	-0.017010	0.048145	0.020638	0.030162	0.195916
1782835123.194669	-0.413940	0.046263	1.277710	0.023218	-0.017685	0.052601	0.020638	0.030162	0.195916
1782835123.205447	-0.413839	0.046713	1.279514	0.021099	-0.013667	0.055890	0.026272	0.025266	0.109890
1782835123.215221	-0.414164	0.047080	1.281035	0.021946	-0.016091	0.055594	0.026272	0.025266	0.109890
1782835123.227597	-0.414034	0.047402	1.282281	0.021845	-0.015252	0.057859	0.019318	0.026568	0.093580
1782835123.235442	-0.414225	0.047905	1.283249	0.023755	-0.012857	0.061352	0.019318	0.026568	0.093580
1782835123.247760	-0.413925	0.048297	1.283765	0.025494	-0.016550	0.062344	0.019318	0.026568	0.093580
1782835123.254795	-0.413925	0.048297	1.283765	0.025494	-0.016550	0.062344	0.017536	0.019283	0.060688
1782835123.266710	-0.414261	0.048604	1.284236	0.023944	-0.015535	0.065907	0.017902	0.015857	0.005872
1782835123.275096	-0.414046	0.048742	1.284704	0.025160	-0.015132	0.065178	0.017902	0.015857	0.005872
1782835123.285868	-0.414234	0.049333	1.284564	0.022208	-0.015246	0.070427	0.005955	0.019108	-0.010231
1782835123.299777	-0.414455	0.049572	1.284496	0.024566	-0.017067	0.069741	0.005955	0.019108	-0.010231
1782835123.307766	-0.414214	0.049992	1.284199	0.026549	-0.017341	0.074734	0.002304	0.018894	-0.038575
1782835123.315467	-0.414405	0.050189	1.284113	0.023682	-0.014779	0.075728	0.002304	0.018894	-0.038575
1782835123.328349	-0.414453	0.050654	1.283557	0.026671	-0.016409	0.078748	0.007225	0.012519	-0.041697
1782835123.335609	-0.414571	0.050734	1.283162	0.025220	-0.016327	0.081786	0.007225	0.012519	-0.041697
1782835123.351944	-0.414571	0.050734	1.283162	0.025220	-0.016327	0.081786	0.007225	0.012519	-0.041697
1782835123.358523	-0.414577	0.050954	1.282658	0.025320	-0.016496	0.084940	0.016995	0.003683	-0.027017
1782835123.364892	-0.414561	0.051201	1.282301	0.024805	-0.015339	0.087071	0.001230	0.010113	-0.036155
1782835123.374490	-0.414598	0.051423	1.281952	0.026731	-0.014258	0.089213	0.001230	0.010113	-0.036155
1782835123.385725	-0.414684	0.051538	1.281664	0.024798	-0.012883	0.090342	0.001230	0.010113	-0.036155
1782835123.394727	-0.414789	0.051869	1.281347	0.022759	-0.013857	0.092926	0.009925	-0.000841	0.006631
1782835123.405290	-0.414815	0.052138	1.281255	0.022362	-0.013761	0.095191	0.009925	-0.000841	0.006631
1782835123.414979	-0.414863	0.052212	1.281275	0.024128	-0.014328	0.097196	-0.000030	-0.000553	0.010019
1782835123.424511	-0.414821	0.052137	1.281380	0.022868	-0.015332	0.101520	0.006647	-0.000535	0.043452
1782835123.434542	-0.414828	0.052339	1.281569	0.021517	-0.015884	0.103521	0.006647	-0.000535	0.043452
1782835123.444550	-0.414828	0.052339	1.281569	0.021517	-0.015884	0.103521	0.003752	-0.005425	0.053790
1782835123.454559	-0.414933	0.052522	1.281858	0.022487	-0.016357	0.104997	0.003752	-0.005425	0.053790
1782835123.466373	-0.414869	0.052508	1.282091	0.022627	-0.016624	0.107386	0.003752	-0.005425	0.053790
1782835123.474909	-0.415020	0.052477	1.282566	0.020442	-0.015041	0.111840	0.005382	-0.005030	0.078954
1782835123.484666	-0.415301	0.052654	1.283535	0.022013	-0.014703	0.116398	0.009452	-0.013355	0.091187
1782835123.494654	-0.415464	0.052653	1.284233	0.021190	-0.015353	0.117703	0.009452	-0.013355	0.091187
1782835123.504483	-0.415123	0.052526	1.284926	0.020486	-0.015192	0.120220	0.009452	-0.013355	0.091187
1782835123.515397	-0.415159	0.052441	1.285752	0.022068	-0.012261	0.122562	-0.004107	-0.006823	0.092725
1782835123.524969	-0.415123	0.052467	1.286658	0.022685	-0.013391	0.124770	0.007827	-0.019931	0.111034
1782835123.534607	-0.415141	0.052457	1.287449	0.021554	-0.014160	0.126592	0.007827	-0.019931	0.111034
1782835123.545885	-0.415141	0.052457	1.287449	0.021554	-0.014160	0.126592	0.002865	-0.019089	0.090469
1782835123.587516	-0.415231	0.051791	1.290059	0.022865	-0.012136	0.137113	0.009805	-0.029260	0.072551
1782835123.591220	-0.415133	0.051729	1.290420	0.019419	-0.011291	0.140707	0.009805	-0.029260	0.072551
1782835123.601909	-0.415113	0.051690	1.291090	0.019247	-0.009946	0.142940	0.012483	-0.031074	0.054747
1782835123.611330	-0.415090	0.051469	1.291545	0.020343	-0.011984	0.145317	0.012483	-0.031074	0.054747
1782835123.622154	-0.415079	0.051382	1.291754	0.019070	-0.011510	0.151573	0.012483	-0.031074	0.054747
1782835123.631934	-0.415139	0.051131	1.291955	0.017956	-0.012394	0.152154	0.003065	-0.023945	0.030929
1782835123.641300	-0.414950	0.051016	1.292040	0.020416	-0.013045	0.156610	0.003065	-0.023945	0.030929
1782835123.651342	-0.414950	0.051016	1.292040	0.020416	-0.013045	0.156610	-0.000984	-0.022842	0.022895
1782835123.662263	-0.414960	0.050879	1.292177	0.018147	-0.012134	0.158306	-0.000984	-0.022842	0.022895
1782835123.671743	-0.414950	0.050854	1.292136	0.018834	-0.011975	0.160046	0.011675	-0.034100	0.032123
1782835123.683271	-0.414876	0.050747	1.292026	0.015751	-0.011607	0.164026	0.011675	-0.034100	0.032123
1782835123.691272	-0.414850	0.050537	1.291920	0.015561	-0.012588	0.167166	0.014006	-0.033189	0.021389
1782835123.702391	-0.414780	0.050329	1.291712	0.014579	-0.010286	0.169369	0.014006	-0.033189	0.021389
1782835123.711782	-0.414791	0.050171	1.291692	0.013678	-0.009157	0.173154	0.002537	-0.021064	-0.003459
1782835123.722864	-0.414716	0.050155	1.291367	0.012091	-0.007247	0.174536	0.002537	-0.021064	-0.003459
1782835123.732038	-0.414548	0.049875	1.291000	0.010109	-0.005736	0.177200	0.007583	-0.024360	-0.002663
1782835123.742116	-0.414548	0.049875	1.291000	0.010109	-0.005736	0.177200	0.007583	-0.024360	-0.002663
1782835123.751418	-0.414502	0.049694	1.290591	0.010716	-0.006848	0.180291	0.019080	-0.032527	-0.003983
1782835123.763447	-0.414494	0.049600	1.290277	0.010290	-0.006489	0.181596	0.019080	-0.032527	-0.003983
1782835123.771622	-0.414298	0.049274	1.289886	0.014327	-0.008102	0.186169	0.007534	-0.025065	-0.017454
1782835123.781602	-0.414232	0.049159	1.289841	0.013996	-0.006503	0.188100	0.007534	-0.025065	-0.017454
1782835123.791238	-0.414078	0.049231	1.289738	0.014005	-0.007096	0.190478	0.007225	-0.025607	-0.001912
1782835123.801570	-0.413950	0.049167	1.289494	0.014839	-0.010008	0.192195	0.019202	-0.032274	0.007288
1782835123.811120	-0.413963	0.049018	1.289371	0.014267	-0.010407	0.194548	0.019202	-0.032274	0.007288
1782835123.821136	-0.413831	0.048995	1.289112	0.008496	-0.008589	0.198787	0.001840	-0.019374	-0.007314
1782835123.832190	-0.413754	0.048825	1.289046	0.008464	-0.010100	0.200720	0.001840	-0.019374	-0.007314
1782835123.841473	-0.413754	0.048825	1.289046	0.008464	-0.010100	0.200720	0.001840	-0.019374	-0.007314
1782835123.851125	-0.413723	0.048682	1.288915	0.010229	-0.010331	0.202272	0.016066	-0.027660	0.011552
1782835123.861150	-0.413540	0.048619	1.288887	0.008283	-0.009180	0.205720	0.019141	-0.030104	0.010006
1782835123.871156	-0.413358	0.048400	1.288800	0.007983	-0.010197	0.209012	0.019141	-0.030104	0.010006
1782835123.882414	-0.413307	0.048418	1.288823	0.009505	-0.010412	0.211004	0.019141	-0.030104	0.010006
1782835123.891146	-0.413220	0.048477	1.288883	0.012188	-0.010750	0.214337	0.013455	-0.022468	0.002590
1782835123.901337	-0.412992	0.048429	1.288980	0.010184	-0.009685	0.215496	0.025204	-0.027944	0.025785
1782835123.911151	-0.412934	0.048144	1.289054	0.010466	-0.012081	0.218242	0.025204	-0.027944	0.025785
1782835123.921941	-0.412799	0.048095	1.289160	0.008767	-0.012352	0.220254	0.025204	-0.027944	0.025785
1782835123.931550	-0.412654	0.047779	1.289304	0.008264	-0.011223	0.224408	0.010052	-0.021968	0.007336
1782835123.941918	-0.412628	0.047705	1.289443	0.007586	-0.010866	0.226813	0.014160	-0.024227	0.027487
1782835123.951639	-0.412628	0.047705	1.289443	0.007586	-0.010866	0.226813	0.014160	-0.024227	0.027487
1782835123.963510	-0.412373	0.047608	1.289574	0.008626	-0.012988	0.228323	0.019304	-0.027814	0.034079
1782835123.971571	-0.412300	0.047706	1.290000	0.009407	-0.011520	0.229903	0.019304	-0.027814	0.034079
1782835123.982197	-0.412285	0.047495	1.290182	0.009254	-0.010757	0.232262	0.019304	-0.027814	0.034079
1782835123.991783	-0.412166	0.047510	1.290253	0.009354	-0.012059	0.235597	0.001478	-0.020209	0.022357
1782835124.001218	-0.412074	0.047587	1.290671	0.012776	-0.014803	0.237542	0.011140	-0.026027	0.044328
1782835124.011570	-0.411968	0.047400	1.290929	0.014834	-0.014700	0.240666	0.011140	-0.026027	0.044328
1782835124.021223	-0.411940	0.047268	1.291135	0.013365	-0.015315	0.243642	0.011140	-0.026027	0.044328
1782835124.031330	-0.411864	0.047148	1.291336	0.013793	-0.015774	0.245477	0.010742	-0.026736	0.036380
1782835124.043925	-0.411864	0.047148	1.291336	0.013793	-0.015774	0.245477	-0.004522	-0.020517	0.035054
1782835124.051150	-0.411833	0.047051	1.291576	0.014491	-0.014768	0.246894	-0.004522	-0.020517	0.035054
1782835124.062125	-0.411646	0.046932	1.291800	0.012397	-0.013145	0.250925	-0.004522	-0.020517	0.035054
1782835124.071730	-0.411618	0.046927	1.292120	0.010780	-0.013879	0.252774	0.005679	-0.026292	0.052514
1782835124.083356	-0.411617	0.046842	1.292129	0.010944	-0.013647	0.253682	0.003377	-0.026876	0.041509
1782835124.091597	-0.411511	0.046761	1.292310	0.010410	-0.013048	0.256897	0.003377	-0.026876	0.041509
1782835124.101089	-0.411467	0.046561	1.292345	0.010559	-0.013332	0.259016	0.003377	-0.026876	0.041509
1782835124.111097	-0.411483	0.046295	1.292506	0.011143	-0.012874	0.261371	-0.010211	-0.018451	0.031164
1782835124.122579	-0.411373	0.046288	1.292471	0.011865	-0.012523	0.263805	-0.010211	-0.018451	0.031164
1782835124.131729	-0.411224	0.046092	1.292624	0.010677	-0.012025	0.265488	0.000376	-0.026546	0.041690
1782835124.142982	-0.411100	0.046085	1.292743	0.009267	-0.011727	0.267272	-0.000128	-0.031882	0.036557
1782835124.151175	-0.411100	0.046085	1.292743	0.009267	-0.011727	0.267272	-0.000128	-0.031882	0.036557
1782835124.162600	-0.411132	0.046001	1.292693	0.011231	-0.011367	0.268724	-0.000128	-0.031882	0.036557
1782835124.171547	-0.411120	0.045874	1.292627	0.011675	-0.010912	0.270037	-0.012693	-0.020342	0.021807
1782835124.181652	-0.411025	0.045725	1.292590	0.011605	-0.011576	0.274269	-0.005720	-0.027213	0.024482
1782835124.191896	-0.410950	0.045464	1.292527	0.011521	-0.011934	0.276366	-0.005720	-0.027213	0.024482
1782835124.201188	-0.410932	0.045284	1.292587	0.010861	-0.010194	0.278778	-0.005720	-0.027213	0.024482
1782835124.212884	-0.410885	0.045271	1.292558	0.010667	-0.009906	0.279525	-0.004065	-0.031202	0.019957
1782835124.221225	-0.410800	0.045186	1.292437	0.010737	-0.008711	0.281139	-0.013919	-0.026394	0.004558
1782835124.231272	-0.411045	0.045061	1.292125	0.010682	-0.008749	0.284810	-0.013919	-0.026394	0.004558
1782835124.242114	-0.411045	0.045061	1.292125	0.010682	-0.008749	0.284810	-0.013919	-0.026394	0.004558
1782835124.252620	-0.411004	0.044895	1.291735	0.009768	-0.011079	0.288308	-0.008540	-0.024338	0.006538
1782835124.262027	-0.411075	0.044707	1.291669	0.009453	-0.010460	0.290791	-0.008540	-0.024338	0.006538
1782835124.271566	-0.410997	0.044536	1.291706	0.008608	-0.010168	0.293180	-0.007733	-0.031379	-0.000058
1782835124.282119	-0.410933	0.044396	1.291541	0.010505	-0.009785	0.296112	-0.007733	-0.031379	-0.000058
1782835124.295179	-0.411084	0.044303	1.291519	0.011085	-0.009360	0.296414	-0.013115	-0.023668	-0.003108
1782835124.303944	-0.410955	0.044252	1.291216	0.012374	-0.009852	0.298843	-0.013115	-0.023668	-0.003108
1782835124.312304	-0.411110	0.044094	1.290934	0.011532	-0.009455	0.302227	0.001497	-0.031055	-0.000234
1782835124.322355	-0.411140	0.043971	1.290967	0.011129	-0.008607	0.304416	0.001497	-0.031055	-0.000234
1782835124.331584	-0.411137	0.043702	1.290724	0.009734	-0.008919	0.307258	-0.008384	-0.027293	-0.004551
1782835124.341863	-0.411137	0.043702	1.290724	0.009734	-0.008919	0.307258	-0.008384	-0.027293	-0.004551
1782835124.351774	-0.411208	0.043458	1.290527	0.009165	-0.009572	0.311226	-0.008384	-0.027293	-0.004551
1782835124.363081	-0.411193	0.043374	1.290517	0.008866	-0.009452	0.313558	-0.000305	-0.026649	0.004943
1782835124.371623	-0.411264	0.043275	1.290610	0.008886	-0.008087	0.315945	-0.000553	-0.028856	0.000202
1782835124.381175	-0.411209	0.043111	1.290742	0.008115	-0.007432	0.318427	-0.000553	-0.028856	0.000202
1782835124.393454	-0.411215	0.042957	1.290794	0.007656	-0.006167	0.320196	-0.010242	-0.021642	0.014327
1782835124.407267	-0.411245	0.042943	1.290884	0.006570	-0.005824	0.321482	0.001508	-0.026516	0.025712
1782835124.413465	-0.411264	0.042713	1.290891	0.007463	-0.006978	0.325479	0.001508	-0.026516	0.025712
1782835124.423353	-0.411138	0.042715	1.291165	0.006615	-0.007607	0.327932	0.001508	-0.026516	0.025712
1782835124.431652	-0.411138	0.042715	1.291165	0.006615	-0.007607	0.327932	-0.013394	-0.020563	0.027088
1782835124.441264	-0.411173	0.042483	1.291749	0.005702	-0.007345	0.332936	-0.013394	-0.020563	0.027088
1782835124.452703	-0.411173	0.042483	1.291749	0.005702	-0.007345	0.332936	-0.004560	-0.024647	0.042699
1782835124.463274	-0.411165	0.042490	1.291978	0.007074	-0.008177	0.334650	-0.004560	-0.024647	0.042699
1782835124.471616	-0.411219	0.042240	1.292197	0.003787	-0.007914	0.337857	-0.007958	-0.021423	0.025908
1782835124.481687	-0.411283	0.042338	1.292449	0.004470	-0.008285	0.340854	-0.007958	-0.021423	0.025908
1782835124.492542	-0.411235	0.042206	1.292900	0.005157	-0.008900	0.341835	-0.015228	-0.015364	0.030338
1782835124.501194	-0.411210	0.042189	1.293110	0.003865	-0.008329	0.344194	-0.015228	-0.015364	0.030338
1782835124.513518	-0.411265	0.042079	1.293339	0.005431	-0.007985	0.345942	0.003400	-0.021859	0.039555
1782835124.522434	-0.411288	0.042036	1.293643	0.006948	-0.008758	0.346966	0.003400	-0.021859	0.039555
1782835124.531559	-0.411286	0.041928	1.293509	0.006069	-0.010532	0.351040	-0.007943	-0.012829	0.006535
1782835124.541540	-0.411286	0.041928	1.293509	0.006069	-0.010532	0.351040	-0.007943	-0.012829	0.006535
1782835124.551762	-0.411268	0.041864	1.293557	0.005016	-0.010219	0.353444	-0.008654	-0.012633	0.004692
1782835124.562099	-0.411300	0.041848	1.293624	0.005071	-0.009218	0.353617	0.002374	-0.017741	0.018283
1782835124.571546	-0.411136	0.041940	1.293610	0.004453	-0.009425	0.356488	0.002374	-0.017741	0.018283
1782835124.581545	-0.411134	0.042060	1.293638	0.005848	-0.009098	0.358229	0.002374	-0.017741	0.018283
1782835124.591119	-0.411212	0.042185	1.293669	0.006362	-0.009203	0.359087	-0.005287	-0.010262	-0.004684
1782835124.601311	-0.411132	0.042203	1.293748	0.004831	-0.007733	0.361242	-0.005287	-0.010262	-0.004684
1782835124.611334	-0.411048	0.042324	1.293721	0.003646	-0.007449	0.362470	-0.008056	-0.002134	-0.005187
1782835124.622983	-0.411067	0.042427	1.293538	0.004529	-0.009626	0.365625	-0.008056	-0.002134	-0.005187
1782835124.631655	-0.410874	0.042401	1.293493	0.006947	-0.008078	0.367681	0.003155	-0.010089	0.006958
1782835124.641427	-0.410874	0.042401	1.293493	0.006947	-0.008078	0.367681	0.003155	-0.010089	0.006958
1782835124.651211	-0.410944	0.042518	1.293237	0.005659	-0.007789	0.370672	-0.004623	-0.002256	-0.002106
1782835124.661447	-0.410921	0.042625	1.293190	0.005918	-0.007768	0.371880	0.001468	0.001815	-0.002802
1782835124.671349	-0.410882	0.042760	1.293237	0.007672	-0.007526	0.372031	0.001468	0.001815	-0.002802
1782835124.682900	-0.410820	0.042856	1.293236	0.006532	-0.007492	0.373494	0.007715	-0.001972	0.006868
1782835124.691313	-0.410789	0.042952	1.293159	0.005041	-0.008171	0.375231	0.007715	-0.001972	0.006868
1782835124.701161	-0.410804	0.043132	1.293297	0.007503	-0.007755	0.376468	0.007715	-0.001972	0.006868
1782835124.711143	-0.410824	0.043335	1.293290	0.007341	-0.007287	0.379019	-0.000884	0.003649	0.010278
1782835124.721997	-0.410659	0.043489	1.293223	0.008013	-0.008479	0.382721	-0.000884	0.003649	0.010278
1782835124.731682	-0.410659	0.043489	1.293223	0.008013	-0.008479	0.382721	0.003656	0.004381	0.015745
1782835124.742239	-0.410564	0.043920	1.293585	0.008084	-0.008323	0.385518	0.003656	0.004381	0.015745
1782835124.751689	-0.410564	0.043920	1.293585	0.008084	-0.008323	0.385518	-0.002971	0.005903	0.028594
1782835124.761153	-0.410456	0.044197	1.293825	0.009714	-0.007905	0.388335	-0.002971	0.005903	0.028594
1782835124.771150	-0.410287	0.044196	1.293945	0.011717	-0.007486	0.389026	-0.001094	0.008655	0.029536
1782835124.781115	-0.410195	0.044453	1.294084	0.010022	-0.007629	0.390006	-0.001094	0.008655	0.029536
1782835124.791475	-0.410211	0.044731	1.294334	0.006814	-0.007435	0.391217	0.007253	0.007666	0.027906
1782835124.801112	-0.410097	0.045070	1.294521	0.006151	-0.006130	0.393559	0.007253	0.007666	0.027906
1782835124.811068	-0.409875	0.045292	1.294525	0.007223	-0.006047	0.397403	0.010054	0.007095	0.016720
1782835124.821142	-0.409889	0.045744	1.294829	0.010472	-0.007334	0.399005	0.005036	0.010736	0.010892
1782835124.831077	-0.409825	0.045982	1.295103	0.009574	-0.005986	0.399007	0.005036	0.010736	0.010892
1782835124.841393	-0.409625	0.046371	1.295219	0.010902	-0.005536	0.401269	0.005036	0.010736	0.010892
1782835124.851073	-0.409625	0.046371	1.295219	0.010902	-0.005536	0.401269	0.018263	0.011919	0.010432
1782835124.861057	-0.409427	0.046596	1.295421	0.010984	-0.005204	0.402661	0.018263	0.011919	0.010432
1782835124.871114	-0.409477	0.046956	1.295614	0.009773	-0.005987	0.404574	0.019645	0.007783	0.011076
1782835124.882016	-0.409252	0.047326	1.295545	0.005883	-0.003927	0.407293	0.014357	0.013488	0.014376
1782835124.893033	-0.409035	0.047537	1.295550	0.007211	-0.004813	0.409692	0.014357	0.013488	0.014376
1782835124.902903	-0.408919	0.047905	1.295666	0.006927	-0.004857	0.411567	0.014357	0.013488	0.014376
1782835124.912116	-0.408798	0.048281	1.295885	0.005211	-0.003718	0.412083	0.025948	0.013672	0.012344
1782835124.921668	-0.408584	0.048615	1.296073	0.007349	-0.002651	0.411654	0.025948	0.013672	0.012344
1782835124.931673	-0.408450	0.049047	1.295998	0.007093	-0.003090	0.415020	0.019259	0.015507	0.005627
1782835124.943118	-0.408275	0.049437	1.296087	0.010115	-0.004001	0.416214	0.019259	0.015507	0.005627
1782835124.951631	-0.408275	0.049437	1.296087	0.010115	-0.004001	0.416214	0.012865	0.018281	0.009474
1782835124.961814	-0.408170	0.049757	1.296113	0.012306	-0.005305	0.417815	0.012865	0.018281	0.009474
1782835124.973314	-0.407900	0.050107	1.296072	0.014075	-0.007665	0.420627	0.026880	0.014983	0.015706
1782835124.981264	-0.407786	0.050539	1.296275	0.010243	-0.005938	0.421437	0.026880	0.014983	0.015706
1782835124.991226	-0.407725	0.050871	1.296315	0.011396	-0.005899	0.422091	0.023414	0.016633	-0.001964
1782835125.001195	-0.407169	0.051376	1.296452	0.014794	-0.007530	0.425132	0.023414	0.016633	-0.001964
1782835125.011189	-0.406935	0.051737	1.296476	0.012303	-0.005114	0.425876	0.016237	0.019964	0.005194
1782835125.022839	-0.406718	0.052166	1.296446	0.016721	-0.009869	0.427260	0.016237	0.019964	0.005194
1782835125.031261	-0.406718	0.052166	1.296446	0.016721	-0.009869	0.427260	0.030091	0.011442	0.011447
1782835125.041776	-0.406460	0.052602	1.296435	0.014562	-0.008522	0.429005	0.030091	0.011442	0.011447
1782835125.052382	-0.406368	0.052881	1.296161	0.012562	-0.007950	0.429991	0.022972	0.018363	-0.014593
1782835125.062047	-0.406127	0.053283	1.296029	0.010792	-0.008490	0.433654	0.022972	0.018363	-0.014593
1782835125.072767	-0.405786	0.053771	1.296204	0.011308	-0.006694	0.433737	0.019465	0.023068	-0.014913
1782835125.085888	-0.405596	0.054225	1.296259	0.015363	-0.007843	0.434384	0.019465	0.023068	-0.014913
1782835125.091788	-0.405449	0.054554	1.296066	0.013508	-0.008250	0.436222	0.036142	0.014176	-0.008535
1782835125.104778	-0.405073	0.054971	1.296147	0.016460	-0.009268	0.436448	0.036142	0.014176	-0.008535
1782835125.111091	-0.404829	0.055496	1.296132	0.014587	-0.009857	0.438697	0.028144	0.019124	-0.023792
1782835125.123137	-0.404610	0.055963	1.295990	0.013835	-0.010295	0.441554	0.028144	0.019124	-0.023792
1782835125.132673	-0.404610	0.055963	1.295990	0.013835	-0.010295	0.441554	0.034562	0.017299	-0.020547
1782835125.141070	-0.404496	0.056292	1.295952	0.012451	-0.012399	0.443832	0.034562	0.017299	-0.020547
1782835125.152482	-0.404503	0.056643	1.295882	0.012155	-0.012943	0.445507	0.040116	0.012771	-0.012843
1782835125.161417	-0.404092	0.056958	1.295940	0.015158	-0.013251	0.446345	0.040116	0.012771	-0.012843
1782835125.171148	-0.403748	0.057496	1.295919	0.014018	-0.010797	0.447171	0.027321	0.019987	-0.018950
1782835125.182135	-0.403547	0.057984	1.295867	0.014077	-0.012244	0.449648	0.027321	0.019987	-0.018950
1782835125.192716	-0.403292	0.058510	1.295975	0.015534	-0.013059	0.450396	0.034609	0.015218	-0.000844
1782835125.201277	-0.403159	0.058954	1.296170	0.017001	-0.013886	0.451686	0.034609	0.015218	-0.000844
1782835125.211307	-0.402896	0.059262	1.296071	0.014819	-0.013491	0.454912	0.030734	0.011054	0.007038
1782835125.221664	-0.402707	0.059610	1.296260	0.014255	-0.014167	0.456374	0.022789	0.018898	0.005286
1782835125.233337	-0.402464	0.060071	1.296536	0.017106	-0.014125	0.457530	0.022789	0.018898	0.005286
1782835125.241558	-0.402464	0.060071	1.296536	0.017106	-0.014125	0.457530	0.022789	0.018898	0.005286
1782835125.251262	-0.402364	0.060260	1.296699	0.016824	-0.013878	0.460059	0.031984	0.012164	0.015890
1782835125.262136	-0.402143	0.060661	1.296852	0.015162	-0.013346	0.462560	0.031984	0.012164	0.015890
1782835125.271253	-0.402047	0.061215	1.297245	0.018169	-0.012894	0.462359	0.026399	0.016153	0.009916
1782835125.281552	-0.401716	0.061533	1.297531	0.020595	-0.012812	0.464257	0.026399	0.016153	0.009916
1782835125.291108	-0.401297	0.061927	1.297624	0.018221	-0.011858	0.467309	0.030359	0.017023	0.006818
1782835125.301150	-0.401134	0.062362	1.297911	0.015906	-0.011388	0.468961	0.030359	0.017023	0.006818
1782835125.311233	-0.400967	0.062657	1.297973	0.015676	-0.011877	0.470207	0.034514	0.012705	0.005926
1782835125.321892	-0.400734	0.062975	1.298108	0.014778	-0.011229	0.471206	0.034514	0.012705	0.005926
1782835125.331619	-0.400548	0.063334	1.298150	0.014062	-0.010590	0.473650	0.023673	0.017108	0.003312
1782835125.341870	-0.400548	0.063334	1.298150	0.014062	-0.010590	0.473650	0.032964	0.014164	0.009619
1782835125.351049	-0.400464	0.063725	1.298272	0.015937	-0.012028	0.475087	0.032964	0.014164	0.009619
1782835125.361655	-0.400111	0.064012	1.298515	0.019656	-0.011858	0.475412	0.032964	0.014164	0.009619
1782835125.371439	-0.400045	0.064458	1.298637	0.016232	-0.011023	0.478435	0.031061	0.013549	-0.003293
1782835125.381440	-0.399852	0.064874	1.298750	0.017090	-0.012628	0.479361	0.031061	0.013549	-0.003293
1782835125.391948	-0.399637	0.065314	1.299013	0.017784	-0.012128	0.480398	0.020180	0.013645	-0.001780
1782835125.401600	-0.399297	0.065511	1.298790	0.018485	-0.014182	0.483215	0.020180	0.013645	-0.001780
1782835125.411424	-0.399068	0.065910	1.298870	0.016591	-0.013981	0.485619	0.034444	0.010195	0.007953
1782835125.422214	-0.398926	0.066264	1.299131	0.018954	-0.013428	0.486316	0.034444	0.010195	0.007953
1782835125.431124	-0.398681	0.066390	1.299124	0.019316	-0.012859	0.488823	0.028161	0.011845	-0.008449
1782835125.445332	-0.398480	0.066532	1.299289	0.019351	-0.012358	0.490052	0.018943	0.011768	-0.008382
1782835125.451808	-0.398480	0.066532	1.299289	0.019351	-0.012358	0.490052	0.018943	0.011768	-0.008382
1782835125.463346	-0.398366	0.066955	1.299239	0.021855	-0.013079	0.489017	0.028628	0.003919	0.007373
1782835125.471216	-0.398102	0.067107	1.299199	0.021405	-0.014114	0.492076	0.028628	0.003919	0.007373
1782835125.481375	-0.398102	0.067107	1.299199	0.021405	-0.014114	0.492076	0.028628	0.003919	0.007373
1782835125.493533	-0.397627	0.067667	1.299262	0.021745	-0.015466	0.495844	0.029750	0.000107	-0.010397
1782835125.502437	-0.397266	0.067899	1.299161	0.024393	-0.015223	0.497364	0.029750	0.000107	-0.010397
1782835125.512849	-0.396946	0.068205	1.299137	0.023143	-0.014020	0.498292	0.014014	0.009268	-0.017798
1782835125.523645	-0.396822	0.068446	1.298955	0.023922	-0.017844	0.499309	0.014014	0.009268	-0.017798
1782835125.531695	-0.396822	0.068446	1.298955	0.023922	-0.017844	0.499309	0.021976	-0.001896	-0.014008
1782835125.541239	-0.396431	0.068913	1.298525	0.019643	-0.016786	0.500423	0.029407	-0.006826	-0.021876
1782835125.552394	-0.396431	0.068913	1.298525	0.019643	-0.016786	0.500423	0.029407	-0.006826	-0.021876
1782835125.561303	-0.396321	0.068930	1.298105	0.020412	-0.018849	0.501797	0.029407	-0.006826	-0.021876
1782835125.571199	-0.395982	0.068953	1.297826	0.022314	-0.019479	0.504310	0.010050	0.002981	-0.034123
1782835125.581136	-0.395783	0.069080	1.297679	0.020131	-0.017801	0.505171	0.010050	0.002981	-0.034123
1782835125.591229	-0.395527	0.069215	1.297568	0.017389	-0.018229	0.507256	0.015348	-0.005590	-0.016752
1782835125.601612	-0.395329	0.069502	1.297146	0.023020	-0.020030	0.508839	0.015348	-0.005590	-0.016752
1782835125.611616	-0.395087	0.069707	1.296842	0.023712	-0.018311	0.509589	0.018482	-0.011189	-0.018725
1782835125.622021	-0.395027	0.069765	1.296671	0.022094	-0.017600	0.510603	0.018482	-0.011189	-0.018725
1782835125.631134	-0.394847	0.069893	1.296574	0.020941	-0.017866	0.512085	0.006418	-0.003620	-0.022631
1782835125.641135	-0.394586	0.069978	1.296383	0.022411	-0.016904	0.513965	0.006418	-0.003620	-0.022631
1782835125.651795	-0.394586	0.069978	1.296383	0.022411	-0.016904	0.513965	0.013293	-0.011750	-0.005648
1782835125.661657	-0.394291	0.070030	1.296197	0.019103	-0.015349	0.517370	0.013293	-0.011750	-0.005648
1782835125.671121	-0.393999	0.070038	1.296144	0.016864	-0.016200	0.520170	0.006887	-0.007645	-0.007707
1782835125.681167	-0.393909	0.070126	1.296133	0.019765	-0.015969	0.519199	0.006887	-0.007645	-0.007707
1782835125.691381	-0.393615	0.070108	1.296291	0.019271	-0.014700	0.521634	0.014316	-0.009751	-0.005850
1782835125.702314	-0.393518	0.070141	1.296307	0.018692	-0.014904	0.523684	0.014316	-0.009751	-0.005850
1782835125.711099	-0.393385	0.070251	1.296400	0.018333	-0.015091	0.524409	0.012241	-0.013404	0.001734
1782835125.722091	-0.393229	0.070217	1.296572	0.019115	-0.015095	0.525413	0.012241	-0.013404	0.001734
1782835125.731115	-0.393016	0.070111	1.296739	0.021572	-0.016732	0.527557	0.010044	-0.011450	0.007754
1782835125.741810	-0.393016	0.070111	1.296739	0.021572	-0.016732	0.527557	0.010044	-0.011450	0.007754
1782835125.754402	-0.392768	0.070040	1.296811	0.019690	-0.017685	0.529517	0.017966	-0.016986	0.013309
1782835125.762318	-0.392552	0.070049	1.297197	0.020328	-0.017814	0.531406	0.003948	-0.015032	0.011667
1782835125.771122	-0.392327	0.069875	1.297354	0.020278	-0.016838	0.533753	0.003948	-0.015032	0.011667
1782835125.781125	-0.392235	0.069879	1.297575	0.019005	-0.016334	0.536791	0.003948	-0.015032	0.011667
1782835125.791196	-0.392084	0.069823	1.297785	0.022006	-0.017531	0.537035	0.009485	-0.019666	0.022442
1782835125.803293	-0.391795	0.069692	1.298058	0.021713	-0.017297	0.538835	0.010383	-0.021941	0.011690
1782835125.811475	-0.391597	0.069620	1.298246	0.021345	-0.017276	0.540219	0.010383	-0.021941	0.011690
1782835125.823121	-0.391547	0.069563	1.298308	0.023866	-0.018359	0.541281	-0.002840	-0.018644	0.001730
1782835125.831153	-0.391446	0.069421	1.298397	0.022830	-0.018554	0.542512	-0.002840	-0.018644	0.001730
1782835125.841164	-0.391446	0.069421	1.298397	0.022830	-0.018554	0.542512	-0.002840	-0.018644	0.001730
1782835125.851783	-0.391211	0.069243	1.298519	0.022290	-0.017233	0.545552	0.002570	-0.026480	0.010714
1782835125.861632	-0.391017	0.069107	1.298653	0.021650	-0.016445	0.547225	0.002570	-0.026480	0.010714
1782835125.871401	-0.390885	0.068959	1.298637	0.022827	-0.017236	0.548528	0.013669	-0.030514	-0.005613
1782835125.881124	-0.390654	0.068894	1.298554	0.022430	-0.015672	0.549525	0.013669	-0.030514	-0.005613
1782835125.891755	-0.390563	0.068772	1.298428	0.020096	-0.015750	0.550364	-0.002542	-0.021703	-0.031024
1782835125.901066	-0.390461	0.068682	1.298267	0.020209	-0.015839	0.551743	-0.002542	-0.021703	-0.031024
1782835125.911585	-0.390267	0.068415	1.298214	0.019261	-0.015969	0.554199	-0.001706	-0.025455	-0.023435
1782835125.921150	-0.390123	0.068172	1.298053	0.019262	-0.016319	0.556314	-0.001706	-0.025455	-0.023435
1782835125.931776	-0.389984	0.068016	1.297934	0.017080	-0.015166	0.557139	0.010211	-0.035081	-0.017255
1782835125.941174	-0.389984	0.068016	1.297934	0.017080	-0.015166	0.557139	0.010211	-0.035081	-0.017255
1782835125.951123	-0.389768	0.067714	1.297776	0.015793	-0.012922	0.558576	-0.004959	-0.026655	-0.034547
1782835125.963323	-0.389605	0.067623	1.297598	0.015338	-0.013231	0.558847	-0.004959	-0.026655	-0.034547
1782835125.971384	-0.389518	0.067366	1.297282	0.013276	-0.015053	0.560727	-0.004525	-0.028516	-0.015878
1782835125.981110	-0.389314	0.067273	1.297238	0.013327	-0.012963	0.561820	-0.004525	-0.028516	-0.015878
1782835125.991060	-0.389193	0.067021	1.297163	0.013332	-0.013939	0.564747	-0.007721	-0.032552	-0.013361
1782835126.001106	-0.389034	0.066894	1.297041	0.012745	-0.014383	0.566741	-0.007721	-0.032552	-0.013361
1782835126.012895	-0.388881	0.066694	1.297035	0.013487	-0.013588	0.568453	-0.010417	-0.025365	-0.009589
1782835126.021136	-0.388822	0.066444	1.296970	0.016269	-0.013662	0.568923	-0.005410	-0.031511	-0.009125
1782835126.031150	-0.388822	0.066444	1.296970	0.016269	-0.013662	0.568923	-0.005410	-0.031511	-0.009125
1782835126.041109	-0.388651	0.066148	1.296962	0.016557	-0.012569	0.572637	-0.005410	-0.031511	-0.009125
1782835126.051802	-0.388642	0.065995	1.297013	0.019586	-0.012659	0.574321	-0.013421	-0.027455	-0.006638
1782835126.062375	-0.388480	0.065888	1.297098	0.018847	-0.011887	0.574907	-0.013421	-0.027455	-0.006638
1782835126.071484	-0.388448	0.065558	1.297191	0.017817	-0.013367	0.577106	-0.000600	-0.030896	0.002776
1782835126.081260	-0.388325	0.065415	1.297256	0.016847	-0.012983	0.579987	-0.000600	-0.030896	0.002776
1782835126.091195	-0.388193	0.065184	1.297477	0.015189	-0.012777	0.580496	-0.003129	-0.029479	-0.007932
1782835126.101303	-0.388152	0.064994	1.297624	0.014234	-0.012252	0.582700	-0.003129	-0.029479	-0.007932
1782835126.111133	-0.388037	0.064649	1.297595	0.013750	-0.014406	0.585455	-0.008878	-0.031109	0.004048
1782835126.121568	-0.388024	0.064406	1.297993	0.012460	-0.011546	0.586107	0.005117	-0.035000	0.016938
1782835126.131184	-0.388024	0.064406	1.297993	0.012460	-0.011546	0.586107	0.005117	-0.035000	0.016938
1782835126.141186	-0.387735	0.063802	1.298339	0.014540	-0.011146	0.589825	0.005117	-0.035000	0.016938
1782835126.151436	-0.387735	0.063802	1.298339	0.014540	-0.011146	0.589825	-0.012243	-0.027471	-0.003554
1782835126.162140	-0.387578	0.063479	1.298580	0.015704	-0.010875	0.590312	-0.012243	-0.027471	-0.003554
1782835126.171480	-0.387583	0.063354	1.298836	0.016795	-0.012860	0.592437	-0.005548	-0.034294	0.013243
1782835126.181476	-0.387452	0.063150	1.299137	0.013305	-0.013347	0.592849	-0.005548	-0.034294	0.013243
1782835126.191389	-0.387358	0.062890	1.299293	0.011885	-0.015597	0.594868	-0.001123	-0.037910	0.012365
1782835126.201100	-0.387329	0.062583	1.299526	0.013078	-0.016959	0.596073	-0.014239	-0.027191	-0.010788
1782835126.211152	-0.387149	0.062167	1.299701	0.012531	-0.013066	0.599455	-0.014239	-0.027191	-0.010788
1782835126.221600	-0.387032	0.062051	1.299741	0.011740	-0.013466	0.600806	-0.008838	-0.033846	-0.000403
1782835126.232165	-0.387079	0.061915	1.300081	0.012752	-0.013782	0.601047	-0.008838	-0.033846	-0.000403
1782835126.241781	-0.387079	0.061915	1.300081	0.012752	-0.013782	0.601047	-0.007708	-0.037226	-0.006408
1782835126.251147	-0.386990	0.061710	1.300125	0.012531	-0.013239	0.603188	-0.007708	-0.037226	-0.006408
1782835126.262130	-0.387094	0.061392	1.300114	0.010166	-0.011325	0.603394	-0.007708	-0.037226	-0.006408
1782835126.271224	-0.387046	0.061160	1.300016	0.010403	-0.013472	0.606648	-0.015385	-0.030793	-0.011868
1782835126.282182	-0.386929	0.060826	1.299938	0.007617	-0.012302	0.609296	-0.015385	-0.030793	-0.011868
1782835126.291579	-0.386858	0.060461	1.300034	0.009034	-0.013774	0.612512	-0.004275	-0.036838	-0.009737
1782835126.301278	-0.386979	0.060211	1.300162	0.010975	-0.014656	0.612835	-0.004275	-0.036838	-0.009737
1782835126.311185	-0.386891	0.059970	1.300284	0.011521	-0.013121	0.614523	-0.016299	-0.035525	-0.015448
1782835126.322030	-0.386959	0.059619	1.300214	0.012144	-0.012975	0.615252	-0.016299	-0.035525	-0.015448
1782835126.331486	-0.386959	0.059619	1.300214	0.012144	-0.012975	0.615252	-0.016043	-0.033647	-0.004576
1782835126.341270	-0.386917	0.059262	1.300332	0.012260	-0.013326	0.618481	-0.006172	-0.038659	-0.011808
1782835126.351115	-0.386917	0.059262	1.300332	0.012260	-0.013326	0.618481	-0.006172	-0.038659	-0.011808
1782835126.362086	-0.386826	0.058980	1.300219	0.011645	-0.014096	0.619813	-0.006172	-0.038659	-0.011808
1782835126.371151	-0.386970	0.058760	1.300072	0.011314	-0.015598	0.621930	-0.024008	-0.029548	-0.020400
1782835126.382478	-0.386955	0.058529	1.300117	0.011861	-0.016209	0.622951	-0.024008	-0.029548	-0.020400
1782835126.391230	-0.386815	0.058204	1.300154	0.013273	-0.016217	0.625332	-0.010373	-0.038958	-0.004517
1782835126.401382	-0.386918	0.058005	1.299948	0.010146	-0.015413	0.626773	-0.013803	-0.038198	-0.009933
1782835126.411400	-0.386954	0.057734	1.300067	0.010202	-0.013374	0.629314	-0.013803	-0.038198	-0.009933
1782835126.422018	-0.387051	0.057377	1.300166	0.011304	-0.011682	0.629350	-0.023912	-0.030741	-0.018412
1782835126.434011	-0.387041	0.057220	1.299879	0.010183	-0.013402	0.631529	-0.023912	-0.030741	-0.018412
1782835126.443380	-0.387188	0.056881	1.300052	0.011382	-0.012596	0.633056	-0.023912	-0.030741	-0.018412
1782835126.453422	-0.387188	0.056881	1.300052	0.011382	-0.012596	0.633056	-0.011996	-0.039081	0.001094
1782835126.462565	-0.387100	0.056567	1.299874	0.012748	-0.013454	0.634791	-0.025151	-0.034936	-0.005859
1782835126.471817	-0.387183	0.056208	1.300020	0.011723	-0.014448	0.637942	-0.025151	-0.034936	-0.005859
1782835126.481949	-0.387259	0.056042	1.300105	0.012015	-0.014494	0.638916	-0.025151	-0.034936	-0.005859
1782835126.491789	-0.387219	0.055790	1.300183	0.011812	-0.014127	0.639345	-0.019935	-0.030098	-0.005468
1782835126.504049	-0.387250	0.055424	1.300002	0.010904	-0.014829	0.642042	-0.020349	-0.035932	-0.001272
1782835126.511274	-0.387279	0.055210	1.300105	0.012996	-0.016552	0.643271	-0.020349	-0.035932	-0.001272
1782835126.521583	-0.387435	0.054993	1.300431	0.016709	-0.015666	0.645014	-0.020983	-0.029364	-0.001501
1782835126.531983	-0.387431	0.054606	1.300366	0.013161	-0.013665	0.648297	-0.020983	-0.029364	-0.001501
1782835126.543120	-0.387431	0.054606	1.300366	0.013161	-0.013665	0.648297	-0.012891	-0.034727	-0.007870
1782835126.551816	-0.387456	0.054430	1.300389	0.013278	-0.013817	0.649681	-0.012891	-0.034727	-0.007870
1782835126.564132	-0.387524	0.054039	1.300449	0.012377	-0.012333	0.649820	-0.024785	-0.028664	-0.009788
1782835126.572345	-0.387656	0.053797	1.300570	0.009404	-0.013810	0.651609	-0.024785	-0.028664	-0.009788
1782835126.586552	-0.387835	0.053509	1.300618	0.009227	-0.012892	0.653978	-0.020101	-0.033335	-0.003453
1782835126.592123	-0.387958	0.053306	1.300713	0.007574	-0.012707	0.655274	-0.020101	-0.033335	-0.003453
1782835126.605747	-0.387959	0.053043	1.300704	0.007713	-0.012334	0.656058	-0.020101	-0.033335	-0.003453
1782835126.612839	-0.387998	0.052751	1.300774	0.009798	-0.012939	0.657425	-0.012859	-0.031924	-0.015165
1782835126.622790	-0.388239	0.052467	1.300742	0.008144	-0.010869	0.659724	-0.024352	-0.026769	-0.025037
1782835126.631235	-0.388433	0.052309	1.300673	0.009469	-0.011367	0.659668	-0.024352	-0.026769	-0.025037
1782835126.641728	-0.388395	0.052104	1.300768	0.010728	-0.011757	0.660391	-0.020206	-0.027798	-0.008766
1782835126.651100	-0.388395	0.052104	1.300768	0.010728	-0.011757	0.660391	-0.020206	-0.027798	-0.008766
1782835126.661687	-0.388364	0.051825	1.300587	0.008338	-0.011390	0.662413	-0.020206	-0.027798	-0.008766
1782835126.671159	-0.388428	0.051542	1.300518	0.008292	-0.011710	0.664313	-0.018887	-0.033121	-0.013109
1782835126.681070	-0.388452	0.051233	1.300388	0.006769	-0.010372	0.666450	-0.018887	-0.033121	-0.013109
1782835126.691160	-0.388622	0.051042	1.300246	0.007222	-0.010956	0.667604	-0.021277	-0.021610	-0.024692
1782835126.701073	-0.388822	0.050988	1.300315	0.008426	-0.010594	0.668041	-0.021277	-0.021610	-0.024692
1782835126.711431	-0.388844	0.050817	1.300304	0.010462	-0.010104	0.667580	-0.024684	-0.018252	-0.002467
1782835126.723190	-0.388952	0.050581	1.300193	0.009903	-0.010697	0.670968	-0.029874	-0.022814	-0.012733
1782835126.731154	-0.389093	0.050404	1.300088	0.009585	-0.010191	0.672153	-0.029874	-0.022814	-0.012733
1782835126.741254	-0.389093	0.050404	1.300088	0.009585	-0.010191	0.672153	-0.029874	-0.022814	-0.012733
1782835126.751247	-0.389194	0.050135	1.300061	0.012042	-0.011361	0.673466	-0.031001	-0.017800	-0.000691
1782835126.762635	-0.389353	0.049909	1.299947	0.009659	-0.010155	0.675484	-0.031001	-0.017800	-0.000691
1782835126.771483	-0.389543	0.049782	1.299757	0.007471	-0.010226	0.676991	-0.016724	-0.021150	-0.000484
1782835126.781244	-0.389728	0.049688	1.299829	0.004846	-0.009449	0.677209	-0.016724	-0.021150	-0.000484
1782835126.791160	-0.389647	0.049465	1.299740	0.006938	-0.008669	0.678651	-0.030232	-0.016272	-0.008185
1782835126.801204	-0.389745	0.049258	1.299636	0.006411	-0.007338	0.680426	-0.030232	-0.016272	-0.008185
1782835126.813293	-0.389895	0.049254	1.299790	0.008633	-0.006640	0.680390	-0.021598	-0.019592	0.006740
1782835126.822662	-0.389946	0.049010	1.299705	0.007988	-0.007016	0.682420	-0.015051	-0.021593	0.001232
1782835126.831071	-0.389990	0.048765	1.299620	0.008021	-0.007687	0.685037	-0.015051	-0.021593	0.001232
1782835126.841040	-0.389990	0.048765	1.299620	0.008021	-0.007687	0.685037	-0.015051	-0.021593	0.001232
1782835126.852745	-0.390172	0.048617	1.299636	0.008508	-0.009532	0.685283	-0.028595	-0.011345	-0.015115
1782835126.861194	-0.390298	0.048460	1.299553	0.010255	-0.009560	0.685971	-0.021746	-0.016214	0.000470
1782835126.872167	-0.390396	0.048295	1.299597	0.008948	-0.008767	0.688203	-0.021746	-0.016214	0.000470
1782835126.882273	-0.390565	0.048131	1.299426	0.009874	-0.008357	0.688305	-0.028631	-0.011262	-0.030622
1782835126.891063	-0.390697	0.048061	1.299495	0.011181	-0.007406	0.688045	-0.028631	-0.011262	-0.030622
1782835126.901048	-0.390727	0.048006	1.299403	0.010093	-0.005935	0.688841	-0.028631	-0.011262	-0.030622
1782835126.912128	-0.390895	0.047960	1.299170	0.008909	-0.006392	0.689892	-0.026441	-0.007482	-0.029567
1782835126.924493	-0.390949	0.047882	1.299017	0.008219	-0.007381	0.691105	-0.026441	-0.007482	-0.029567
1782835126.932595	-0.391062	0.047716	1.298834	0.009495	-0.007613	0.693023	-0.019041	-0.012264	-0.013007
1782835126.941233	-0.391062	0.047716	1.298834	0.009495	-0.007613	0.693023	-0.019041	-0.012264	-0.013007
1782835126.952895	-0.391186	0.047558	1.298757	0.008589	-0.007451	0.694565	-0.022112	-0.012933	-0.009798
1782835126.961876	-0.391407	0.047710	1.298624	0.010818	-0.008575	0.695436	-0.022112	-0.012933	-0.009798
1782835126.971430	-0.391451	0.047575	1.298558	0.009877	-0.007555	0.696028	-0.025334	-0.007362	-0.004567
1782835126.982143	-0.391490	0.047597	1.298470	0.009533	-0.007207	0.696893	-0.025334	-0.007362	-0.004567
1782835126.991828	-0.391659	0.047569	1.298467	0.008051	-0.007289	0.697086	-0.021264	-0.008731	-0.002176
1782835127.001192	-0.391752	0.047630	1.298375	0.008159	-0.004736	0.698556	-0.021264	-0.008731	-0.002176
1782835127.011170	-0.391792	0.047554	1.298411	0.009225	-0.005642	0.699757	-0.026571	-0.007490	-0.002414
1782835127.021660	-0.391960	0.047405	1.298210	0.004608	-0.005828	0.701642	-0.010739	-0.004811	0.006603
1782835127.032301	-0.392068	0.047440	1.298236	0.006991	-0.005607	0.701885	-0.010739	-0.004811	0.006603
1782835127.041153	-0.392068	0.047440	1.298236	0.006991	-0.005607	0.701885	-0.010739	-0.004811	0.006603
1782835127.051999	-0.392098	0.047404	1.298223	0.007593	-0.005575	0.702250	-0.010912	-0.003547	-0.011581
1782835127.061092	-0.392130	0.047320	1.298105	0.006268	-0.006077	0.705657	-0.019924	0.000237	-0.010423
1782835127.071126	-0.392247	0.047448	1.298136	0.007522	-0.006360	0.705737	-0.019924	0.000237	-0.010423
1782835127.081998	-0.392346	0.047526	1.298248	0.007451	-0.005621	0.705353	-0.019924	0.000237	-0.010423
1782835127.091094	-0.392330	0.047557	1.298108	0.009183	-0.006768	0.707050	0.000553	-0.006961	-0.005014
1782835127.101089	-0.392488	0.047675	1.298223	0.010220	-0.007989	0.708105	0.000553	-0.006961	-0.005014
1782835127.111980	-0.392661	0.047700	1.298117	0.009893	-0.008129	0.707375	-0.004043	-0.000435	-0.025958
1782835127.122039	-0.392718	0.047861	1.298048	0.010457	-0.007642	0.710097	-0.004043	-0.000435	-0.025958
1782835127.133785	-0.392838	0.047942	1.298020	0.009927	-0.007713	0.711188	-0.006312	0.002301	-0.021398
1782835127.141576	-0.392993	0.048065	1.297980	0.011540	-0.007812	0.712088	-0.006312	0.002301	-0.021398
1782835127.152589	-0.392993	0.048065	1.297980	0.011540	-0.007812	0.712088	0.007550	-0.005059	-0.006643
1782835127.161989	-0.392949	0.048144	1.298022	0.012263	-0.009204	0.712457	0.007550	-0.005059	-0.006643
1782835127.171296	-0.393000	0.048217	1.298005	0.013265	-0.008317	0.712638	-0.003739	0.000991	-0.021145
1782835127.181720	-0.393139	0.048255	1.298106	0.010288	-0.008050	0.713384	-0.003739	0.000991	-0.021145
1782835127.192168	-0.393205	0.048442	1.297982	0.012152	-0.008651	0.714404	-0.000438	0.002278	-0.015145
1782835127.201070	-0.393228	0.048505	1.298072	0.011036	-0.009474	0.715745	-0.000438	0.002278	-0.015145
1782835127.212543	-0.393374	0.048525	1.297996	0.009969	-0.008916	0.716903	0.006103	-0.005557	-0.005034
1782835127.222683	-0.393531	0.048648	1.298218	0.010085	-0.010428	0.717942	0.006103	-0.005557	-0.005034
1782835127.232414	-0.393485	0.048689	1.298242	0.012513	-0.009682	0.717553	-0.005390	0.003303	0.001092
1782835127.241431	-0.393560	0.048912	1.298351	0.012017	-0.010242	0.718914	-0.005390	0.003303	0.001092
1782835127.253255	-0.393560	0.048912	1.298351	0.012017	-0.010242	0.718914	0.002374	0.000453	0.016574
1782835127.262733	-0.393683	0.049047	1.298472	0.011788	-0.010849	0.720400	0.002374	0.000453	0.016574
1782835127.271680	-0.393871	0.049380	1.298807	0.017112	-0.011324	0.719656	-0.005258	-0.001648	0.020347
1782835127.281439	-0.393870	0.049456	1.299029	0.013732	-0.010382	0.722340	-0.005258	-0.001648	0.020347
1782835127.294230	-0.393889	0.049550	1.299134	0.010957	-0.010967	0.724688	-0.003792	0.005370	0.026619
1782835127.301364	-0.394148	0.049764	1.299388	0.011392	-0.009975	0.724917	-0.003792	0.005370	0.026619
1782835127.312632	-0.394184	0.049825	1.299643	0.011573	-0.007417	0.725874	0.003843	0.001172	0.016993
1782835127.321850	-0.394264	0.049999	1.299692	0.011787	-0.009032	0.728371	-0.007640	0.004996	0.011588
1782835127.331314	-0.394439	0.050184	1.300105	0.012061	-0.008154	0.728023	-0.007640	0.004996	0.011588
1782835127.341831	-0.394404	0.050320	1.300289	0.014498	-0.008330	0.728938	-0.007640	0.004996	0.011588
1782835127.351329	-0.394404	0.050320	1.300289	0.014498	-0.008330	0.728938	0.002951	0.001795	0.013007
1782835127.361243	-0.394379	0.050508	1.300402	0.013083	-0.008435	0.730871	0.002951	0.001795	0.013007
1782835127.371249	-0.394380	0.050701	1.300544	0.013997	-0.006971	0.731013	0.011361	0.000776	0.001618
1782835127.381097	-0.394358	0.050852	1.300571	0.014965	-0.007270	0.730964	0.011361	0.000776	0.001618
1782835127.392486	-0.394426	0.050962	1.300493	0.013022	-0.008600	0.733391	-0.002495	0.007003	-0.014533
1782835127.401358	-0.394494	0.051087	1.300596	0.015907	-0.008385	0.733040	-0.002495	0.007003	-0.014533
1782835127.411372	-0.394470	0.051130	1.300583	0.015451	-0.007927	0.733609	-0.000744	0.002955	-0.004871
1782835127.421443	-0.394403	0.051390	1.300506	0.015014	-0.008694	0.735056	0.012961	-0.003986	0.003986
1782835127.431144	-0.394549	0.051675	1.300374	0.017565	-0.008942	0.735089	0.012961	-0.003986	0.003986
1782835127.442514	-0.394618	0.051886	1.300154	0.018117	-0.008824	0.735511	0.012961	-0.003986	0.003986
1782835127.451380	-0.394618	0.051886	1.300154	0.018117	-0.008824	0.735511	0.003670	0.000109	-0.020177
1782835127.463754	-0.394585	0.052062	1.299959	0.013309	-0.008311	0.737857	0.003670	0.000109	-0.020177
1782835127.473366	-0.394715	0.052174	1.299744	0.013998	-0.009134	0.738264	0.000580	0.005750	-0.018418
1782835127.482858	-0.394634	0.052312	1.299472	0.013701	-0.011796	0.740092	0.000580	0.005750	-0.018418
1782835127.491879	-0.394484	0.052604	1.299111	0.015326	-0.010454	0.742230	0.011443	-0.005988	-0.004534
1782835127.502308	-0.394585	0.052751	1.298959	0.017140	-0.010282	0.742300	0.003487	0.002052	-0.011665
1782835127.514805	-0.394624	0.052872	1.298771	0.016960	-0.010581	0.742603	0.003487	0.002052	-0.011665
1782835127.526408	-0.394484	0.053103	1.298604	0.016362	-0.008489	0.742574	0.010693	-0.001137	-0.015522
1782835127.532802	-0.394484	0.053103	1.298604	0.016362	-0.008489	0.742574	0.010693	-0.001137	-0.015522
1782835127.544620	-0.394651	0.053392	1.297967	0.013998	-0.008839	0.745120	0.010693	-0.001137	-0.015522
1782835127.551486	-0.394651	0.053392	1.297967	0.013998	-0.008839	0.745120	0.015808	-0.006133	-0.008358
1782835127.568870	-0.394422	0.053602	1.297661	0.015067	-0.009209	0.748524	0.015808	-0.006133	-0.008358
1782835127.572625	-0.394422	0.053602	1.297661	0.015067	-0.009209	0.748524	0.004580	0.001221	-0.008242
1782835127.582679	-0.394436	0.053781	1.297555	0.016226	-0.009735	0.749772	0.021339	-0.004085	-0.002403
1782835127.592743	-0.394436	0.053781	1.297555	0.016226	-0.009735	0.749772	0.021339	-0.004085	-0.002403
1782835127.602493	-0.394202	0.054195	1.297464	0.014239	-0.008680	0.751306	0.013285	-0.001986	-0.011865
1782835127.611610	-0.394231	0.054401	1.297349	0.013503	-0.010188	0.752485	0.013285	-0.001986	-0.011865
1782835127.621895	-0.394061	0.054750	1.297256	0.015336	-0.008868	0.752533	0.013285	-0.001986	-0.011865
1782835127.632864	-0.394011	0.054777	1.297189	0.013239	-0.008396	0.752843	0.015467	-0.005115	0.001684
1782835127.646705	-0.394040	0.055038	1.296988	0.015031	-0.011981	0.753502	0.025646	-0.008099	0.007939
1782835127.652430	-0.394040	0.055038	1.296988	0.015031	-0.011981	0.753502	0.025646	-0.008099	0.007939
1782835127.662664	-0.393952	0.055298	1.296932	0.014499	-0.010869	0.753395	0.025646	-0.008099	0.007939
1782835127.677222	-0.393797	0.055388	1.297034	0.013912	-0.010270	0.754334	0.010951	-0.000021	-0.007197
1782835127.683209	-0.393649	0.055612	1.296987	0.013805	-0.010202	0.755483	0.010951	-0.000021	-0.007197
1782835127.691954	-0.393503	0.055783	1.297002	0.014704	-0.010547	0.756137	0.022396	-0.007521	0.018620
1782835127.701713	-0.393462	0.055910	1.297067	0.015011	-0.010098	0.756168	0.021614	-0.010679	0.016543
1782835127.712232	-0.393255	0.056019	1.296919	0.013640	-0.012564	0.758446	0.021614	-0.010679	0.016543
1782835127.721450	-0.393217	0.056234	1.296970	0.014423	-0.012968	0.758854	0.021614	-0.010679	0.016543
1782835127.731174	-0.393164	0.056280	1.297064	0.013707	-0.012751	0.759399	0.010264	-0.004231	0.012020
1782835127.741145	-0.393164	0.056280	1.297064	0.013707	-0.012751	0.759399	0.010264	-0.004231	0.012020
1782835127.751106	-0.392900	0.056399	1.297013	0.013753	-0.013069	0.762382	0.021817	-0.011494	0.023679
1782835127.762001	-0.392749	0.056602	1.297050	0.011705	-0.012746	0.763632	0.021817	-0.011494	0.023679
1782835127.772202	-0.392656	0.056678	1.297114	0.012775	-0.013322	0.763288	0.016691	-0.013893	0.020969
1782835127.781531	-0.392371	0.056906	1.297070	0.013415	-0.012838	0.764476	0.016691	-0.013893	0.020969
1782835127.793171	-0.392281	0.057141	1.297118	0.014336	-0.012269	0.762949	0.011477	-0.006112	0.008487
1782835127.802020	-0.392173	0.057293	1.296897	0.013133	-0.014456	0.762976	0.018734	-0.011220	0.001916
1782835127.811060	-0.392033	0.057424	1.296707	0.016719	-0.014893	0.765462	0.018734	-0.011220	0.001916
1782835127.822518	-0.391824	0.057514	1.296585	0.014969	-0.015644	0.766627	0.018734	-0.011220	0.001916
1782835127.831181	-0.391756	0.057523	1.296339	0.016730	-0.016709	0.767853	0.019795	-0.016052	-0.003494
1782835127.841154	-0.391756	0.057523	1.296339	0.016730	-0.016709	0.767853	0.019795	-0.016052	-0.003494
1782835127.851651	-0.391477	0.057708	1.296107	0.018367	-0.014202	0.766838	0.013799	-0.008377	-0.011969
1782835127.862098	-0.391321	0.057889	1.295894	0.017796	-0.014589	0.767089	0.013799	-0.008377	-0.011969
1782835127.871588	-0.391155	0.058013	1.295619	0.019588	-0.014741	0.766803	0.019720	-0.012227	-0.014648
1782835127.881111	-0.390909	0.058292	1.295279	0.015503	-0.013517	0.769222	0.019720	-0.012227	-0.014648
1782835127.891685	-0.390730	0.058278	1.294924	0.012960	-0.012493	0.770857	0.021115	-0.015267	-0.012563
1782835127.901103	-0.390458	0.058395	1.294474	0.014233	-0.014832	0.771106	0.021115	-0.015267	-0.012563
1782835127.913073	-0.390159	0.058507	1.294400	0.016253	-0.013827	0.771108	0.011018	-0.011153	-0.009664
1782835127.923129	-0.390052	0.058652	1.294168	0.015931	-0.013690	0.771004	0.011018	-0.011153	-0.009664
1782835127.934013	-0.389879	0.058722	1.294084	0.015129	-0.013780	0.771835	0.024477	-0.014887	-0.008479
1782835127.941247	-0.389773	0.058845	1.294157	0.015369	-0.012731	0.772006	0.019733	-0.013453	-0.005378
1782835127.951190	-0.389773	0.058845	1.294157	0.015369	-0.012731	0.772006	0.019733	-0.013453	-0.005378
1782835127.968825	-0.389625	0.058886	1.293911	0.014789	-0.013990	0.770988	0.021498	-0.009012	-0.000502
1782835127.980278	-0.389401	0.059123	1.293764	0.012700	-0.013206	0.772738	0.021498	-0.009012	-0.000502
1782835127.984265	-0.389401	0.059123	1.293764	0.012700	-0.013206	0.772738	0.021498	-0.009012	-0.000502
1782835127.994997	-0.389193	0.059395	1.293896	0.014271	-0.014312	0.772854	0.032834	-0.012994	-0.001750
1782835128.001472	-0.388842	0.059433	1.293969	0.014022	-0.013412	0.774234	0.032834	-0.012994	-0.001750
1782835128.011951	-0.388645	0.059472	1.294056	0.014238	-0.013733	0.773544	0.024805	-0.011422	0.006660
1782835128.021381	-0.388585	0.059782	1.294387	0.014337	-0.012269	0.773885	0.024805	-0.011422	0.006660
1782835128.036045	-0.388287	0.059944	1.294694	0.013139	-0.012698	0.774020	0.028611	-0.012108	0.015749
1782835128.041830	-0.388287	0.059944	1.294694	0.013139	-0.012698	0.774020	0.028611	-0.012108	0.015749
1782835128.051869	-0.388092	0.059903	1.294823	0.013957	-0.012581	0.775148	0.030559	-0.012895	0.022539
1782835128.061742	-0.387941	0.059943	1.294857	0.010482	-0.013480	0.777373	0.030559	-0.012895	0.022539
1782835128.072008	-0.387941	0.060210	1.295206	0.009641	-0.013452	0.777527	0.014847	-0.010205	0.032951
1782835128.082778	-0.387679	0.060302	1.295663	0.014830	-0.017187	0.776526	0.019067	-0.011899	0.035214
1782835128.091432	-0.387410	0.060363	1.295887	0.013905	-0.015786	0.777291	0.019067	-0.011899	0.035214
1782835128.103053	-0.387221	0.060622	1.296267	0.011302	-0.015038	0.777616	0.022258	-0.012140	0.039983
1782835128.112632	-0.387173	0.060639	1.296629	0.011177	-0.012876	0.776757	0.022258	-0.012140	0.039983
1782835128.122005	-0.387014	0.060721	1.296865	0.012063	-0.013795	0.777970	0.008127	-0.005722	0.044098
1782835128.131607	-0.386738	0.060869	1.297169	0.010732	-0.014042	0.779247	0.008127	-0.005722	0.044098
1782835128.141865	-0.386738	0.060869	1.297169	0.010732	-0.014042	0.779247	0.016516	-0.007706	0.045820
1782835128.151702	-0.386697	0.060924	1.297480	0.011701	-0.014532	0.780269	0.016516	-0.007706	0.045820
1782835128.161469	-0.386471	0.061049	1.297901	0.015090	-0.016602	0.779492	0.016516	-0.007706	0.045820
1782835128.171166	-0.386244	0.061138	1.298372	0.015716	-0.015930	0.779559	0.021892	-0.010477	0.045243
1782835128.181120	-0.386089	0.061307	1.298614	0.015230	-0.015605	0.779714	0.021892	-0.010477	0.045243
1782835128.191372	-0.385764	0.061340	1.298914	0.013628	-0.013877	0.779320	0.007511	-0.005924	0.035809
1782835128.202091	-0.385617	0.061445	1.299064	0.014006	-0.013151	0.779814	0.007511	-0.005924	0.035809
1782835128.213194	-0.385598	0.061568	1.299128	0.012000	-0.013943	0.780472	0.009407	0.001046	0.026992
1782835128.223272	-0.385479	0.061618	1.299437	0.012301	-0.013061	0.780059	0.009407	0.001046	0.026992
1782835128.231316	-0.385245	0.061774	1.299623	0.013248	-0.013355	0.781026	0.022871	-0.007989	0.013599
1782835128.241196	-0.384972	0.062005	1.299668	0.015796	-0.013652	0.781193	0.022871	-0.007989	0.013599
1782835128.252580	-0.384972	0.062005	1.299668	0.015796	-0.013652	0.781193	0.019208	-0.009794	0.012770
1782835128.262584	-0.384940	0.061989	1.299576	0.015936	-0.013790	0.780873	0.019208	-0.009794	0.012770
1782835128.271370	-0.384653	0.062139	1.299414	0.019270	-0.013584	0.782427	0.014984	-0.005381	-0.009707
1782835128.281146	-0.384565	0.062209	1.299322	0.017168	-0.012424	0.783124	0.014984	-0.005381	-0.009707
1782835128.291954	-0.384528	0.062257	1.299253	0.017742	-0.013494	0.782278	0.003832	-0.009556	0.007121
1782835128.301339	-0.384184	0.062629	1.299174	0.017388	-0.012441	0.781872	0.029994	-0.014108	-0.016593
1782835128.311398	-0.384037	0.062685	1.298782	0.014516	-0.012923	0.781895	0.029994	-0.014108	-0.016593
1782835128.321882	-0.383867	0.062822	1.298488	0.013370	-0.012490	0.783200	0.021465	-0.014878	-0.023611
1782835128.331161	-0.383867	0.062822	1.298488	0.013370	-0.012490	0.783200	0.021465	-0.014878	-0.023611
1782835128.341197	-0.383631	0.062796	1.298326	0.011860	-0.012273	0.783188	0.021465	-0.014878	-0.023611
1782835128.351979	-0.383435	0.062772	1.297947	0.012097	-0.012837	0.783890	0.015812	-0.009385	-0.025615
1782835128.364322	-0.383349	0.062985	1.297882	0.011494	-0.012466	0.784292	0.015812	-0.009385	-0.025615
1782835128.371196	-0.383310	0.063159	1.297864	0.012555	-0.011900	0.782923	0.024587	-0.013684	-0.008021
1782835128.381134	-0.383055	0.063169	1.297560	0.013368	-0.012720	0.783949	0.024587	-0.013684	-0.008021
1782835128.391268	-0.382934	0.063278	1.297213	0.011780	-0.015812	0.786245	0.018167	-0.017024	-0.001399
1782835128.401190	-0.382686	0.063253	1.297178	0.014168	-0.016110	0.785821	0.010187	-0.011901	0.002755
1782835128.411583	-0.382530	0.063392	1.297181	0.014148	-0.015496	0.786282	0.010187	-0.011901	0.002755
1782835128.421412	-0.382354	0.063424	1.297195	0.014082	-0.015785	0.786514	0.019603	-0.014792	0.015274
1782835128.431053	-0.382354	0.063424	1.297195	0.014082	-0.015785	0.786514	0.019603	-0.014792	0.015274
1782835128.441199	-0.382137	0.063672	1.297148	0.013511	-0.015403	0.785951	0.019603	-0.014792	0.015274
1782835128.451294	-0.382137	0.063672	1.297148	0.013511	-0.015403	0.785951	0.025153	-0.016532	0.013471
1782835128.462286	-0.381879	0.063781	1.297122	0.014345	-0.015015	0.786466	0.025153	-0.016532	0.013471
1782835128.471169	-0.381676	0.063818	1.297195	0.014580	-0.014669	0.786560	0.014443	-0.015718	0.011571
1782835128.481091	-0.381605	0.063878	1.297113	0.014092	-0.016357	0.787585	0.014443	-0.015718	0.011571
1782835128.491350	-0.381354	0.063856	1.297124	0.015257	-0.014759	0.787996	0.012007	-0.010416	0.010895
1782835128.502654	-0.381105	0.063895	1.297222	0.015714	-0.014378	0.788810	0.012007	-0.010416	0.010895
1782835128.512893	-0.380908	0.064118	1.297267	0.014001	-0.014454	0.789929	0.020106	-0.015724	0.011265
1782835128.521826	-0.380780	0.064154	1.297383	0.014843	-0.012869	0.788402	0.014363	-0.017271	0.008926
1782835128.533215	-0.380485	0.064128	1.297392	0.015565	-0.012467	0.788941	0.014363	-0.017271	0.008926
1782835128.542070	-0.380485	0.064128	1.297392	0.015565	-0.012467	0.788941	0.027411	-0.014971	0.014414
1782835128.551253	-0.380274	0.064336	1.297195	0.013737	-0.013721	0.791441	0.027411	-0.014971	0.014414
1782835128.561626	-0.380165	0.064344	1.297305	0.013489	-0.012954	0.791418	0.027411	-0.014971	0.014414
1782835128.571218	-0.379977	0.064367	1.297338	0.014785	-0.013641	0.791731	0.028959	-0.016960	0.000520
1782835128.582082	-0.379717	0.064380	1.297269	0.011830	-0.011581	0.792740	0.028959	-0.016960	0.000520
1782835128.615534	-0.379241	0.064680	1.297481	0.012050	-0.011223	0.793893	0.019540	-0.014213	0.005221
1782835128.619862	-0.379241	0.064680	1.297481	0.012050	-0.011223	0.793893	0.019540	-0.014213	0.005221
1782835128.627122	-0.379103	0.064649	1.297455	0.014817	-0.011790	0.793990	0.014144	-0.014496	0.018044
1782835128.632431	-0.379103	0.064649	1.297455	0.014817	-0.011790	0.793990	0.014144	-0.014496	0.018044
1782835128.636068	-0.379103	0.064649	1.297455	0.014817	-0.011790	0.793990	0.014144	-0.014496	0.018044
1782835128.642045	-0.379090	0.064706	1.297597	0.012201	-0.012614	0.794225	0.014144	-0.014496	0.018044
1782835128.652285	-0.378886	0.064665	1.297611	0.014012	-0.013923	0.794737	0.014144	-0.014496	0.018044
1782835128.663752	-0.378437	0.064801	1.297815	0.016138	-0.014385	0.793665	0.023968	-0.014135	-0.005802
1782835128.671353	-0.378294	0.064746	1.297858	0.015079	-0.014726	0.795071	0.027106	-0.018400	0.007678
1782835128.681567	-0.378126	0.065036	1.298037	0.017971	-0.014210	0.794779	0.027106	-0.018400	0.007678
1782835128.692030	-0.377915	0.065115	1.298194	0.017136	-0.014604	0.794887	0.033078	-0.018295	0.011200
1782835128.701612	-0.377779	0.065030	1.298062	0.014584	-0.015142	0.797070	0.033078	-0.018295	0.011200
1782835128.713358	-0.377779	0.065030	1.298062	0.014584	-0.015142	0.797070	0.019179	-0.014235	-0.004930
1782835128.721714	-0.377553	0.065112	1.298171	0.015766	-0.016179	0.797909	0.019179	-0.014235	-0.004930
1782835128.731397	-0.377438	0.065033	1.298193	0.014557	-0.016366	0.798809	0.016430	-0.017272	0.008526
1782835128.741336	-0.377438	0.065033	1.298193	0.014557	-0.016366	0.798809	0.026796	-0.023073	0.026235
1782835128.751437	-0.377227	0.065082	1.298321	0.014609	-0.016482	0.799409	0.026796	-0.023073	0.026235
1782835128.761424	-0.377166	0.065146	1.298422	0.015929	-0.016684	0.798058	0.012630	-0.011757	0.000874
1782835128.771462	-0.376967	0.065187	1.298386	0.015817	-0.017376	0.799310	0.012630	-0.011757	0.000874
1782835128.781822	-0.376851	0.065210	1.298329	0.015385	-0.017556	0.800003	0.012630	-0.011757	0.000874
1782835128.791770	-0.376658	0.065133	1.298410	0.015660	-0.018814	0.798993	0.006425	-0.013627	0.008867
1782835128.801117	-0.376366	0.065123	1.298236	0.015538	-0.019215	0.800334	0.006425	-0.013627	0.008867
1782835128.811188	-0.376289	0.065222	1.298357	0.017689	-0.018853	0.800758	0.018404	-0.022909	0.028664
1782835128.821458	-0.376150	0.065183	1.298450	0.018039	-0.019320	0.799658	0.006955	-0.018786	0.007894
1782835128.831082	-0.375959	0.065136	1.298378	0.018142	-0.019855	0.799432	0.006955	-0.018786	0.007894
1782835128.841528	-0.375959	0.065136	1.298378	0.018142	-0.019855	0.799432	0.006955	-0.018786	0.007894
1782835128.851165	-0.375863	0.065122	1.298366	0.018693	-0.020053	0.799222	0.000254	-0.011836	0.009770
1782835128.862163	-0.375911	0.065123	1.298311	0.017126	-0.020276	0.798569	0.000254	-0.011836	0.009770
1782835128.937712	-0.375489	0.064891	1.298277	0.017219	-0.020340	0.800495	0.011338	-0.012983	-0.021222
1782835129.005093	-0.374533	0.064520	1.297809	0.018361	-0.018883	0.800839	0.003473	-0.022091	0.010236
1782835129.071903	-0.370026	0.064844	1.295667	0.037500	0.063039	0.778524	0.042913	-0.024823	0.027995
1782835129.145019	-0.362314	0.066623	1.292574	0.063889	0.153802	0.739935	0.148994	-0.047756	-0.015726
1782835129.215179	-0.346738	0.070975	1.280060	0.078661	0.260381	0.674979	0.300178	-0.080944	-0.147475
1782835129.283406	-0.312138	0.081769	1.246814	0.081829	0.360281	0.576789	0.604873	-0.110626	-0.207308
1782835129.348380	-0.280811	0.092725	1.219787	0.071054	0.364198	0.521358	0.816291	-0.107863	-0.223664
1782835129.425758	-0.231635	0.109756	1.184471	0.064525	0.311993	0.469002	1.063127	-0.111765	-0.295581
1782835129.491270	-0.161783	0.133711	1.141625	0.055427	0.198051	0.423847	1.163546	-0.111319	-0.403459
1782835129.559655	-0.095612	0.155143	1.102064	0.053153	0.083676	0.393698	1.189965	-0.132263	-0.606262
1782835129.635841	-0.028495	0.175666	1.056828	0.050020	-0.019886	0.365138	1.088852	-0.123426	-0.772783
1782835129.714691	0.046720	0.196490	1.002171	0.040996	-0.106595	0.331443	0.940551	-0.119090	-0.786861
1782835129.807071	0.113271	0.212705	0.956906	0.032418	-0.140048	0.298858	0.765544	-0.093783	-0.605480
1782835129.891871	0.181888	0.226504	0.923663	0.028909	-0.108236	0.264531	0.645600	-0.060141	-0.248341
1782835129.971181	0.224348	0.233079	0.917183	0.041233	-0.055758	0.237300	0.592415	-0.043933	-0.055965
1782835130.039633	0.261817	0.236522	0.920914	0.057856	-0.007894	0.213806	0.577618	-0.060512	0.074008
1782835130.107442	0.292811	0.237012	0.928293	0.073533	0.017672	0.189285	0.574198	-0.067675	0.084824
1782835130.177449	0.329345	0.234711	0.938753	0.086220	0.028851	0.153786	0.571927	-0.088315	0.113805
1782835130.251603	0.360885	0.230172	0.947945	0.089014	0.022996	0.123308	0.581965	-0.116048	0.101431
1782835130.328765	0.392801	0.223093	0.953980	0.085477	0.005194	0.094317	0.588765	-0.159965	-0.009451
1782835130.396830	0.435305	0.209369	0.952799	0.069177	-0.021747	0.067533	0.566562	-0.202249	-0.103681
1782835130.465634	0.465732	0.195368	0.944893	0.049791	-0.040034	0.051629	0.530891	-0.268904	-0.160011
1782835130.572566	0.493020	0.179047	0.932588	0.028418	-0.052285	0.044371	0.451250	-0.303495	-0.222321
1782835130.702662	0.530596	0.149138	0.909381	-0.006969	-0.048531	0.040845	0.350399	-0.315362	-0.220628
1782835130.775618	0.560425	0.117617	0.886045	-0.042782	-0.026876	0.037328	0.244298	-0.272909	-0.164010
1782835130.862266	0.574589	0.101446	0.875455	-0.053966	-0.008032	0.029119	0.204975	-0.220516	-0.109200
1782835130.971229	0.588441	0.087571	0.869735	-0.044901	0.011137	0.015560	0.183851	-0.179805	-0.004711
1782835131.091913	0.602485	0.078076	0.873239	-0.020772	0.027122	-0.004393	0.148699	-0.114919	0.114227
1782835131.199162	0.618015	0.071412	0.887164	0.005767	0.034402	-0.025385	0.123921	-0.092244	0.147200
1782835131.272241	0.631786	0.065805	0.898977	0.019138	0.034565	-0.042686	0.102220	-0.106973	0.105282
1782835131.340532	0.639540	0.061706	0.901548	0.025007	0.033294	-0.048590	0.102885	-0.119020	0.028122
1782835131.412920	0.647125	0.056618	0.899646	0.019945	0.034045	-0.051383	0.069620	-0.130698	-0.072709
1782835131.488707	0.655193	0.049427	0.890957	0.009694	0.028183	-0.057163	0.055820	-0.149862	-0.099524
1782835131.568454	0.662200	0.042218	0.877934	-0.002460	0.023973	-0.061731	0.031137	-0.141207	-0.141756
1782835131.637697	0.668681	0.035001	0.864846	-0.018709	0.026587	-0.066281	0.017782	-0.122692	-0.104023
1782835131.712036	0.673759	0.030157	0.856807	-0.022253	0.031301	-0.069957	0.017885	-0.106783	-0.066694
1782835131.780687	0.679912	0.025766	0.853377	-0.021326	0.039890	-0.071212	0.002110	-0.070795	0.046564
1782835131.853443	0.685287	0.023292	0.856545	-0.023903	0.042386	-0.071832	0.014548	-0.055245	0.104452
1782835131.933235	0.691214	0.022265	0.864324	-0.014421	0.042121	-0.075220	-0.007204	-0.025719	0.147728
1782835132.026982	0.698681	0.021841	0.877512	-0.003564	0.040090	-0.073430	-0.017925	-0.013796	0.155179
1782835132.122169	0.705109	0.021633	0.888362	0.009659	0.038238	-0.074126	-0.024849	-0.013641	0.090186
1782835132.199281	0.711882	0.019824	0.893983	0.022558	0.038186	-0.070528	-0.047130	-0.030599	0.021962
1782835132.274672	0.714917	0.017649	0.892022	0.019885	0.040738	-0.068962	-0.031390	-0.049599	-0.053359
1782835132.350238	0.717048	0.015193	0.886835	0.015443	0.038871	-0.070586	-0.042876	-0.063972	-0.073257
1782835132.426778	0.718623	0.011126	0.878096	0.006732	0.035084	-0.070202	-0.060527	-0.065399	-0.090798
1782835132.501896	0.719128	0.006253	0.869360	-0.000579	0.028131	-0.069294	-0.073394	-0.058244	-0.084641
1782835132.573350	0.718762	0.002582	0.865032	-0.008824	0.031078	-0.069784	-0.084201	-0.050205	-0.017389
1782835132.649398	0.717757	-0.000715	0.864589	-0.011134	0.033753	-0.068885	-0.102451	-0.042494	0.042111
1782835132.723385	0.715754	-0.004189	0.868333	-0.008975	0.039042	-0.065825	-0.095694	-0.033375	0.097765
1782835132.797136	0.713873	-0.007090	0.875215	-0.007944	0.046288	-0.065156	-0.103763	-0.028234	0.121970
1782835132.870681	0.711675	-0.009587	0.881587	-0.007255	0.054749	-0.064293	-0.095033	-0.023629	0.103919
1782835132.942981	0.710547	-0.011425	0.885229	-0.007131	0.058530	-0.064700	-0.082112	-0.014940	0.027325
1782835133.019062	0.709639	-0.013202	0.885822	-0.007575	0.058893	-0.066468	-0.085403	-0.003166	-0.016873
1782835133.111890	0.708901	-0.015137	0.883136	-0.006904	0.054529	-0.066460	-0.073945	0.001371	-0.029039
1782835133.213611	0.708622	-0.016486	0.878417	-0.005838	0.051109	-0.069990	-0.065091	0.014454	-0.029890
1782835133.291463	0.709036	-0.017356	0.873251	0.000438	0.045359	-0.075688	-0.036105	0.007682	-0.039229
1782835133.369348	0.709431	-0.018007	0.872004	0.008662	0.044158	-0.077004	-0.045111	0.011784	-0.003888
1782835133.441295	0.709925	-0.018715	0.873551	0.006733	0.042562	-0.074327	-0.029267	0.004769	0.047513
1782835133.524677	0.710511	-0.019681	0.877314	0.004843	0.040989	-0.075040	-0.034164	0.002046	0.078902
1782835133.599256	0.710486	-0.021213	0.883563	0.002859	0.037698	-0.075801	-0.051405	-0.001768	0.073214
1782835133.673830	0.710023	-0.023168	0.887140	0.000229	0.035856	-0.077497	-0.046773	-0.003527	0.041588
1782835133.763099	0.708496	-0.025044	0.887082	-0.002732	0.040368	-0.075558	-0.041417	-0.003067	-0.038458
1782835133.836030	0.707467	-0.025961	0.884559	-0.008560	0.043042	-0.076604	-0.038630	0.000267	-0.058825
1782835133.905279	0.705763	-0.026563	0.879012	-0.010713	0.044275	-0.075357	-0.032308	0.013845	-0.052147
1782835133.982732	0.704279	-0.026624	0.874366	-0.013836	0.043666	-0.075333	-0.028020	0.019242	-0.036978
1782835134.056561	0.703618	-0.026198	0.873251	-0.003662	0.040601	-0.076942	-0.020005	0.029909	0.005515
1782835134.183249	0.702641	-0.025059	0.874830	-0.004766	0.037169	-0.076580	-0.026237	0.040626	0.040378
1782835134.306897	0.701270	-0.022913	0.883398	0.004334	0.033166	-0.075507	-0.040124	0.042848	0.097929
1782835134.386565	0.698696	-0.020820	0.895483	0.004494	0.037659	-0.073359	-0.036951	0.036516	0.085753
1782835134.453273	0.696901	-0.019842	0.900960	0.008222	0.043186	-0.074697	-0.031869	0.026712	0.059549
1782835134.524446	0.695294	-0.019478	0.902839	0.010038	0.042888	-0.073476	-0.029127	0.015018	0.017206
1782835134.593098	0.693032	-0.019580	0.901855	0.006151	0.044477	-0.071245	-0.021634	0.008924	-0.041501
1782835134.661734	0.691267	-0.019423	0.897444	0.001272	0.047320	-0.072075	-0.031487	0.016750	-0.088623
1782835134.726669	0.689436	-0.019464	0.890854	-0.004749	0.046188	-0.072151	-0.022207	0.017809	-0.103091
1782835134.800726	0.688043	-0.019165	0.884132	-0.002632	0.046169	-0.072822	-0.014975	0.025323	-0.092478
1782835134.874000	0.687045	-0.018900	0.879022	-0.003560	0.043360	-0.070598	-0.009125	0.025532	-0.041803
1782835134.947154	0.686550	-0.018326	0.878229	0.002485	0.039266	-0.072510	-0.009563	0.029797	0.023119
1782835135.024102	0.686151	-0.017341	0.881841	0.005361	0.034860	-0.069708	0.008610	0.017844	0.094399
1782835135.093715	0.685868	-0.016951	0.889318	0.009269	0.032780	-0.068328	0.004070	0.017524	0.111732
1782835135.160624	0.685301	-0.016873	0.896138	0.012009	0.029001	-0.064861	-0.001075	0.010483	0.086882
1782835135.231686	0.684395	-0.017622	0.900709	0.009494	0.031670	-0.064049	-0.017114	-0.000031	0.045314
1782835135.316396	0.682907	-0.018356	0.901854	0.010727	0.033590	-0.062374	-0.022136	-0.003097	-0.040627
1782835135.456356	0.680125	-0.019826	0.894781	0.011021	0.037265	-0.062565	-0.010733	-0.021121	-0.095809
1782835135.534560	0.676680	-0.022731	0.877026	0.002603	0.045908	-0.060365	0.000822	-0.021280	-0.117840
1782835135.625039	0.675982	-0.023774	0.868416	-0.007211	0.049969	-0.063852	0.000719	-0.008262	-0.109511
1782835135.726385	0.676175	-0.025148	0.860943	-0.013548	0.047766	-0.067490	0.021456	0.003834	0.007698
1782835135.827880	0.678880	-0.024689	0.867454	-0.011011	0.042550	-0.068961	0.036022	0.024569	0.118647
1782835135.917459	0.682344	-0.023036	0.886174	-0.005009	0.038059	-0.067227	0.042586	0.030331	0.217155
1782835136.004325	0.685739	-0.020924	0.906657	0.002702	0.032375	-0.067071	0.026898	0.039049	0.211979
1782835136.123679	0.687897	-0.018709	0.923011	0.007038	0.031825	-0.066163	0.028384	0.033560	0.099942
1782835136.229481	0.689064	-0.016452	0.925998	0.010653	0.030283	-0.066699	-0.001722	0.022443	-0.075419
1782835136.332767	0.688116	-0.015269	0.907405	0.014791	0.030977	-0.072967	0.011203	0.007943	-0.279654
1782835136.458436	0.686393	-0.014719	0.869977	0.008625	0.037957	-0.079096	0.009682	-0.012318	-0.359872
1782835136.580553	0.684237	-0.014369	0.829262	0.003865	0.040769	-0.087784	0.025267	0.000387	-0.248500
1782835136.720750	0.685466	-0.013631	0.818722	-0.012157	0.043154	-0.093407	0.034070	0.020209	0.057285
1782835136.831667	0.691564	-0.010813	0.864396	-0.012137	0.032781	-0.096917	0.044820	0.045672	0.523132
1782835136.909154	0.695969	-0.007499	0.933840	-0.001278	0.021044	-0.101984	0.030002	0.056196	0.655576
1782835136.984451	0.696137	-0.005346	0.984369	0.010172	0.013233	-0.102162	0.000381	0.042107	0.546956
1782835137.057083	0.694603	-0.003683	1.014707	0.017154	0.015280	-0.103716	-0.034621	0.029283	0.294734
1782835137.162255	0.690616	-0.002236	1.027746	0.016655	0.027693	-0.099117	-0.062825	0.013975	-0.013398
1782835137.272715	0.682456	-0.000914	1.005117	0.011482	0.053693	-0.089258	-0.062979	-0.014934	-0.384360
1782835137.359257	0.674107	-0.000576	0.948062	0.003524	0.074836	-0.079288	-0.011153	-0.035966	-0.721878
1782835137.435676	0.667678	-0.000689	0.876731	-0.005580	0.082416	-0.072867	0.031442	-0.040470	-0.810079
1782835137.511961	0.664332	-0.000948	0.818767	-0.009665	0.065384	-0.065201	0.034159	-0.022152	-0.577089
1782835137.595410	0.663984	-0.001200	0.788931	-0.006653	0.032219	-0.056770	0.040825	-0.005525	-0.103435
1782835137.697504	0.666355	-0.000130	0.805457	-0.003152	-0.000388	-0.051576	0.035601	0.025675	0.455454
1782835137.764355	0.668275	0.001535	0.877527	0.007037	-0.013766	-0.041348	0.010704	0.039191	0.866853
1782835137.837567	0.667269	0.002671	0.928007	0.011291	-0.010724	-0.042354	-0.022791	0.036437	0.884067
1782835137.914624	0.662244	0.003084	0.993302	0.014170	-0.001077	-0.039751	-0.085945	0.026888	0.702110
1782835137.992038	0.653009	0.003489	1.043201	0.017283	0.022125	-0.037678	-0.136304	0.006455	0.378984
1782835138.069310	0.644924	0.003436	1.059516	0.016302	0.049045	-0.031717	-0.146017	-0.006611	0.102879
