时间(s)	位置x(m)	位置y(m)	位置z(m)	欧拉角roll(rad)	欧拉角pitch(rad)	欧拉角yaw(rad)	速度x(m/s)	速度y(m/s)	速度z(m/s)
1782835337.478611	-0.424730	0.006632	1.230201	0.009045	-0.006701	-0.002400	0.021829	0.000843	-0.011883
1782835337.482166	-0.424730	0.006632	1.230201	0.009045	-0.006701	-0.002400	0.021829	0.000843	-0.011883
1782835337.486204	-0.424484	0.006763	1.230078	0.010601	-0.007773	-0.001481	0.028974	-0.004866	-0.017878
1782835337.495834	-0.424407	0.006828	1.229898	0.013205	-0.007548	-0.003346	0.028974	-0.004866	-0.017878
1782835337.506133	-0.424331	0.006853	1.229609	0.015382	-0.007058	-0.003052	0.016092	0.004582	-0.028132
1782835337.515837	-0.424117	0.006937	1.229338	0.015798	-0.008584	0.002023	0.016092	0.004582	-0.028132
1782835337.525686	-0.424104	0.006974	1.229242	0.014708	-0.009309	0.003346	0.033038	-0.008215	0.011460
1782835337.537509	-0.424051	0.007054	1.229308	0.014938	-0.009813	0.005651	0.033038	-0.008215	0.011460
1782835337.545915	-0.424051	0.007054	1.229308	0.014938	-0.009813	0.005651	0.020842	0.002684	0.040031
1782835337.556271	-0.423872	0.007073	1.230363	0.012796	-0.007463	0.011209	0.020842	0.002684	0.040031
1782835337.566669	-0.423872	0.007073	1.230363	0.012796	-0.007463	0.011209	0.028679	0.001524	0.102514
1782835337.575770	-0.423798	0.007103	1.231404	0.018190	-0.009938	0.013248	0.028679	0.001524	0.102514
1782835337.585954	-0.423731	0.007202	1.232455	0.014375	-0.009133	0.015433	0.021862	-0.000950	0.159353
1782835337.595828	-0.423759	0.007109	1.234067	0.014027	-0.011317	0.018010	0.021862	-0.000950	0.159353
1782835337.605839	-0.423600	0.007119	1.235960	0.010383	-0.010527	0.020829	0.030724	-0.003760	0.190004
1782835337.617935	-0.423418	0.007133	1.238038	0.014893	-0.011851	0.023609	0.030724	-0.003760	0.190004
1782835337.626137	-0.423369	0.007202	1.240685	0.013416	-0.013588	0.025133	0.028567	0.003399	0.249455
1782835337.636334	-0.423335	0.007366	1.243253	0.011398	-0.013759	0.027471	0.028567	0.003399	0.249455
1782835337.646784	-0.423225	0.007481	1.246146	0.009478	-0.012482	0.029389	0.017377	0.009134	0.267191
1782835337.656354	-0.423250	0.007224	1.249081	0.010509	-0.014753	0.032302	0.031067	-0.000043	0.302107
1782835337.666322	-0.423250	0.007224	1.249081	0.010509	-0.014753	0.032302	0.031067	-0.000043	0.302107
1782835337.675896	-0.423060	0.007271	1.252153	0.010228	-0.012638	0.034166	0.031067	-0.000043	0.302107
1782835337.686931	-0.423158	0.007178	1.255421	0.011342	-0.012621	0.037155	0.013106	0.010864	0.279861
1782835337.697213	-0.423048	0.007304	1.258453	0.010710	-0.013156	0.039102	0.013106	0.010864	0.279861
1782835337.706527	-0.422812	0.007344	1.261500	0.012878	-0.013998	0.041058	0.012537	0.008336	0.271847
1782835337.717300	-0.422834	0.007391	1.264435	0.010819	-0.012230	0.041520	0.012537	0.008336	0.271847
1782835337.726552	-0.422896	0.007467	1.267264	0.011805	-0.015854	0.045706	0.025399	0.001127	0.251829
1782835337.735811	-0.422888	0.007311	1.269842	0.012070	-0.015435	0.047929	0.025399	0.001127	0.251829
1782835337.746551	-0.422739	0.007381	1.272455	0.010525	-0.012632	0.050854	0.028178	-0.004024	0.219465
1782835337.755931	-0.422632	0.007408	1.274627	0.012822	-0.015801	0.050754	0.028178	-0.004024	0.219465
1782835337.767517	-0.422632	0.007408	1.274627	0.012822	-0.015801	0.050754	0.027434	-0.008914	0.188983
1782835337.775838	-0.422621	0.007434	1.276374	0.009833	-0.014358	0.054372	0.027434	-0.008914	0.188983
1782835337.786732	-0.422659	0.007335	1.278317	0.010717	-0.013878	0.057610	0.027434	-0.008914	0.188983
1782835337.795772	-0.422538	0.007479	1.279647	0.010153	-0.014163	0.058126	0.027152	-0.007679	0.144519
1782835337.807490	-0.422654	0.007494	1.281112	0.011915	-0.013552	0.060169	0.001981	-0.000034	0.127646
1782835337.816005	-0.422513	0.007516	1.282015	0.008218	-0.014046	0.064301	0.001981	-0.000034	0.127646
1782835337.826294	-0.422589	0.007426	1.282710	0.009045	-0.013321	0.064392	0.013280	-0.009847	0.058360
1782835337.835818	-0.422432	0.007483	1.282912	0.008954	-0.014820	0.068882	0.013280	-0.009847	0.058360
1782835337.845731	-0.422745	0.007305	1.283190	0.009048	-0.014198	0.070320	-0.001606	-0.000568	0.039391
1782835337.857094	-0.422529	0.007560	1.283398	0.011017	-0.013231	0.072938	-0.001606	-0.000568	0.039391
1782835337.865936	-0.422529	0.007560	1.283398	0.011017	-0.013231	0.072938	0.009140	-0.007183	0.014290
1782835337.878637	-0.422910	0.007638	1.283270	0.009481	-0.013066	0.075703	0.009140	-0.007183	0.014290
1782835337.889452	-0.422573	0.007599	1.282650	0.007849	-0.012832	0.078467	0.009387	-0.004953	-0.045731
1782835337.897979	-0.422770	0.007440	1.282348	0.008847	-0.012203	0.080913	0.009387	-0.004953	-0.045731
1782835337.906374	-0.422805	0.007717	1.281819	0.011507	-0.013844	0.083014	0.002977	-0.003080	-0.052833
1782835337.916324	-0.422844	0.007862	1.281109	0.011168	-0.012719	0.085263	0.002977	-0.003080	-0.052833
1782835337.926342	-0.422827	0.007872	1.280250	0.007809	-0.013644	0.088381	0.013491	-0.009791	-0.031037
1782835337.936504	-0.422906	0.007942	1.279795	0.007332	-0.014799	0.091548	0.013491	-0.009791	-0.031037
1782835337.947022	-0.423028	0.007798	1.279270	0.007830	-0.014118	0.091695	0.006834	-0.006938	-0.034497
1782835337.956177	-0.422892	0.008001	1.278879	0.006295	-0.013660	0.095988	0.006834	-0.006938	-0.034497
1782835337.967683	-0.422892	0.008001	1.278879	0.006295	-0.013660	0.095988	-0.000294	-0.000810	-0.015929
1782835337.976870	-0.423076	0.008013	1.278439	0.006406	-0.013360	0.098638	-0.000294	-0.000810	-0.015929
1782835337.986620	-0.423021	0.008136	1.278049	0.008067	-0.013981	0.100675	0.010487	-0.005494	0.003788
1782835337.996737	-0.423117	0.008197	1.277915	0.009028	-0.014632	0.102856	0.010487	-0.005494	0.003788
1782835338.006070	-0.423220	0.008369	1.277967	0.007343	-0.015491	0.106990	-0.000537	-0.001499	0.019842
1782835338.015979	-0.423170	0.008501	1.278043	0.008829	-0.015048	0.109311	-0.000537	-0.001499	0.019842
1782835338.025945	-0.423229	0.008484	1.278198	0.006794	-0.014692	0.110653	0.016508	-0.003190	0.031225
1782835338.035964	-0.423258	0.008587	1.278525	0.004243	-0.014644	0.114162	0.016508	-0.003190	0.031225
1782835338.047102	-0.423324	0.008752	1.279076	0.007065	-0.014286	0.116440	0.012877	-0.002192	0.050915
1782835338.056232	-0.423396	0.008754	1.279655	0.007352	-0.015287	0.118836	0.012877	-0.002192	0.050915
1782835338.066341	-0.423396	0.008754	1.279655	0.007352	-0.015287	0.118836	0.019305	-0.002676	0.070255
1782835338.075792	-0.423336	0.008659	1.280007	0.005230	-0.014967	0.122869	0.019305	-0.002676	0.070255
1782835338.085717	-0.423392	0.008960	1.280823	0.005020	-0.017126	0.125429	0.003268	-0.000354	0.085838
1782835338.096631	-0.423662	0.008970	1.281790	0.004754	-0.016031	0.127263	0.003268	-0.000354	0.085838
1782835338.105854	-0.423606	0.008915	1.282525	0.005815	-0.015673	0.130400	0.011563	-0.000918	0.098477
1782835338.115792	-0.423477	0.009002	1.283392	0.007797	-0.015683	0.134238	0.011563	-0.000918	0.098477
1782835338.126064	-0.423720	0.009269	1.284536	0.006914	-0.014754	0.135271	0.005623	0.000331	0.097992
1782835338.135844	-0.423682	0.009276	1.285244	0.008500	-0.015170	0.138336	0.005623	0.000331	0.097992
1782835338.146312	-0.423691	0.009581	1.286014	0.006964	-0.014482	0.142349	0.000788	0.007616	0.092435
1782835338.155886	-0.424014	0.009720	1.286826	0.003040	-0.014084	0.143529	0.000788	0.007616	0.092435
1782835338.166049	-0.424014	0.009720	1.286826	0.003040	-0.014084	0.143529	0.007541	0.001633	0.086963
1782835338.176136	-0.423944	0.009657	1.287724	0.005638	-0.015824	0.147340	0.007541	0.001633	0.086963
1782835338.186417	-0.423963	0.009702	1.288106	0.004888	-0.014964	0.150095	0.008636	-0.000585	0.085681
1782835338.197180	-0.424069	0.009848	1.289069	0.006936	-0.015137	0.151991	0.008636	-0.000585	0.085681
1782835338.207864	-0.423968	0.010066	1.289610	0.007208	-0.013228	0.154895	-0.007873	0.008602	0.071432
1782835338.216820	-0.424102	0.010200	1.289882	0.007366	-0.014244	0.158475	-0.007873	0.008602	0.071432
1782835338.225852	-0.424191	0.010205	1.290089	0.006401	-0.013681	0.162049	-0.005795	0.014960	0.056451
1782835338.235979	-0.424264	0.010387	1.290407	0.003518	-0.010613	0.163512	-0.005795	0.014960	0.056451
1782835338.246802	-0.424264	0.010387	1.290407	0.003518	-0.010613	0.163512	0.003366	0.010113	0.042481
1782835338.255849	-0.424337	0.010728	1.290714	0.004332	-0.011601	0.164875	0.003366	0.010113	0.042481
1782835338.265865	-0.424347	0.010898	1.291038	0.005905	-0.010772	0.167726	-0.000116	0.015287	0.018454
1782835338.275778	-0.424490	0.011058	1.291010	0.005397	-0.012021	0.171061	-0.000116	0.015287	0.018454
1782835338.286096	-0.424554	0.011260	1.290773	0.004289	-0.011767	0.174288	0.003747	0.013415	-0.003044
1782835338.295742	-0.424591	0.011381	1.290886	0.006100	-0.009602	0.175751	0.003747	0.013415	-0.003044
1782835338.307344	-0.424504	0.011621	1.290657	0.006287	-0.008973	0.178196	0.005229	0.017434	0.000625
1782835338.316835	-0.424531	0.011897	1.290744	0.006316	-0.008264	0.179788	0.005229	0.017434	0.000625
1782835338.325952	-0.424505	0.012186	1.290542	0.006520	-0.007533	0.182021	-0.003925	0.023120	-0.009671
1782835338.336365	-0.424675	0.012453	1.290203	0.006727	-0.008761	0.185927	0.006522	0.014207	-0.004106
1782835338.345953	-0.424833	0.012553	1.290132	0.006557	-0.009811	0.187622	0.006522	0.014207	-0.004106
1782835338.355928	-0.425035	0.012728	1.290152	0.005823	-0.009147	0.189013	0.006522	0.014207	-0.004106
1782835338.367657	-0.425035	0.012728	1.290152	0.005823	-0.009147	0.189013	-0.004273	0.022904	0.002990
1782835338.375865	-0.425001	0.012876	1.289958	0.008470	-0.009443	0.193035	-0.004273	0.022904	0.002990
1782835338.385886	-0.425049	0.013241	1.289931	0.008271	-0.008754	0.194216	0.009478	0.022221	-0.000653
1782835338.395845	-0.425048	0.013540	1.289820	0.007469	-0.008018	0.196302	0.009478	0.022221	-0.000653
1782835338.406125	-0.424966	0.013819	1.289728	0.008622	-0.008051	0.199561	-0.005632	0.024001	0.006661
1782835338.416816	-0.425062	0.014099	1.289728	0.007806	-0.007723	0.200523	-0.005632	0.024001	0.006661
1782835338.425736	-0.425186	0.014367	1.289591	0.009532	-0.012172	0.203056	0.003645	0.026032	-0.000976
1782835338.436467	-0.425333	0.014669	1.289840	0.007334	-0.011107	0.205189	0.003645	0.026032	-0.000976
1782835338.446563	-0.425424	0.014886	1.290015	0.006955	-0.011135	0.206835	0.010344	0.020982	0.020294
1782835338.455969	-0.425306	0.015187	1.290073	0.009135	-0.011622	0.209460	0.010344	0.020982	0.020294
1782835338.466365	-0.425306	0.015187	1.290073	0.009135	-0.011622	0.209460	0.010119	0.022844	0.010362
1782835338.475861	-0.425289	0.015521	1.290315	0.011044	-0.010404	0.210860	0.010119	0.022844	0.010362
1782835338.485915	-0.425277	0.015566	1.290646	0.012335	-0.009530	0.211364	0.003884	0.023128	0.025140
1782835338.496675	-0.425340	0.015900	1.290778	0.012822	-0.011486	0.214277	0.003884	0.023128	0.025140
1782835338.505877	-0.425450	0.016328	1.291098	0.013878	-0.012201	0.216860	0.005083	0.027368	0.021294
1782835338.516369	-0.425554	0.016691	1.291349	0.014206	-0.013982	0.218676	0.005083	0.027368	0.021294
1782835338.525660	-0.425683	0.016851	1.291337	0.012938	-0.014095	0.221503	0.005717	0.026605	0.031907
1782835338.535841	-0.425549	0.017051	1.291512	0.010062	-0.013016	0.223488	0.005717	0.026605	0.031907
1782835338.546747	-0.425779	0.017337	1.291826	0.010102	-0.013821	0.224695	0.015804	0.022988	0.037952
1782835338.555796	-0.425779	0.017337	1.291826	0.010102	-0.013821	0.224695	0.015804	0.022988	0.037952
1782835338.566377	-0.425727	0.017769	1.292151	0.013174	-0.014937	0.227583	0.018171	0.022215	0.019845
1782835338.575933	-0.425763	0.018162	1.292419	0.011609	-0.012555	0.229835	0.018171	0.022215	0.019845
1782835338.586020	-0.425881	0.018461	1.292611	0.013320	-0.014079	0.231398	0.011325	0.020843	0.018533
1782835338.595684	-0.425826	0.018768	1.292790	0.013570	-0.014713	0.233007	0.011325	0.020843	0.018533
1782835338.606536	-0.425791	0.018963	1.292894	0.011924	-0.013056	0.236731	0.013697	0.021428	0.021706
1782835338.617856	-0.426005	0.019159	1.293062	0.013476	-0.014443	0.239437	0.013697	0.021428	0.021706
1782835338.626361	-0.425934	0.019463	1.293282	0.013626	-0.013360	0.240276	0.003541	0.022593	0.015570
1782835338.635780	-0.425970	0.019602	1.293517	0.014917	-0.012791	0.241244	0.003541	0.022593	0.015570
1782835338.646562	-0.425985	0.020013	1.293542	0.014031	-0.013093	0.244148	0.009912	0.024493	0.010833
1782835338.655872	-0.426019	0.020342	1.293673	0.013013	-0.012377	0.246159	0.009912	0.024493	0.010833
1782835338.665885	-0.426019	0.020342	1.293673	0.013013	-0.012377	0.246159	0.014900	0.019618	0.009535
1782835338.676258	-0.426065	0.020487	1.293714	0.014007	-0.011969	0.247662	0.014900	0.019618	0.009535
1782835338.685948	-0.426134	0.020944	1.293784	0.010474	-0.011864	0.251813	0.007253	0.020644	0.009242
1782835338.696295	-0.426157	0.021193	1.293827	0.011077	-0.012013	0.254287	0.007253	0.020644	0.009242
1782835338.706441	-0.426115	0.021348	1.293909	0.014250	-0.013400	0.255930	0.005861	0.025805	0.005864
1782835338.716868	-0.426045	0.021645	1.294002	0.012210	-0.012635	0.257954	0.005861	0.025805	0.005864
1782835338.726590	-0.426062	0.022002	1.294195	0.013267	-0.011304	0.258493	0.008620	0.027147	0.001801
1782835338.736389	-0.426017	0.022314	1.294224	0.014699	-0.012533	0.260672	0.006747	0.023866	0.011713
1782835338.746413	-0.425922	0.022665	1.294383	0.014724	-0.011788	0.262947	0.006747	0.023866	0.011713
1782835338.756611	-0.425992	0.022842	1.294485	0.014160	-0.013302	0.266061	0.006747	0.023866	0.011713
1782835338.766020	-0.425992	0.022842	1.294485	0.014160	-0.013302	0.266061	0.010179	0.020683	-0.000415
1782835338.776556	-0.426271	0.023116	1.294399	0.013278	-0.013634	0.269049	0.010179	0.020683	-0.000415
1782835338.786729	-0.426116	0.023245	1.294677	0.011359	-0.013117	0.270562	0.011638	0.022769	-0.002099
1782835338.796056	-0.426126	0.023615	1.294553	0.012619	-0.012393	0.274184	0.011638	0.022769	-0.002099
1782835338.806012	-0.426103	0.023852	1.294593	0.012150	-0.011570	0.275881	0.017837	0.015530	0.006110
1782835338.816056	-0.425946	0.024145	1.294745	0.014633	-0.011002	0.276284	0.017837	0.015530	0.006110
1782835338.825781	-0.426006	0.024295	1.294846	0.014665	-0.011014	0.279402	0.005971	0.022217	-0.000388
1782835338.837540	-0.425880	0.024572	1.294881	0.009714	-0.010673	0.282056	0.023560	0.019048	0.011694
1782835338.845858	-0.426075	0.024868	1.294966	0.011613	-0.010737	0.283782	0.023560	0.019048	0.011694
1782835338.856194	-0.426094	0.025107	1.294987	0.010697	-0.011099	0.288210	0.023560	0.019048	0.011694
1782835338.865815	-0.426094	0.025107	1.294987	0.010697	-0.011099	0.288210	0.015363	0.015863	0.014647
1782835338.875949	-0.425983	0.025284	1.295059	0.010250	-0.010474	0.290720	0.015363	0.015863	0.014647
1782835338.886233	-0.426075	0.025712	1.295427	0.013419	-0.011591	0.292828	0.010507	0.025184	0.010726
1782835338.896065	-0.426060	0.025907	1.295604	0.012881	-0.010560	0.294500	0.010507	0.025184	0.010726
1782835338.905945	-0.425837	0.026125	1.295861	0.012176	-0.011089	0.296745	0.019889	0.016017	0.020115
1782835338.915985	-0.425866	0.026442	1.296075	0.012305	-0.011945	0.298696	0.019889	0.016017	0.020115
1782835338.925680	-0.425888	0.026706	1.296217	0.013482	-0.012768	0.300633	0.015028	0.022243	0.021054
1782835338.936297	-0.425823	0.026819	1.296322	0.013537	-0.012409	0.302298	0.015028	0.022243	0.021054
1782835338.946593	-0.425758	0.027003	1.296333	0.011723	-0.012958	0.305202	0.022861	0.016415	0.013841
1782835338.955903	-0.425767	0.027306	1.296570	0.007727	-0.012658	0.307610	0.022861	0.016415	0.013841
1782835338.966166	-0.425767	0.027306	1.296570	0.007727	-0.012658	0.307610	0.021686	0.020297	0.019245
1782835338.976649	-0.425741	0.027652	1.296863	0.010265	-0.012371	0.309514	0.021686	0.020297	0.019245
1782835338.987119	-0.425681	0.027929	1.296980	0.011003	-0.013203	0.312733	0.011447	0.024939	0.009644
1782835338.996758	-0.425622	0.028321	1.297157	0.013672	-0.013715	0.314593	0.011447	0.024939	0.009644
1782835339.007569	-0.425596	0.028511	1.297352	0.014510	-0.011902	0.315489	0.022927	0.022734	0.010609
1782835339.016732	-0.425488	0.028581	1.297225	0.014799	-0.012917	0.319855	0.022927	0.022734	0.010609
1782835339.027560	-0.425380	0.028783	1.297385	0.011836	-0.012422	0.321948	0.022818	0.020280	0.000422
1782835339.037420	-0.425346	0.028967	1.297513	0.012991	-0.012758	0.323928	0.022818	0.020280	0.000422
1782835339.049710	-0.425234	0.029185	1.297568	0.011972	-0.012428	0.327787	0.016067	0.025937	-0.004868
1782835339.056720	-0.425243	0.029432	1.297738	0.010160	-0.012511	0.329318	0.016067	0.025937	-0.004868
1782835339.067150	-0.425243	0.029432	1.297738	0.010160	-0.012511	0.329318	0.030255	0.017537	-0.005305
1782835339.076225	-0.425126	0.029686	1.297733	0.010561	-0.011905	0.330948	0.030255	0.017537	-0.005305
1782835339.086401	-0.424940	0.029997	1.297851	0.014453	-0.011268	0.332889	0.004780	0.023287	0.021158
1782835339.096440	-0.424914	0.030262	1.297919	0.012719	-0.010760	0.334848	0.004780	0.023287	0.021158
1782835339.105869	-0.424926	0.030579	1.297927	0.013047	-0.013020	0.337846	0.020694	0.022268	-0.007016
1782835339.116985	-0.424985	0.030883	1.297908	0.011852	-0.012213	0.339889	0.020694	0.022268	-0.007016
1782835339.125733	-0.424922	0.031044	1.297917	0.009774	-0.012924	0.343496	0.030317	0.017633	-0.008474
1782835339.135838	-0.424799	0.031302	1.297846	0.009491	-0.012734	0.345499	0.030317	0.017633	-0.008474
1782835339.145889	-0.424647	0.031725	1.297838	0.009488	-0.010448	0.345588	0.015177	0.019835	-0.008855
1782835339.156126	-0.424647	0.031725	1.297838	0.009488	-0.010448	0.345588	0.015177	0.019835	-0.008855
1782835339.166382	-0.424547	0.031851	1.297719	0.011521	-0.011263	0.348834	0.018027	0.018981	0.001942
1782835339.175880	-0.424448	0.032122	1.297721	0.010972	-0.009667	0.350927	0.018027	0.018981	0.001942
1782835339.186573	-0.424440	0.032389	1.297753	0.012017	-0.010162	0.351438	0.026216	0.018636	-0.003231
1782835339.196124	-0.424492	0.032635	1.297637	0.010333	-0.011109	0.354807	0.026216	0.018636	-0.003231
1782835339.205821	-0.424332	0.032881	1.297696	0.009941	-0.011572	0.357673	0.009268	0.021311	0.002075
1782835339.216314	-0.424419	0.033173	1.297836	0.012725	-0.013413	0.359151	0.009268	0.021311	0.002075
1782835339.225909	-0.424137	0.033443	1.297668	0.011888	-0.013361	0.362690	0.017014	0.020254	0.011758
1782835339.235848	-0.424071	0.033756	1.297787	0.014564	-0.012853	0.366020	0.017014	0.020254	0.011758
1782835339.246229	-0.424149	0.033949	1.297672	0.014477	-0.011605	0.366306	0.014547	0.021567	-0.004435
1782835339.255865	-0.424002	0.034208	1.297531	0.016891	-0.012656	0.368724	0.014547	0.021567	-0.004435
1782835339.266294	-0.424002	0.034208	1.297531	0.016891	-0.012656	0.368724	0.011588	0.020378	-0.002427
1782835339.275877	-0.423924	0.034389	1.297541	0.011950	-0.012115	0.370520	0.011588	0.020378	-0.002427
1782835339.285728	-0.423904	0.034652	1.297116	0.011517	-0.011869	0.374029	0.019351	0.018373	0.000064
1782835339.295927	-0.423633	0.034921	1.297039	0.010747	-0.012161	0.376728	0.019351	0.018373	0.000064
1782835339.305792	-0.423637	0.035200	1.296782	0.012717	-0.011043	0.378502	0.018901	0.018406	-0.022083
1782835339.317154	-0.423694	0.035518	1.296526	0.012613	-0.011433	0.381018	0.018901	0.018406	-0.022083
1782835339.327383	-0.423476	0.035738	1.296524	0.013809	-0.010838	0.381467	0.009206	0.024985	-0.026765
1782835339.336032	-0.423398	0.035832	1.296263	0.013189	-0.010640	0.383203	0.009206	0.024985	-0.026765
1782835339.346067	-0.423311	0.036239	1.296190	0.010888	-0.012384	0.386528	0.021736	0.017423	-0.011367
1782835339.356087	-0.423311	0.036239	1.296190	0.010888	-0.012384	0.386528	0.021736	0.017423	-0.011367
1782835339.365827	-0.423235	0.036521	1.296077	0.013626	-0.012906	0.387495	0.018996	0.018076	-0.025154
1782835339.376307	-0.423178	0.036761	1.295590	0.012338	-0.013062	0.389931	0.018996	0.018076	-0.025154
1782835339.385892	-0.423087	0.036914	1.295338	0.010589	-0.015153	0.392942	0.011649	0.022456	-0.024044
1782835339.395875	-0.422885	0.037163	1.295350	0.012456	-0.014418	0.393144	0.011649	0.022456	-0.024044
1782835339.405833	-0.422733	0.037344	1.295331	0.013618	-0.015432	0.395594	0.027179	0.015048	-0.011592
1782835339.420873	-0.422688	0.037407	1.295186	0.011726	-0.014598	0.398668	0.012444	0.022794	-0.018825
1782835339.426785	-0.422552	0.037841	1.295185	0.014442	-0.014789	0.400596	0.012444	0.022794	-0.018825
1782835339.436571	-0.422383	0.038019	1.295156	0.018126	-0.015747	0.401962	0.012444	0.022794	-0.018825
1782835339.446455	-0.422208	0.038281	1.295241	0.015283	-0.015029	0.404627	0.026442	0.016169	-0.006765
1782835339.462167	-0.422274	0.038523	1.295364	0.013398	-0.013877	0.406580	0.026442	0.016169	-0.006765
1782835339.466192	-0.422274	0.038523	1.295364	0.013398	-0.013877	0.406580	0.018118	0.018506	-0.005594
1782835339.476637	-0.422218	0.038694	1.295474	0.014190	-0.015413	0.407352	0.018118	0.018506	-0.005594
1782835339.486076	-0.422157	0.038837	1.295683	0.015156	-0.015766	0.411451	0.021209	0.018707	0.000256
1782835339.500273	-0.422061	0.039049	1.295888	0.010947	-0.014682	0.413838	0.021209	0.018707	0.000256
1782835339.507919	-0.422189	0.039196	1.296255	0.015115	-0.017129	0.415743	0.021767	0.013523	0.010237
1782835339.517786	-0.422038	0.039390	1.296467	0.017332	-0.017698	0.417259	0.021767	0.013523	0.010237
1782835339.526100	-0.421853	0.039618	1.296829	0.015834	-0.016496	0.420434	0.009920	0.018790	0.012374
1782835339.536167	-0.421938	0.039762	1.297129	0.014855	-0.014978	0.421960	0.009920	0.018790	0.012374
1782835339.546149	-0.421895	0.040073	1.297450	0.014602	-0.016160	0.423836	0.022136	0.011145	0.017952
1782835339.556617	-0.421895	0.040073	1.297450	0.014602	-0.016160	0.423836	0.022136	0.011145	0.017952
1782835339.570037	-0.421886	0.040160	1.297845	0.014544	-0.015101	0.426089	0.006265	0.011809	0.016259
1782835339.577213	-0.421886	0.040264	1.298038	0.012356	-0.014657	0.428371	0.006265	0.011809	0.016259
1782835339.586266	-0.421915	0.040456	1.298231	0.013761	-0.015684	0.429600	0.014137	0.008557	0.017591
1782835339.596681	-0.422004	0.040506	1.298622	0.014302	-0.015044	0.430909	0.014137	0.008557	0.017591
1782835339.606315	-0.421967	0.040684	1.298773	0.015933	-0.016230	0.435099	0.015817	0.008369	0.007725
1782835339.619105	-0.421951	0.040952	1.298998	0.015393	-0.015861	0.437912	-0.000433	0.010946	0.004295
1782835339.625792	-0.421811	0.041132	1.299137	0.015935	-0.016370	0.438976	-0.000433	0.010946	0.004295
1782835339.635764	-0.421848	0.041206	1.299235	0.014197	-0.015978	0.441468	-0.000433	0.010946	0.004295
1782835339.645718	-0.421935	0.041242	1.299592	0.013520	-0.013625	0.443532	0.010280	0.005416	0.015721
1782835339.655921	-0.421980	0.041267	1.299748	0.014238	-0.012556	0.445457	0.010280	0.005416	0.015721
1782835339.666142	-0.421980	0.041267	1.299748	0.014238	-0.012556	0.445457	0.007003	0.008027	-0.005836
1782835339.675815	-0.421948	0.041317	1.299685	0.010508	-0.012832	0.448126	0.007003	0.008027	-0.005836
1782835339.685875	-0.422002	0.041492	1.299708	0.010574	-0.012910	0.448834	-0.005228	0.012929	-0.002124
1782835339.695864	-0.422128	0.041469	1.299785	0.010800	-0.012595	0.450852	-0.005228	0.012929	-0.002124
1782835339.706157	-0.421956	0.041502	1.299794	0.009942	-0.010846	0.452264	0.004440	0.004337	0.013016
1782835339.718990	-0.422028	0.041644	1.299856	0.013515	-0.012322	0.454379	0.004440	0.004337	0.013016
1782835339.725801	-0.422039	0.041659	1.299690	0.012977	-0.012236	0.455046	-0.000819	0.006915	-0.009012
1782835339.735920	-0.421908	0.041783	1.299496	0.012394	-0.010982	0.457335	-0.000819	0.006915	-0.009012
1782835339.746424	-0.422052	0.041939	1.299523	0.014293	-0.012961	0.457562	-0.009051	0.014049	-0.020049
1782835339.755859	-0.422050	0.041948	1.299205	0.013056	-0.013335	0.459474	-0.009051	0.014049	-0.020049
1782835339.766294	-0.422057	0.042000	1.299138	0.014184	-0.013504	0.461854	0.001267	0.004097	-0.006887
1782835339.775861	-0.422057	0.042000	1.299138	0.014184	-0.013504	0.461854	0.001267	0.004097	-0.006887
1782835339.785773	-0.422041	0.042119	1.298951	0.014770	-0.013752	0.464387	-0.003127	0.006947	-0.022590
1782835339.797352	-0.422164	0.042164	1.298934	0.014422	-0.012775	0.465753	-0.003127	0.006947	-0.022590
1782835339.806559	-0.422234	0.042208	1.298799	0.012411	-0.011051	0.466092	-0.007131	0.010371	-0.025876
1782835339.816920	-0.422359	0.042198	1.298639	0.011803	-0.011357	0.468042	-0.007131	0.010371	-0.025876
1782835339.826476	-0.422498	0.042305	1.298538	0.012585	-0.011117	0.468771	0.000878	0.001349	-0.016139
1782835339.836221	-0.422600	0.042446	1.298497	0.011754	-0.011095	0.470205	-0.010427	0.005970	-0.024777
1782835339.846025	-0.422723	0.042382	1.298263	0.011484	-0.011806	0.472984	-0.010427	0.005970	-0.024777
1782835339.855897	-0.422814	0.042371	1.298184	0.010912	-0.011785	0.474085	-0.010427	0.005970	-0.024777
1782835339.865873	-0.422814	0.042371	1.298184	0.010912	-0.011785	0.474085	0.000150	0.002435	-0.013719
1782835339.876274	-0.422837	0.042408	1.298192	0.012151	-0.012257	0.474911	0.000150	0.002435	-0.013719
1782835339.885802	-0.422921	0.042454	1.298038	0.011076	-0.013236	0.478076	-0.002151	0.000447	-0.012562
1782835339.895897	-0.423063	0.042450	1.298082	0.012327	-0.013700	0.479071	-0.002151	0.000447	-0.012562
1782835339.905925	-0.423125	0.042445	1.298186	0.012502	-0.013496	0.480465	0.000665	0.004454	-0.014801
1782835339.916810	-0.423076	0.042380	1.298257	0.013966	-0.012463	0.482572	0.000665	0.004454	-0.014801
1782835339.926306	-0.423137	0.042468	1.298330	0.012306	-0.012031	0.484134	0.005609	-0.002356	-0.009098
1782835339.935868	-0.423340	0.042566	1.298482	0.010366	-0.011166	0.484657	0.005609	-0.002356	-0.009098
1782835339.945773	-0.423361	0.042525	1.298731	0.013658	-0.012696	0.486564	0.002424	0.000439	-0.003596
1782835339.955799	-0.423309	0.042481	1.298797	0.012270	-0.011613	0.489095	0.002424	0.000439	-0.003596
1782835339.966655	-0.423309	0.042481	1.298797	0.012270	-0.011613	0.489095	0.009144	-0.000635	-0.001374
1782835339.976619	-0.423534	0.042425	1.299126	0.011606	-0.010759	0.490649	0.009144	-0.000635	-0.001374
1782835339.986690	-0.423528	0.042486	1.299520	0.009797	-0.009983	0.493574	0.009144	-0.000635	-0.001374
1782835339.996284	-0.423528	0.042486	1.299520	0.009797	-0.009983	0.493574	0.002402	-0.003805	0.007245
1782835340.006474	-0.423510	0.042319	1.300265	0.011986	-0.010097	0.496299	0.005952	-0.001533	0.012425
1782835340.016021	-0.423642	0.042463	1.300417	0.012125	-0.010078	0.497201	0.005952	-0.001533	0.012425
1782835340.026041	-0.423765	0.042505	1.300730	0.012837	-0.010840	0.497885	0.009489	-0.004245	0.017397
1782835340.036630	-0.423697	0.042414	1.300849	0.010918	-0.008393	0.500603	0.009489	-0.004245	0.017397
1782835340.047105	-0.423853	0.042335	1.301243	0.009697	-0.006986	0.502159	0.009489	-0.004245	0.017397
1782835340.060680	-0.423868	0.042396	1.301580	0.014318	-0.008556	0.503130	-0.009047	-0.001303	0.015802
1782835340.066654	-0.423868	0.042396	1.301580	0.014318	-0.008556	0.503130	-0.004518	-0.000700	0.027855
1782835340.076424	-0.423794	0.042406	1.301732	0.011695	-0.008904	0.505152	-0.004518	-0.000700	0.027855
1782835340.087771	-0.423869	0.042405	1.302032	0.010636	-0.007145	0.506155	0.000564	-0.002460	0.018383
1782835340.100400	-0.424030	0.042402	1.302233	0.014527	-0.008397	0.506698	0.000564	-0.002460	0.018383
1782835340.111031	-0.423955	0.042482	1.302385	0.013484	-0.008153	0.509242	-0.005255	-0.003380	0.014872
1782835340.116395	-0.423978	0.042374	1.302447	0.012334	-0.007536	0.511002	-0.005255	-0.003380	0.014872
1782835340.127213	-0.424046	0.042416	1.302440	0.011999	-0.007620	0.511939	-0.004680	-0.000950	0.006459
1782835340.137909	-0.424037	0.042405	1.302629	0.012852	-0.006502	0.513672	-0.004680	-0.000950	0.006459
1782835340.147095	-0.424037	0.042405	1.302629	0.012852	-0.006502	0.513672	0.006507	-0.005889	-0.004381
1782835340.156281	-0.424004	0.042532	1.302676	0.012930	-0.004516	0.515491	0.006507	-0.005889	-0.004381
1782835340.166765	-0.424004	0.042532	1.302676	0.012930	-0.004516	0.515491	0.003502	-0.006257	-0.026267
1782835340.176862	-0.423889	0.042620	1.302756	0.012686	-0.003121	0.515157	0.003502	-0.006257	-0.026267
1782835340.186659	-0.423865	0.042319	1.302242	0.008096	-0.004414	0.518533	0.003502	-0.006257	-0.026267
1782835340.196462	-0.423890	0.042502	1.302075	0.008103	-0.005632	0.518385	-0.005379	-0.001451	-0.032197
1782835340.207008	-0.423978	0.042492	1.301890	0.010418	-0.005959	0.519651	0.007034	-0.007549	-0.026672
1782835340.216364	-0.423907	0.042599	1.301450	0.007213	-0.004115	0.521325	0.007034	-0.007549	-0.026672
1782835340.226704	-0.423826	0.042601	1.301250	0.009503	-0.004576	0.522042	0.009374	-0.006302	-0.038180
1782835340.235944	-0.423862	0.042638	1.300902	0.008183	-0.003562	0.522898	0.009374	-0.006302	-0.038180
1782835340.247351	-0.423690	0.042724	1.300650	0.009097	-0.003585	0.525591	-0.004264	-0.002893	-0.027332
1782835340.257331	-0.423676	0.042697	1.300155	0.007126	-0.005047	0.525757	-0.004264	-0.002893	-0.027332
1782835340.265846	-0.423676	0.042697	1.300155	0.007126	-0.005047	0.525757	0.007319	-0.007548	-0.015425
1782835340.275988	-0.423551	0.042645	1.299773	0.010514	-0.006616	0.527034	0.007319	-0.007548	-0.015425
1782835340.285710	-0.423430	0.042566	1.299616	0.010183	-0.007173	0.528965	0.002229	-0.002372	-0.033240
1782835340.295888	-0.423355	0.042724	1.299379	0.010625	-0.007144	0.529247	0.002229	-0.002372	-0.033240
1782835340.306119	-0.423317	0.042783	1.299185	0.010460	-0.007274	0.529933	0.000461	-0.003708	-0.022421
1782835340.315893	-0.423071	0.042928	1.299005	0.012202	-0.006308	0.529725	0.000461	-0.003708	-0.022421
1782835340.325893	-0.423132	0.043057	1.298838	0.010367	-0.005458	0.531824	0.000461	-0.003708	-0.022421
1782835340.336242	-0.422979	0.043131	1.298381	0.008972	-0.007789	0.533004	0.017220	-0.007126	-0.010284
1782835340.345827	-0.422852	0.043165	1.298136	0.009500	-0.008248	0.533543	0.001906	0.000439	-0.038151
1782835340.356184	-0.422765	0.043160	1.297896	0.010076	-0.009684	0.535861	0.001906	0.000439	-0.038151
1782835340.366626	-0.422765	0.043160	1.297896	0.010076	-0.009684	0.535861	0.012547	-0.003141	-0.018853
1782835340.375754	-0.422716	0.043214	1.297607	0.008883	-0.009622	0.537003	0.012547	-0.003141	-0.018853
1782835340.386018	-0.422602	0.043236	1.297519	0.009670	-0.010937	0.538001	0.012547	-0.003141	-0.018853
1782835340.396121	-0.422441	0.043309	1.297501	0.010974	-0.011713	0.538118	0.018607	-0.009191	-0.020797
1782835340.406595	-0.422276	0.043204	1.297345	0.009249	-0.010468	0.541357	0.008274	-0.000097	-0.022852
1782835340.417211	-0.422137	0.043358	1.297315	0.011336	-0.010870	0.541445	0.008274	-0.000097	-0.022852
1782835340.426077	-0.422107	0.043580	1.297179	0.012652	-0.011815	0.541641	0.023428	-0.011407	0.007324
1782835340.436751	-0.421917	0.043570	1.297227	0.012321	-0.011622	0.542945	0.023428	-0.011407	0.007324
1782835340.446025	-0.421627	0.043703	1.297216	0.013206	-0.012033	0.544037	0.007871	-0.008351	-0.003888
1782835340.457467	-0.421652	0.043790	1.297267	0.013387	-0.013136	0.544414	0.007871	-0.008351	-0.003888
1782835340.467285	-0.421652	0.043790	1.297267	0.013387	-0.013136	0.544414	0.014311	-0.007624	0.011030
1782835340.475905	-0.421517	0.043825	1.297345	0.013273	-0.013386	0.546251	0.014311	-0.007624	0.011030
1782835340.485739	-0.421396	0.043780	1.297391	0.011515	-0.013322	0.548439	0.012526	-0.004424	-0.023381
1782835340.495699	-0.421322	0.043813	1.297579	0.011224	-0.013196	0.550073	0.012526	-0.004424	-0.023381
1782835340.506495	-0.421194	0.043896	1.297541	0.012669	-0.012453	0.551683	0.011683	-0.006932	0.002593
1782835340.517074	-0.420960	0.044038	1.297891	0.010794	-0.010247	0.553213	0.011683	-0.006932	0.002593
1782835340.525852	-0.420878	0.044054	1.297904	0.011549	-0.011509	0.554053	0.022240	-0.013357	0.006728
1782835340.535893	-0.420826	0.044344	1.298186	0.010940	-0.011760	0.554713	0.022240	-0.013357	0.006728
1782835340.547728	-0.420586	0.044446	1.298353	0.011592	-0.010410	0.555587	0.014668	-0.012915	0.003312
1782835340.557337	-0.420523	0.044361	1.298423	0.009975	-0.010388	0.556224	0.014668	-0.012915	0.003312
1782835340.566883	-0.420523	0.044361	1.298423	0.009975	-0.010388	0.556224	0.002721	-0.003098	-0.007140
1782835340.575664	-0.420443	0.044458	1.298484	0.009462	-0.012278	0.558851	0.002721	-0.003098	-0.007140
1782835340.585979	-0.420402	0.044576	1.298684	0.010109	-0.011893	0.558988	0.002721	-0.003098	-0.007140
1782835340.596121	-0.420210	0.044611	1.298701	0.010263	-0.011785	0.559601	0.011978	-0.011359	0.005173
1782835340.606343	-0.420086	0.044670	1.298835	0.012578	-0.012214	0.561630	0.009955	-0.005126	-0.010086
1782835340.617437	-0.419949	0.044737	1.298996	0.013233	-0.011569	0.561573	0.009955	-0.005126	-0.010086
1782835340.625784	-0.419775	0.044773	1.299044	0.012750	-0.011023	0.563319	0.019574	-0.013650	0.012594
1782835340.635961	-0.419649	0.044892	1.299109	0.012202	-0.011075	0.565424	0.019574	-0.013650	0.012594
1782835340.645793	-0.419615	0.045046	1.299201	0.012262	-0.011722	0.566341	0.012205	-0.012781	0.008876
1782835340.655798	-0.419537	0.044980	1.299340	0.010976	-0.011852	0.568056	0.012205	-0.012781	0.008876
1782835340.666159	-0.419537	0.044980	1.299340	0.010976	-0.011852	0.568056	0.013432	-0.011064	-0.010073
1782835340.704143	-0.419184	0.045120	1.299542	0.009621	-0.010395	0.572897	0.008589	-0.013466	0.006468
1782835340.707020	-0.419023	0.045315	1.299661	0.010059	-0.009254	0.574566	0.008589	-0.013466	0.006468
1782835340.717952	-0.418978	0.045307	1.299662	0.011242	-0.009050	0.575198	0.008589	-0.013466	0.006468
1782835340.728414	-0.419054	0.045467	1.299509	0.010688	-0.010368	0.576523	0.019847	-0.014309	-0.017295
1782835340.738050	-0.418937	0.045481	1.299653	0.009916	-0.008756	0.577479	0.019847	-0.014309	-0.017295
1782835340.747392	-0.418787	0.045468	1.299481	0.012042	-0.008201	0.578912	0.009786	-0.012354	0.003144
1782835340.757313	-0.418649	0.045586	1.299433	0.013093	-0.007945	0.580770	0.009786	-0.012354	0.003144
1782835340.767942	-0.418649	0.045586	1.299433	0.013093	-0.007945	0.580770	0.024445	-0.015139	-0.012578
1782835340.777198	-0.418508	0.045743	1.299428	0.013069	-0.007648	0.581169	0.003447	-0.004842	-0.010065
1782835340.787086	-0.418370	0.045755	1.299396	0.014286	-0.008274	0.581320	0.003447	-0.004842	-0.010065
1782835340.797561	-0.418373	0.045791	1.299346	0.012063	-0.008979	0.584316	0.003447	-0.004842	-0.010065
1782835340.807606	-0.418262	0.045917	1.299383	0.012358	-0.008435	0.584836	0.014331	-0.011428	-0.014863
1782835340.818998	-0.418153	0.045910	1.299258	0.011885	-0.008312	0.586811	0.014331	-0.011428	-0.014863
1782835340.828756	-0.417916	0.046012	1.299127	0.011789	-0.008726	0.589753	0.022552	-0.015732	-0.001868
1782835340.837332	-0.417800	0.046104	1.299174	0.011533	-0.007594	0.589952	0.014630	-0.006735	-0.020280
1782835340.847884	-0.417716	0.046234	1.299188	0.011240	-0.007015	0.589251	0.014630	-0.006735	-0.020280
1782835340.858483	-0.417545	0.046251	1.299087	0.011255	-0.006628	0.590624	0.014630	-0.006735	-0.020280
1782835340.867658	-0.417545	0.046251	1.299087	0.011255	-0.006628	0.590624	0.010101	-0.009719	-0.003405
1782835340.877347	-0.417508	0.046431	1.299056	0.011331	-0.006093	0.590524	0.010101	-0.009719	-0.003405
1782835340.887281	-0.417369	0.046491	1.298992	0.011534	-0.006864	0.591383	0.014580	-0.015103	0.001484
1782835340.897216	-0.417209	0.046538	1.298828	0.010562	-0.006993	0.593396	0.014580	-0.015103	0.001484
1782835340.908742	-0.417041	0.046608	1.298939	0.009155	-0.005510	0.594740	0.002129	-0.010900	0.008586
1782835340.922375	-0.416945	0.046653	1.298939	0.010235	-0.006742	0.596102	0.025086	-0.015106	-0.014480
1782835340.927885	-0.416642	0.046765	1.298969	0.012361	-0.006472	0.597759	0.025086	-0.015106	-0.014480
1782835340.938482	-0.416548	0.046911	1.299049	0.011866	-0.006106	0.598108	0.025086	-0.015106	-0.014480
1782835340.947127	-0.416386	0.047026	1.298959	0.011545	-0.007560	0.599874	0.017194	-0.010188	-0.015924
1782835340.957169	-0.416254	0.047282	1.298998	0.011681	-0.007014	0.601199	0.030062	-0.017389	-0.014876
1782835340.967307	-0.416254	0.047282	1.298998	0.011681	-0.007014	0.601199	0.030062	-0.017389	-0.014876
1782835340.977536	-0.416110	0.047294	1.298913	0.012601	-0.007253	0.601709	0.030062	-0.017389	-0.014876
1782835340.987248	-0.415906	0.047355	1.298879	0.010682	-0.008788	0.604500	0.020525	-0.010359	0.001036
1782835340.997170	-0.415828	0.047533	1.298944	0.009992	-0.008376	0.604974	0.020525	-0.010359	0.001036
1782835341.007118	-0.415531	0.047551	1.298922	0.013253	-0.008902	0.605154	0.021704	-0.011920	-0.001686
1782835341.017273	-0.415393	0.047713	1.298883	0.010689	-0.009343	0.606984	0.021704	-0.011920	-0.001686
1782835341.028545	-0.415189	0.047888	1.299061	0.011591	-0.008961	0.607677	0.015538	-0.008122	-0.007686
1782835341.037476	-0.414957	0.047946	1.299110	0.011220	-0.007118	0.607568	0.020300	-0.017055	0.000684
1782835341.047165	-0.414730	0.048015	1.299088	0.009733	-0.008782	0.610760	0.020300	-0.017055	0.000684
1782835341.057134	-0.414600	0.048171	1.299039	0.009642	-0.008476	0.611998	0.020300	-0.017055	0.000684
1782835341.067115	-0.414600	0.048171	1.299039	0.009642	-0.008476	0.611998	0.023733	-0.012164	-0.004581
1782835341.077178	-0.414371	0.048126	1.299068	0.010911	-0.008974	0.612895	0.023733	-0.012164	-0.004581
1782835341.089157	-0.414187	0.048322	1.299164	0.010174	-0.008956	0.614221	0.019031	-0.007071	-0.008450
1782835341.097279	-0.414051	0.048473	1.299263	0.009614	-0.008973	0.615736	0.019031	-0.007071	-0.008450
1782835341.107947	-0.413772	0.048721	1.299195	0.011526	-0.008939	0.614460	0.019031	-0.007071	-0.008450
1782835341.117248	-0.413664	0.048936	1.299259	0.012280	-0.009382	0.615086	0.027031	-0.012494	0.001796
1782835341.127369	-0.413280	0.049083	1.299234	0.013240	-0.008800	0.615810	0.024144	-0.016141	-0.000369
1782835341.137517	-0.413219	0.049184	1.299320	0.011758	-0.008689	0.617474	0.024144	-0.016141	-0.000369
1782835341.147767	-0.413028	0.049256	1.299348	0.010729	-0.009117	0.619224	0.016418	-0.007038	-0.001509
1782835341.157322	-0.412719	0.049312	1.299295	0.012715	-0.008394	0.620749	0.016418	-0.007038	-0.001509
1782835341.167201	-0.412719	0.049312	1.299295	0.012715	-0.008394	0.620749	0.023884	-0.013455	0.010348
1782835341.177283	-0.412498	0.049475	1.299253	0.011972	-0.008452	0.622210	0.021394	-0.013097	0.006399
1782835341.187423	-0.412367	0.049858	1.299429	0.013539	-0.008632	0.623689	0.021394	-0.013097	0.006399
1782835341.197200	-0.412145	0.050059	1.299666	0.013995	-0.007303	0.622644	0.021394	-0.013097	0.006399
1782835341.207188	-0.411924	0.050238	1.299588	0.013783	-0.008553	0.624650	0.015835	-0.004959	0.003428
1782835341.218059	-0.411696	0.050386	1.299603	0.011326	-0.008152	0.626072	0.015835	-0.004959	0.003428
1782835341.237416	-0.411469	0.050625	1.299842	0.012532	-0.007520	0.626997	0.031238	-0.015258	0.007686
1782835341.254965	-0.411167	0.050766	1.299816	0.013967	-0.007737	0.628622	0.031238	-0.015258	0.007686
1782835341.266184	-0.410738	0.050967	1.300025	0.011702	-0.006093	0.630169	0.026971	-0.011864	0.001467
1782835341.270054	-0.410738	0.050967	1.300025	0.011702	-0.006093	0.630169	0.022648	-0.004024	-0.015879
1782835341.278389	-0.410509	0.051179	1.300184	0.013641	-0.006619	0.631619	0.022648	-0.004024	-0.015879
1782835341.287628	-0.410366	0.051421	1.300215	0.014478	-0.006527	0.632012	0.032469	-0.013475	-0.001772
1782835341.295455	-0.410366	0.051421	1.300215	0.014478	-0.006527	0.632012	0.032469	-0.013475	-0.001772
1782835341.306903	-0.410034	0.051700	1.300284	0.013323	-0.008386	0.633911	0.033499	-0.015670	-0.003960
1782835341.314012	-0.410034	0.051700	1.300284	0.013323	-0.008386	0.633911	0.033499	-0.015670	-0.003960
1782835341.321626	-0.409766	0.051861	1.300289	0.013522	-0.008069	0.634981	0.033499	-0.015670	-0.003960
1782835341.328382	-0.409766	0.051861	1.300289	0.013522	-0.008069	0.634981	0.026875	-0.006112	-0.021868
1782835341.337412	-0.409210	0.052334	1.300347	0.014830	-0.010290	0.637133	0.026875	-0.006112	-0.021868
1782835341.347695	-0.408809	0.052662	1.300345	0.014567	-0.009840	0.637654	0.033376	-0.009430	-0.009782
1782835341.357708	-0.408809	0.052662	1.300345	0.014567	-0.009840	0.637654	0.033376	-0.009430	-0.009782
1782835341.367542	-0.408755	0.052743	1.300314	0.014365	-0.011155	0.638256	0.035572	-0.017274	-0.005010
1782835341.377141	-0.408491	0.052867	1.300176	0.013223	-0.011203	0.638660	0.035572	-0.017274	-0.005010
1782835341.387311	-0.408161	0.052948	1.300121	0.011032	-0.008964	0.639401	0.028331	-0.006144	-0.018866
1782835341.397248	-0.408022	0.052988	1.299930	0.010409	-0.009417	0.640303	0.028331	-0.006144	-0.018866
1782835341.407488	-0.407815	0.053284	1.300020	0.012202	-0.010168	0.640468	0.033817	-0.016781	0.001049
1782835341.417631	-0.407596	0.053612	1.300234	0.012903	-0.010769	0.640669	0.033817	-0.016781	0.001049
1782835341.427414	-0.407381	0.053727	1.300185	0.010900	-0.011558	0.641935	0.036943	-0.017813	0.004677
1782835341.437251	-0.407095	0.053910	1.300169	0.010117	-0.012386	0.643075	0.036943	-0.017813	0.004677
1782835341.447300	-0.406890	0.054018	1.300198	0.011958	-0.012576	0.644480	0.020915	-0.007737	-0.006524
1782835341.458793	-0.406890	0.054018	1.300198	0.011958	-0.012576	0.644480	0.027647	-0.015450	0.011436
1782835341.467727	-0.406362	0.054269	1.299905	0.011651	-0.012528	0.648094	0.027647	-0.015450	0.011436
1782835341.477273	-0.406362	0.054269	1.299905	0.011651	-0.012528	0.648094	0.027647	-0.015450	0.011436
1782835341.488001	-0.406236	0.054469	1.300198	0.010825	-0.012209	0.647943	0.027647	-0.015450	0.011436
1782835341.497295	-0.405989	0.054648	1.300158	0.012615	-0.012624	0.650002	0.027872	-0.018033	0.019221
1782835341.507079	-0.405735	0.054850	1.300119	0.010109	-0.011870	0.649946	0.013852	-0.009978	0.005862
1782835341.520418	-0.405590	0.055011	1.300066	0.009619	-0.012071	0.650795	0.013852	-0.009978	0.005862
1782835341.527959	-0.405299	0.055164	1.299941	0.009249	-0.012479	0.651629	0.018737	-0.012264	0.011384
1782835341.537361	-0.405050	0.055146	1.299872	0.008319	-0.011594	0.652257	0.018737	-0.012264	0.011384
1782835341.548002	-0.404954	0.055164	1.299873	0.007597	-0.010699	0.652920	0.022861	-0.017423	0.006575
1782835341.557616	-0.404687	0.055549	1.299769	0.008704	-0.010368	0.653158	0.022861	-0.017423	0.006575
1782835341.567665	-0.404687	0.055549	1.299769	0.008704	-0.010368	0.653158	0.017697	-0.012873	-0.008442
1782835341.577628	-0.404360	0.055659	1.299382	0.009588	-0.010045	0.653353	0.017697	-0.012873	-0.008442
1782835341.588074	-0.404181	0.055761	1.299127	0.008285	-0.012745	0.654967	0.015069	-0.010713	-0.012202
1782835341.597271	-0.403996	0.055778	1.298841	0.011046	-0.012919	0.656120	0.015069	-0.010713	-0.012202
1782835341.607587	-0.403593	0.056001	1.298655	0.011551	-0.012820	0.657480	0.024324	-0.021431	-0.004966
1782835341.619102	-0.403477	0.056019	1.298436	0.013703	-0.012854	0.658353	0.024324	-0.021431	-0.004966
1782835341.627559	-0.403333	0.056212	1.298183	0.013803	-0.010850	0.658660	0.020458	-0.016723	-0.022672
1782835341.638568	-0.403081	0.056318	1.297795	0.013698	-0.011250	0.659169	0.020458	-0.016723	-0.022672
1782835341.647276	-0.402969	0.056401	1.297453	0.010372	-0.011823	0.660672	0.014197	-0.012538	-0.023853
1782835341.658070	-0.402822	0.056536	1.297144	0.011463	-0.012152	0.660831	0.014197	-0.012538	-0.023853
1782835341.667309	-0.402822	0.056536	1.297144	0.011463	-0.012152	0.660831	0.025355	-0.021611	-0.007321
1782835341.677572	-0.402687	0.056512	1.296867	0.011360	-0.014093	0.661868	0.025355	-0.021611	-0.007321
1782835341.687598	-0.402490	0.056501	1.296578	0.012144	-0.014692	0.665848	0.018637	-0.017555	-0.022111
1782835341.697355	-0.402397	0.056616	1.296425	0.012209	-0.014752	0.666326	0.018637	-0.017555	-0.022111
1782835341.709009	-0.402228	0.056693	1.296457	0.012769	-0.013567	0.666708	0.014966	-0.013879	-0.021765
1782835341.717201	-0.402103	0.056840	1.296144	0.010813	-0.014128	0.666987	0.014966	-0.013879	-0.021765
1782835341.728048	-0.401961	0.056996	1.295942	0.009450	-0.012649	0.667228	0.029125	-0.023330	-0.006205
1782835341.741405	-0.401851	0.057028	1.295757	0.008568	-0.014578	0.667957	0.015338	-0.015181	-0.014517
1782835341.747501	-0.401620	0.057110	1.295685	0.011421	-0.015241	0.669800	0.015338	-0.015181	-0.014517
1782835341.757446	-0.401504	0.057183	1.295654	0.010957	-0.015147	0.670874	0.026689	-0.021480	0.002091
1782835341.767501	-0.401504	0.057183	1.295654	0.010957	-0.015147	0.670874	0.026689	-0.021480	0.002091
1782835341.778065	-0.401334	0.057088	1.295709	0.010828	-0.014333	0.672850	0.026689	-0.021480	0.002091
1782835341.787256	-0.401012	0.057087	1.295843	0.010153	-0.013385	0.674425	0.024576	-0.022073	0.006806
1782835341.797291	-0.400824	0.057182	1.296013	0.014076	-0.014778	0.675732	0.024576	-0.022073	0.006806
1782835341.808768	-0.400724	0.057206	1.296184	0.012958	-0.015042	0.675839	0.012539	-0.012882	0.002149
1782835341.817411	-0.400603	0.057295	1.296326	0.011709	-0.014873	0.676402	0.012539	-0.012882	0.002149
1782835341.828517	-0.400429	0.057310	1.296492	0.013004	-0.015358	0.676866	0.024555	-0.026213	0.032612
1782835341.838513	-0.400257	0.057227	1.296669	0.014411	-0.017166	0.678294	0.024555	-0.026213	0.032612
1782835341.847467	-0.400277	0.057224	1.296811	0.014139	-0.017795	0.679844	0.011649	-0.021576	0.018412
1782835341.858546	-0.400165	0.057191	1.297043	0.015214	-0.016920	0.679380	0.011649	-0.021576	0.018412
1782835341.867075	-0.400165	0.057191	1.297043	0.015214	-0.016920	0.679380	0.008480	-0.019357	0.022402
1782835341.879316	-0.399967	0.057108	1.297338	0.016486	-0.014728	0.681016	0.008480	-0.019357	0.022402
1782835341.887644	-0.399756	0.057171	1.297560	0.011853	-0.014786	0.682405	0.019850	-0.027137	0.035300
1782835341.898458	-0.399680	0.057215	1.297886	0.012513	-0.012330	0.682354	0.019850	-0.027137	0.035300
1782835341.907364	-0.399526	0.057247	1.297953	0.011715	-0.012386	0.682789	0.008485	-0.023227	0.013588
1782835341.917621	-0.399425	0.057253	1.298076	0.012273	-0.014094	0.684347	0.008485	-0.023227	0.013588
1782835341.927450	-0.399401	0.057202	1.298408	0.011162	-0.012534	0.683652	-0.000500	-0.018542	0.009931
1782835341.938003	-0.399330	0.056966	1.298416	0.012386	-0.014331	0.685248	-0.000500	-0.018542	0.009931
1782835341.947407	-0.399073	0.056877	1.298363	0.011631	-0.013435	0.686970	0.011081	-0.030593	0.027141
1782835341.957306	-0.399008	0.056862	1.298702	0.014439	-0.013944	0.686900	0.011081	-0.030593	0.027141
1782835341.967242	-0.399008	0.056862	1.298702	0.014439	-0.013944	0.686900	0.002484	-0.026974	0.011575
1782835341.978066	-0.398900	0.056807	1.298625	0.014151	-0.014706	0.687634	0.002484	-0.026974	0.011575
1782835341.987530	-0.398789	0.056727	1.298517	0.013909	-0.013906	0.688717	-0.008007	-0.018689	0.010571
1782835341.998047	-0.398843	0.056573	1.298502	0.012991	-0.014780	0.689213	-0.008007	-0.018689	0.010571
1782835342.007215	-0.398730	0.056435	1.298335	0.012175	-0.015350	0.691003	0.002590	-0.028689	0.023027
1782835342.017179	-0.398576	0.056234	1.298129	0.010312	-0.013607	0.692309	0.002590	-0.028689	0.023027
1782835342.027695	-0.398599	0.056240	1.298028	0.012003	-0.014245	0.692629	-0.002689	-0.028295	0.011071
1782835342.038949	-0.398454	0.056293	1.297935	0.010866	-0.012588	0.693421	-0.002689	-0.028295	0.011071
1782835342.047343	-0.398404	0.056224	1.297765	0.011358	-0.012678	0.694022	-0.009543	-0.023160	-0.005328
1782835342.058280	-0.398424	0.056199	1.297550	0.011350	-0.014260	0.694289	-0.009543	-0.023160	-0.005328
1782835342.067088	-0.398424	0.056199	1.297550	0.011350	-0.014260	0.694289	-0.005068	-0.027234	-0.000765
1782835342.077845	-0.398216	0.055953	1.297265	0.010714	-0.012808	0.695093	0.002231	-0.032201	-0.009452
1782835342.087945	-0.398075	0.055811	1.296986	0.013699	-0.013493	0.695453	0.002231	-0.032201	-0.009452
1782835342.099170	-0.397924	0.055541	1.296549	0.015104	-0.013991	0.696807	0.002231	-0.032201	-0.009452
1782835342.107823	-0.398020	0.055501	1.296280	0.014110	-0.011634	0.696731	-0.010683	-0.022957	-0.029148
1782835342.118854	-0.397949	0.055368	1.296038	0.011779	-0.010553	0.697408	-0.010683	-0.022957	-0.029148
1782835342.127085	-0.397955	0.055220	1.295556	0.008693	-0.011703	0.697775	-0.004879	-0.029139	-0.019264
1782835342.137117	-0.397883	0.055048	1.295393	0.011893	-0.011965	0.697025	0.005950	-0.035903	-0.017199
1782835342.147179	-0.397661	0.054678	1.294840	0.011307	-0.012932	0.700039	0.005950	-0.035903	-0.017199
1782835342.158846	-0.397661	0.054678	1.294840	0.011307	-0.012932	0.700039	0.005950	-0.035903	-0.017199
1782835342.169349	-0.397523	0.054695	1.294662	0.012702	-0.012668	0.701309	-0.008119	-0.028559	-0.029382
1782835342.178864	-0.397550	0.054599	1.294606	0.012862	-0.012503	0.700991	-0.008119	-0.028559	-0.029382
1782835342.187497	-0.397483	0.054460	1.294369	0.014466	-0.013318	0.701387	0.002496	-0.034141	-0.007434
1782835342.198828	-0.397471	0.054260	1.294158	0.012645	-0.013625	0.702532	0.002496	-0.034141	-0.007434
1782835342.207591	-0.397389	0.054084	1.293880	0.014249	-0.015325	0.702811	0.002271	-0.036562	-0.013640
1782835342.219410	-0.397497	0.053862	1.293767	0.015140	-0.016390	0.702758	0.002271	-0.036562	-0.013640
1782835342.227442	-0.397497	0.053862	1.293767	0.015140	-0.016390	0.702758	-0.008048	-0.031180	-0.007448
1782835342.238539	-0.397497	0.053862	1.293767	0.015140	-0.016390	0.702758	-0.008048	-0.031180	-0.007448
1782835342.247130	-0.397497	0.053862	1.293767	0.015140	-0.016390	0.702758	0.005400	-0.039966	0.017605
1782835342.257242	-0.397300	0.052763	1.293701	0.010952	-0.016542	0.707416	0.005400	-0.039966	0.017605
1782835342.269908	-0.397300	0.052763	1.293701	0.010952	-0.016542	0.707416	-0.013707	-0.031601	0.001804
1782835342.280581	-0.397077	0.052517	1.294064	0.012050	-0.015215	0.708239	-0.005819	-0.038791	0.032405
1782835342.287775	-0.397107	0.052278	1.294022	0.010395	-0.014933	0.708594	-0.005819	-0.038791	0.032405
1782835342.298040	-0.397035	0.051944	1.294195	0.009590	-0.014691	0.708289	-0.005819	-0.038791	0.032405
1782835342.308673	-0.397125	0.051777	1.294353	0.010709	-0.015253	0.708026	-0.006210	-0.039094	0.029564
1782835342.318251	-0.397130	0.051470	1.294464	0.006672	-0.015123	0.708161	-0.006210	-0.039094	0.029564
1782835342.335273	-0.397159	0.051258	1.294615	0.007040	-0.016299	0.709141	-0.018770	-0.030378	0.017118
1782835342.344862	-0.397076	0.050733	1.294841	0.007319	-0.015003	0.710977	-0.008179	-0.038977	0.037952
1782835342.352636	-0.397076	0.050733	1.294841	0.007319	-0.015003	0.710977	-0.008179	-0.038977	0.037952
1782835342.364676	-0.397076	0.050733	1.294841	0.007319	-0.015003	0.710977	-0.007822	-0.039549	0.025239
1782835342.369303	-0.397002	0.050500	1.294863	0.007163	-0.015756	0.712875	-0.007822	-0.039549	0.025239
1782835342.382908	-0.397088	0.050287	1.295193	0.008448	-0.014266	0.711642	-0.025015	-0.029113	0.009539
1782835342.389440	-0.396981	0.049929	1.295035	0.007528	-0.015493	0.714224	-0.025015	-0.029113	0.009539
1782835342.403364	-0.397034	0.049680	1.295055	0.007917	-0.015896	0.715707	-0.025015	-0.029113	0.009539
1782835342.409167	-0.397166	0.049340	1.295011	0.007136	-0.015174	0.715806	-0.015682	-0.034042	0.028849
1782835342.419497	-0.397131	0.049033	1.294969	0.006041	-0.014275	0.717120	-0.015682	-0.034042	0.028849
1782835342.428579	-0.397251	0.048744	1.295081	0.006097	-0.013431	0.717737	-0.012376	-0.036533	0.022767
1782835342.437310	-0.397375	0.048416	1.295124	0.007495	-0.012929	0.717391	-0.012376	-0.036533	0.022767
1782835342.449142	-0.397359	0.048351	1.295032	0.007678	-0.012160	0.717430	-0.028526	-0.025214	0.012835
1782835342.457724	-0.397359	0.048351	1.295032	0.007678	-0.012160	0.717430	-0.022374	-0.029157	0.025976
1782835342.467823	-0.397630	0.048073	1.294996	0.005879	-0.011479	0.717964	-0.022374	-0.029157	0.025976
1782835342.478385	-0.397811	0.047826	1.294954	0.007351	-0.012480	0.718091	-0.022374	-0.029157	0.025976
1782835342.488984	-0.397707	0.047530	1.294677	0.006609	-0.012752	0.719786	-0.016871	-0.032513	0.022212
1782835342.497563	-0.397858	0.047204	1.294600	0.003877	-0.011570	0.720745	-0.016871	-0.032513	0.022212
1782835342.507841	-0.397930	0.046936	1.294391	0.004734	-0.012424	0.722169	-0.033034	-0.018282	0.006938
1782835342.518209	-0.398103	0.046807	1.294296	0.008533	-0.011373	0.721167	-0.033034	-0.018282	0.006938
1782835342.527941	-0.398089	0.046642	1.294249	0.008168	-0.010179	0.721540	-0.024737	-0.024734	0.018673
1782835342.537846	-0.398314	0.046399	1.294095	0.008259	-0.013020	0.721700	-0.024737	-0.024734	0.018673
1782835342.547828	-0.398395	0.046162	1.293936	0.011514	-0.012676	0.721499	-0.018804	-0.026874	0.009536
1782835342.558585	-0.398483	0.045721	1.293479	0.008674	-0.011611	0.724559	-0.018804	-0.026874	0.009536
1782835342.567600	-0.398483	0.045721	1.293479	0.008674	-0.011611	0.724559	-0.031341	-0.018029	-0.010164
1782835342.577443	-0.398764	0.045557	1.293279	0.007148	-0.009822	0.726627	-0.031341	-0.018029	-0.010164
1782835342.589844	-0.398832	0.045403	1.293198	0.008322	-0.009088	0.726403	-0.023731	-0.019437	0.007255
1782835342.605525	-0.398916	0.045298	1.293004	0.008263	-0.009246	0.726972	-0.017451	-0.023708	0.001181
1782835342.610541	-0.399092	0.045082	1.292902	0.008501	-0.009718	0.727978	-0.017451	-0.023708	0.001181
1782835342.619822	-0.399274	0.044948	1.292827	0.009533	-0.009780	0.727703	-0.017451	-0.023708	0.001181
1782835342.630988	-0.399476	0.044696	1.292750	0.007928	-0.009257	0.728877	-0.028282	-0.012264	-0.012440
1782835342.637740	-0.399476	0.044696	1.292750	0.007928	-0.009257	0.728877	-0.028282	-0.012264	-0.012440
1782835342.647998	-0.399862	0.044161	1.292421	0.006109	-0.009410	0.730394	-0.012916	-0.021270	0.005745
1782835342.658702	-0.399862	0.044161	1.292421	0.006109	-0.009410	0.730394	-0.012916	-0.021270	0.005745
1782835342.669735	-0.399922	0.043954	1.292256	0.006845	-0.009046	0.731197	-0.014733	-0.019066	-0.000344
1782835342.678780	-0.400128	0.043871	1.292161	0.004403	-0.007910	0.732970	-0.014733	-0.019066	-0.000344
1782835342.688068	-0.400423	0.043729	1.292123	0.007616	-0.007278	0.733058	-0.021534	-0.013257	0.005151
1782835342.699557	-0.400700	0.043609	1.292204	0.006857	-0.007034	0.733193	-0.021534	-0.013257	0.005151
1782835342.707884	-0.400865	0.043388	1.292228	0.006197	-0.006782	0.735271	-0.006996	-0.019681	0.024525
1782835342.718980	-0.401045	0.043276	1.292343	0.007063	-0.007257	0.735208	-0.006996	-0.019681	0.024525
1782835342.729453	-0.401142	0.043097	1.292339	0.008324	-0.008209	0.735293	-0.024619	-0.008789	0.020951
1782835342.738345	-0.401142	0.043097	1.292339	0.008324	-0.008209	0.735293	-0.024619	-0.008789	0.020951
1782835342.747592	-0.401332	0.042943	1.292596	0.007696	-0.007172	0.737903	-0.020325	-0.012841	0.036985
1782835342.757745	-0.401332	0.042943	1.292596	0.007696	-0.007172	0.737903	-0.020325	-0.012841	0.036985
1782835342.768283	-0.401528	0.042767	1.292974	0.006013	-0.008755	0.738445	-0.016969	-0.014576	0.042022
1782835342.777310	-0.401924	0.042605	1.293370	0.007692	-0.007531	0.739773	-0.016969	-0.014576	0.042022
1782835342.787434	-0.402088	0.042538	1.293618	0.003923	-0.006718	0.739349	-0.025849	-0.006143	0.039684
1782835342.797168	-0.402203	0.042458	1.293794	0.005689	-0.007081	0.740893	-0.025849	-0.006143	0.039684
1782835342.807119	-0.402383	0.042420	1.294039	0.008623	-0.008005	0.741446	-0.020594	-0.012269	0.049372
1782835342.818609	-0.402605	0.042319	1.294384	0.011392	-0.007529	0.742105	-0.020594	-0.012269	0.049372
1782835342.827326	-0.402757	0.042255	1.294506	0.009866	-0.008064	0.743320	-0.023081	-0.010624	0.040557
1782835342.837280	-0.402889	0.042281	1.294616	0.011253	-0.008913	0.744056	-0.023081	-0.010624	0.040557
1782835342.847342	-0.403069	0.042190	1.295014	0.010714	-0.006949	0.744141	-0.023938	-0.003452	0.032418
1782835342.858764	-0.403196	0.042228	1.295044	0.010962	-0.007125	0.745465	-0.014496	-0.010022	0.029396
1782835342.867397	-0.403196	0.042228	1.295044	0.010962	-0.007125	0.745465	-0.014496	-0.010022	0.029396
1782835342.878551	-0.403541	0.042218	1.295146	0.011552	-0.006755	0.745493	-0.014496	-0.010022	0.029396
1782835342.887089	-0.403718	0.042171	1.295220	0.012543	-0.007388	0.746291	-0.017366	-0.010136	0.020079
1782835342.898060	-0.403798	0.042106	1.295234	0.010373	-0.007797	0.748665	-0.017366	-0.010136	0.020079
1782835342.907122	-0.404015	0.042109	1.295201	0.010659	-0.007568	0.749792	-0.020131	-0.004517	0.011640
1782835342.919037	-0.404201	0.042111	1.295055	0.012845	-0.007678	0.749626	-0.020131	-0.004517	0.011640
1782835342.927209	-0.404400	0.042100	1.294941	0.013535	-0.007184	0.751833	-0.006253	-0.008287	0.011404
1782835342.937192	-0.404632	0.042233	1.294909	0.013617	-0.006320	0.751344	-0.006253	-0.008287	0.011404
1782835342.947137	-0.404771	0.042311	1.294867	0.013114	-0.005501	0.751502	-0.014973	-0.006988	0.004668
1782835342.957128	-0.404863	0.042269	1.294668	0.009062	-0.005096	0.753559	-0.014973	-0.006988	0.004668
1782835342.968576	-0.404863	0.042269	1.294668	0.009062	-0.005096	0.753559	-0.021190	-0.001669	0.010008
1782835342.977603	-0.405133	0.042349	1.294447	0.009170	-0.005671	0.753543	-0.021190	-0.001669	0.010008
1782835342.988256	-0.405259	0.042384	1.294185	0.007591	-0.006215	0.755050	-0.006287	-0.003775	0.011637
1782835342.997653	-0.405485	0.042419	1.293904	0.005649	-0.004790	0.756217	-0.018780	0.000090	-0.000723
1782835343.007280	-0.405800	0.042586	1.293833	0.007825	-0.004608	0.756618	-0.018780	0.000090	-0.000723
1782835343.024211	-0.405855	0.042730	1.293482	0.008736	-0.002536	0.757330	-0.016284	0.000863	0.018452
1782835343.029759	-0.405855	0.042730	1.293482	0.008736	-0.002536	0.757330	-0.016284	0.000863	0.018452
1782835343.038999	-0.406166	0.042893	1.293340	0.008373	-0.001933	0.758838	-0.016284	0.000863	0.018452
1782835343.053035	-0.406262	0.042977	1.293120	0.007996	-0.002334	0.758626	-0.001539	-0.001946	0.018794
1782835343.058035	-0.406262	0.042977	1.293120	0.007996	-0.002334	0.758626	-0.001539	-0.001946	0.018794
1782835343.074061	-0.406617	0.043339	1.292949	0.008396	-0.001620	0.760658	-0.018821	0.007777	-0.002528
1782835343.085810	-0.406617	0.043339	1.292949	0.008396	-0.001620	0.760658	-0.009576	0.007141	0.016540
1782835343.091295	-0.406617	0.043339	1.292949	0.008396	-0.001620	0.760658	-0.009576	0.007141	0.016540
1782835343.099237	-0.406771	0.043540	1.292729	0.008149	-0.000780	0.761639	-0.009576	0.007141	0.016540
1782835343.108547	-0.406950	0.043632	1.292668	0.010848	-0.001354	0.762460	0.004644	-0.000113	0.014716
1782835343.120028	-0.407231	0.043971	1.292492	0.009876	-0.002622	0.762846	0.004644	-0.000113	0.014716
1782835343.127792	-0.407310	0.044110	1.292480	0.010117	-0.002824	0.762614	-0.012485	0.013934	-0.003799
1782835343.137887	-0.407373	0.044342	1.292180	0.008940	-0.003741	0.762774	-0.012485	0.013934	-0.003799
1782835343.147831	-0.407513	0.044430	1.292065	0.008279	-0.005299	0.763419	-0.002509	0.008308	0.014690
1782835343.162379	-0.407576	0.044479	1.292004	0.009409	-0.005438	0.763381	-0.002509	0.008308	0.014690
1782835343.168553	-0.407576	0.044479	1.292004	0.009409	-0.005438	0.763381	0.005536	0.002029	0.020464
1782835343.177550	-0.407640	0.044735	1.291907	0.010348	-0.005807	0.764224	0.005536	0.002029	0.020464
1782835343.187425	-0.407763	0.044929	1.291678	0.011754	-0.005188	0.766074	-0.003873	0.008544	-0.001067
1782835343.197421	-0.407833	0.045156	1.291631	0.016032	-0.005841	0.764667	-0.003873	0.008544	-0.001067
1782835343.207789	-0.407840	0.045361	1.291765	0.017428	-0.006845	0.765449	-0.001612	0.010139	0.008403
1782835343.217533	-0.408084	0.045639	1.291594	0.012207	-0.007900	0.767137	-0.001612	0.010139	0.008403
1782835343.227109	-0.408244	0.045830	1.291619	0.012774	-0.008715	0.767471	0.007227	0.004408	0.015333
1782835343.237140	-0.408291	0.045913	1.291528	0.013367	-0.008283	0.767918	0.007227	0.004408	0.015333
1782835343.247819	-0.408429	0.046204	1.291293	0.011478	-0.008942	0.770105	-0.001670	0.011113	0.005406
1782835343.257465	-0.408561	0.046366	1.291495	0.013186	-0.010211	0.770929	-0.001670	0.011113	0.005406
1782835343.267713	-0.408595	0.046563	1.291551	0.013961	-0.009450	0.771371	0.014663	0.006454	0.015308
1782835343.277138	-0.408595	0.046563	1.291551	0.013961	-0.009450	0.771371	0.014663	0.006454	0.015308
1782835343.287106	-0.408619	0.046927	1.291700	0.011473	-0.009286	0.773545	0.007380	0.008533	0.011600
1782835343.297147	-0.408679	0.047281	1.291845	0.013333	-0.010429	0.774180	0.007380	0.008533	0.011600
1782835343.307137	-0.408927	0.047522	1.291968	0.014143	-0.009677	0.773129	0.012457	0.008947	0.014935
1782835343.319392	-0.408826	0.047709	1.291968	0.014423	-0.009427	0.774500	0.012457	0.008947	0.014935
1782835343.327153	-0.408862	0.047831	1.292075	0.013549	-0.010243	0.775093	0.014977	0.005313	0.012889
1782835343.337142	-0.409245	0.048019	1.292274	0.013770	-0.008813	0.775265	0.004304	0.010702	0.016805
1782835343.347126	-0.409191	0.048241	1.292381	0.012889	-0.009409	0.776148	0.004304	0.010702	0.016805
1782835343.357231	-0.409341	0.048445	1.292559	0.011858	-0.010020	0.777098	0.004304	0.010702	0.016805
1782835343.367514	-0.409341	0.048445	1.292559	0.011858	-0.010020	0.777098	0.018179	0.003370	0.023936
1782835343.377352	-0.409504	0.048646	1.292911	0.015783	-0.012623	0.778235	0.018179	0.003370	0.023936
1782835343.387070	-0.409660	0.048814	1.293326	0.016253	-0.013010	0.779828	0.003942	0.006734	0.016985
1782835343.397155	-0.409616	0.049016	1.293432	0.015736	-0.012229	0.780308	0.003942	0.006734	0.016985
1782835343.407174	-0.409765	0.049098	1.293631	0.017177	-0.013002	0.781466	0.010260	0.004332	0.030005
1782835343.423715	-0.409916	0.049440	1.293778	0.018667	-0.012744	0.782274	0.010260	0.004332	0.030005
1782835343.433214	-0.409970	0.049629	1.294020	0.016414	-0.011816	0.782249	0.015560	0.002201	0.019724
1782835343.438222	-0.410111	0.049790	1.294088	0.016785	-0.013197	0.783103	0.015560	0.002201	0.019724
1782835343.447639	-0.410182	0.049962	1.294189	0.015902	-0.013496	0.783534	-0.000910	0.007850	0.006534
1782835343.457705	-0.410182	0.049962	1.294189	0.015902	-0.013496	0.783534	-0.000910	0.007850	0.006534
1782835343.473615	-0.410096	0.050075	1.294343	0.016889	-0.012391	0.784188	0.010919	-0.000558	0.022697
1782835343.477814	-0.410142	0.050204	1.294293	0.016482	-0.011933	0.784959	0.010919	-0.000558	0.022697
1782835343.569941	-0.410176	0.050617	1.294466	0.019358	-0.012250	0.785155	0.015012	-0.002178	0.009538
1782835343.645759	-0.410929	0.051742	1.294270	0.018541	-0.012612	0.792135	0.007738	-0.003483	0.002733
1782835343.719462	-0.407524	0.053543	1.290976	0.044917	0.066670	0.768529	0.033798	-0.001602	0.019054
1782835343.791074	-0.396047	0.057492	1.280768	0.084499	0.198039	0.705917	0.161594	-0.036635	-0.084181
1782835343.862879	-0.377921	0.062973	1.259399	0.103631	0.308111	0.639405	0.402917	-0.092329	-0.214755
1782835343.929729	-0.350383	0.071939	1.229308	0.090781	0.369461	0.571984	0.704497	-0.121873	-0.217461
1782835344.002190	-0.300884	0.088359	1.190964	0.073602	0.358464	0.501864	0.936271	-0.133822	-0.184756
1782835344.077235	-0.244881	0.107448	1.158570	0.061583	0.275053	0.459828	1.095853	-0.123835	-0.217899
1782835344.152775	-0.179371	0.128951	1.127007	0.048419	0.145216	0.426650	1.210305	-0.130450	-0.385945
1782835344.235482	-0.097989	0.154512	1.087432	0.039335	0.031434	0.399856	1.175383	-0.125371	-0.603214
1782835344.311450	-0.006179	0.181199	1.038497	0.037179	-0.081700	0.359206	1.035624	-0.107035	-0.686121
1782835344.388362	0.066282	0.200295	0.998914	0.030109	-0.135991	0.325102	0.871283	-0.091227	-0.609482
1782835344.462129	0.128080	0.214231	0.971170	0.039088	-0.132342	0.292620	0.744539	-0.068998	-0.382616
1782835344.538374	0.172731	0.222718	0.958500	0.045209	-0.095080	0.268818	0.680263	-0.072275	-0.232266
1782835344.653097	0.217648	0.228410	0.952399	0.053562	-0.040409	0.244074	0.623834	-0.070913	-0.089948
1782835344.730129	0.276566	0.230906	0.951727	0.060376	0.024584	0.213688	0.639912	-0.107717	0.000248
1782835344.804569	0.324445	0.229348	0.953469	0.066744	0.053982	0.188174	0.638474	-0.112732	0.020955
1782835344.876740	0.361645	0.225836	0.955681	0.072929	0.043250	0.163979	0.676663	-0.142706	0.008568
1782835344.951155	0.400001	0.220664	0.957039	0.072270	0.009524	0.145472	0.688645	-0.169548	-0.018979
1782835345.025230	0.445069	0.212204	0.955525	0.061197	-0.033287	0.122826	0.654832	-0.198565	-0.097944
1782835345.094255	0.487459	0.200722	0.948920	0.043449	-0.072924	0.106450	0.616044	-0.231194	-0.184805
1782835345.175698	0.520005	0.188894	0.939480	0.025320	-0.090182	0.096136	0.516532	-0.266199	-0.224612
1782835345.247884	0.551909	0.172540	0.926890	0.016025	-0.093067	0.091266	0.399425	-0.281286	-0.200636
1782835345.324116	0.576571	0.155001	0.915049	-0.001357	-0.078111	0.089243	0.292655	-0.276698	-0.147440
1782835345.397126	0.594155	0.137646	0.905267	-0.017777	-0.050746	0.086227	0.241014	-0.267187	-0.107068
1782835345.480434	0.605712	0.123732	0.898804	-0.022610	-0.023014	0.080512	0.182674	-0.237531	-0.076485
1782835345.593209	0.617593	0.108354	0.893518	-0.027377	0.006932	0.068838	0.130829	-0.196418	-0.026526
1782835345.726229	0.630226	0.094084	0.891646	-0.026046	0.033319	0.048171	0.122309	-0.142110	0.042195
1782835345.858096	0.653006	0.083062	0.902923	-0.007140	0.051480	0.006713	0.095677	-0.065295	0.119586
1782835345.927850	0.662617	0.081307	0.909601	0.000677	0.045942	-0.009871	0.115330	-0.064524	0.097207
1782835346.004659	0.673514	0.079772	0.915106	0.003709	0.035980	-0.017521	0.094310	-0.060390	0.070745
1782835346.090849	0.684408	0.078506	0.916249	0.014112	0.020830	-0.025959	0.078018	-0.062429	-0.033501
1782835346.187556	0.695287	0.076484	0.909132	0.014022	0.010084	-0.030740	0.033750	-0.066817	-0.122681
1782835346.279943	0.704003	0.074131	0.894328	0.013693	0.007931	-0.031690	-0.004997	-0.072042	-0.156185
1782835346.363227	0.711365	0.070526	0.876434	0.012708	0.017376	-0.032013	-0.028793	-0.075301	-0.120867
1782835346.438763	0.715894	0.067285	0.865854	0.006805	0.029635	-0.028615	-0.024939	-0.078506	-0.052889
1782835346.511105	0.720421	0.063939	0.861396	0.005384	0.040124	-0.024743	-0.047462	-0.064018	0.008822
1782835346.589165	0.725615	0.060722	0.863536	0.000999	0.048347	-0.024764	-0.022180	-0.056134	0.101011
1782835346.665461	0.731818	0.058320	0.869870	0.004075	0.050079	-0.028161	-0.021959	-0.042792	0.121901
1782835346.734061	0.737622	0.056303	0.877775	0.003276	0.044851	-0.031687	-0.027538	-0.024322	0.101948
1782835346.809840	0.744100	0.054326	0.885825	0.010821	0.035987	-0.033655	-0.034658	-0.022934	0.096528
1782835346.928322	0.750585	0.051693	0.891836	0.020105	0.025511	-0.036970	-0.039811	-0.034234	0.058639
1782835346.998330	0.755629	0.047671	0.893242	0.024768	0.018088	-0.036622	-0.062960	-0.046420	0.014744
1782835347.070343	0.757463	0.044134	0.891586	0.024563	0.016110	-0.031871	-0.073860	-0.066667	-0.011867
1782835347.142973	0.757985	0.039053	0.887184	0.014161	0.022319	-0.027757	-0.087741	-0.071059	-0.060018
1782835347.213512	0.756994	0.033670	0.881230	0.004027	0.030077	-0.027864	-0.095315	-0.074912	-0.051521
1782835347.281674	0.755719	0.029124	0.876443	-0.002491	0.037092	-0.025355	-0.118100	-0.062234	-0.042893
1782835347.357940	0.753995	0.024447	0.872827	0.000719	0.038001	-0.022269	-0.109463	-0.053401	-0.033649
1782835347.440048	0.752222	0.019916	0.871958	-0.006282	0.042877	-0.017854	-0.095743	-0.044975	0.019512
1782835347.509318	0.750863	0.015565	0.875143	-0.007192	0.045375	-0.016189	-0.097287	-0.034347	0.079560
1782835347.581949	0.750245	0.013150	0.879610	-0.008350	0.044656	-0.014495	-0.092927	-0.016183	0.095948
1782835347.657241	0.750008	0.011060	0.884853	-0.000153	0.044823	-0.014375	-0.087291	-0.006472	0.080288
1782835347.725489	0.749886	0.009041	0.889238	0.001983	0.041253	-0.010998	-0.082908	-0.000078	0.059539
1782835347.801572	0.750054	0.007338	0.892502	0.008809	0.040909	-0.013384	-0.081212	0.000863	0.010216
1782835347.880118	0.750061	0.004998	0.892581	0.011032	0.039100	-0.013927	-0.063426	-0.010883	-0.010941
1782835347.974546	0.749671	0.002717	0.889879	0.015510	0.036745	-0.017799	-0.053216	-0.023145	-0.045063
1782835348.076115	0.748834	-0.000866	0.884831	0.013807	0.031432	-0.018842	-0.068108	-0.020916	-0.072521
1782835348.151198	0.747423	-0.005603	0.879911	0.010381	0.026635	-0.026381	-0.069941	-0.034373	-0.014889
1782835348.226805	0.745410	-0.009374	0.878190	0.003818	0.022701	-0.030538	-0.078380	-0.030431	-0.002633
1782835348.296992	0.742547	-0.013532	0.879555	-0.001949	0.023908	-0.033506	-0.087150	-0.021081	0.026084
1782835348.365990	0.739797	-0.016306	0.882277	-0.003617	0.027648	-0.037901	-0.091046	-0.012317	0.032608
1782835348.443153	0.736684	-0.018541	0.885402	-0.005370	0.035384	-0.041373	-0.090087	-0.004589	0.024842
1782835348.506121	0.733458	-0.020559	0.888875	-0.007756	0.043686	-0.046646	-0.081651	0.002457	0.012739
1782835348.569875	0.730757	-0.021706	0.890506	-0.009736	0.049272	-0.049052	-0.066127	0.011588	0.005300
1782835348.669625	0.728623	-0.022266	0.891765	-0.007276	0.049680	-0.050984	-0.043627	0.010199	0.005377
1782835348.770134	0.726874	-0.021870	0.893459	-0.005861	0.050638	-0.053166	-0.030528	0.020668	0.013620
1782835348.843234	0.726468	-0.020856	0.895678	-0.001803	0.041265	-0.057483	-0.016277	0.034304	0.029324
1782835348.914159	0.726774	-0.019779	0.897768	0.000040	0.033026	-0.061265	-0.019096	0.045918	0.019525
1782835348.989257	0.727059	-0.018404	0.899072	0.001087	0.029124	-0.065892	-0.011971	0.045071	0.011238
1782835349.065098	0.726806	-0.016543	0.899153	0.005395	0.023719	-0.069837	-0.013130	0.044579	-0.024323
1782835349.203719	0.725691	-0.014769	0.896847	0.010603	0.020042	-0.073427	-0.024414	0.042008	-0.062710
1782835349.295961	0.722776	-0.012122	0.889175	0.015335	0.023458	-0.080666	-0.043903	0.033349	-0.075747
1782835349.382944	0.720142	-0.011555	0.883568	0.016751	0.026782	-0.086492	-0.045416	0.020678	-0.050020
1782835349.448595	0.717084	-0.012002	0.879577	0.013511	0.031842	-0.088175	-0.030876	0.005891	-0.017699
1782835349.516406	0.715144	-0.012860	0.879223	0.010200	0.036131	-0.089848	-0.010395	-0.000550	-0.005885
1782835349.586974	0.713933	-0.014035	0.881319	0.008545	0.040580	-0.091945	-0.003011	-0.003527	0.038762
1782835349.656715	0.713203	-0.015539	0.884916	0.000805	0.043271	-0.091170	0.000769	-0.002394	0.071862
1782835349.727520	0.713025	-0.016767	0.889824	-0.000039	0.037319	-0.092195	0.020559	0.001259	0.067010
1782835349.796699	0.713406	-0.018471	0.895430	-0.003663	0.032742	-0.092949	0.028736	0.001054	0.035918
1782835349.866884	0.713763	-0.019575	0.898529	-0.003573	0.029850	-0.095335	0.012536	0.006401	0.011452
1782835349.938615	0.714152	-0.020576	0.899457	0.001498	0.026329	-0.094897	0.019856	-0.004039	0.005580
1782835350.008040	0.714206	-0.021952	0.898452	0.002659	0.026029	-0.093824	0.007906	0.000264	-0.006717
1782835350.083893	0.714030	-0.022876	0.896591	0.003331	0.023888	-0.092887	0.003861	-0.001328	-0.020190
1782835350.155546	0.713300	-0.023695	0.893852	-0.001476	0.028565	-0.092779	-0.002238	0.006382	-0.041477
1782835350.238945	0.713074	-0.024598	0.891437	-0.006972	0.028395	-0.094165	-0.001246	0.010958	-0.027949
1782835350.339888	0.712435	-0.024872	0.889279	-0.005645	0.029912	-0.096501	0.006598	0.010289	0.010848
1782835350.419781	0.712396	-0.024156	0.888607	-0.009395	0.029200	-0.104076	0.021059	0.024116	-0.013317
1782835350.490564	0.712638	-0.022108	0.888973	-0.012894	0.029960	-0.108296	0.026293	0.033579	-0.012259
1782835350.566022	0.713051	-0.020284	0.889345	-0.013240	0.031701	-0.110347	0.026747	0.042062	0.000159
