时间(s)	位置x(m)	位置y(m)	位置z(m)	欧拉角roll(rad)	欧拉角pitch(rad)	欧拉角yaw(rad)	速度x(m/s)	速度y(m/s)	速度z(m/s)
1782835080.144608	-0.454492	0.006958	1.220998	0.014014	-0.006152	0.009388	0.007614	0.006343	-0.015550
1782835080.152491	-0.454355	0.006937	1.221051	0.015287	-0.006651	0.009427	0.008609	0.004558	-0.003692
1782835080.162554	-0.454355	0.006937	1.221051	0.015287	-0.006651	0.009427	0.016302	-0.002899	0.008336
1782835080.172086	-0.454275	0.007135	1.221329	0.012509	-0.005752	0.009120	0.016302	-0.002899	0.008336
1782835080.182060	-0.454255	0.007121	1.221406	0.011199	-0.005809	0.009525	0.016302	-0.002899	0.008336
1782835080.193388	-0.454283	0.007380	1.221415	0.009918	-0.005625	0.012220	0.001318	0.006479	0.011742
1782835080.202564	-0.454327	0.007451	1.221865	0.007041	-0.003829	0.014811	0.013267	0.003370	0.076771
1782835080.212817	-0.454106	0.007566	1.222514	0.009492	-0.002645	0.016747	0.013267	0.003370	0.076771
1782835080.223480	-0.454213	0.007557	1.223388	0.011175	-0.002985	0.019804	0.000292	0.006820	0.136381
1782835080.232355	-0.454208	0.007827	1.224592	0.009342	-0.004443	0.021503	0.000292	0.006820	0.136381
1782835080.242258	-0.454140	0.007991	1.226259	0.009827	-0.002074	0.025384	0.014452	0.010533	0.160173
1782835080.251992	-0.454275	0.008033	1.228065	0.007441	-0.002721	0.028453	0.014452	0.010533	0.160173
1782835080.263382	-0.454275	0.008033	1.228065	0.007441	-0.002721	0.028453	0.013121	0.015377	0.211629
1782835080.272323	-0.454282	0.008223	1.230496	0.011912	-0.003453	0.030462	0.013121	0.015377	0.211629
1782835080.282312	-0.454076	0.008382	1.232948	0.011724	-0.001428	0.031921	0.013121	0.015377	0.211629
1782835080.294201	-0.454157	0.008471	1.235751	0.007763	-0.001168	0.034957	0.002973	0.015472	0.255029
1782835080.302332	-0.454182	0.008723	1.238670	0.007997	-0.001668	0.038258	0.017048	0.010479	0.305690
1782835080.312584	-0.454048	0.008838	1.241915	0.009592	-0.000954	0.040437	0.017048	0.010479	0.305690
1782835080.322472	-0.453977	0.009009	1.245297	0.010659	-0.000310	0.041958	0.006942	0.019322	0.297426
1782835080.332067	-0.454099	0.009006	1.248637	0.012626	0.000403	0.045592	0.006942	0.019322	0.297426
1782835080.342700	-0.453960	0.009002	1.251990	0.012946	-0.000761	0.050044	0.015217	0.012879	0.312334
1782835080.352102	-0.453977	0.009394	1.255492	0.014865	-0.001118	0.051677	0.015217	0.012879	0.312334
1782835080.363620	-0.453977	0.009394	1.255492	0.014865	-0.001118	0.051677	0.021604	0.012469	0.303062
1782835080.372048	-0.453867	0.009649	1.258728	0.014091	-0.000565	0.053319	0.021604	0.012469	0.303062
1782835080.382396	-0.453757	0.009808	1.261892	0.013164	-0.000889	0.057615	0.022351	0.010928	0.255842
1782835080.392136	-0.453886	0.009871	1.264915	0.013956	-0.001631	0.058856	0.022351	0.010928	0.255842
1782835080.402161	-0.453537	0.009892	1.267598	0.015063	0.000403	0.062324	0.022351	0.010928	0.255842
1782835080.412789	-0.453530	0.010073	1.270382	0.014379	0.002109	0.062636	0.025092	0.009888	0.206827
1782835080.423153	-0.453380	0.010125	1.272455	0.014819	-0.001319	0.066809	0.025092	0.009888	0.206827
1782835080.433342	-0.453473	0.010213	1.274462	0.013525	-0.000022	0.068434	0.023901	0.009940	0.179853
1782835080.442606	-0.453266	0.010418	1.276453	0.014554	0.000910	0.071216	0.023901	0.009940	0.179853
1782835080.456276	-0.453266	0.010418	1.276453	0.014554	0.000910	0.071216	0.014840	0.009700	0.161469
1782835080.471703	-0.453172	0.010518	1.277830	0.014678	0.000643	0.073265	0.014840	0.009700	0.161469
1782835080.480687	-0.453148	0.010858	1.279184	0.013504	0.000938	0.078035	0.034061	-0.000645	0.100202
1782835080.485687	-0.453009	0.010723	1.280099	0.014577	0.001245	0.077975	0.034061	-0.000645	0.100202
1782835080.504129	-0.452822	0.010899	1.281431	0.014573	0.002071	0.084515	0.031168	-0.000693	0.025919
1782835080.510900	-0.452776	0.011244	1.281744	0.012032	0.001913	0.089487	0.031168	-0.000693	0.025919
1782835080.526546	-0.452749	0.011172	1.281691	0.011564	0.002522	0.089385	0.031168	-0.000693	0.025919
1782835080.537225	-0.452499	0.011493	1.281591	0.012300	0.001392	0.093907	0.020886	-0.004702	0.001667
1782835080.550751	-0.452526	0.011508	1.281515	0.013968	0.002680	0.095109	0.030118	-0.006222	-0.013471
1782835080.555789	-0.452336	0.011520	1.281101	0.012728	0.001339	0.097747	0.030118	-0.006222	-0.013471
1782835080.560660	-0.452336	0.011520	1.281101	0.012728	0.001339	0.097747	0.030118	-0.006222	-0.013471
1782835080.569542	-0.452336	0.011520	1.281101	0.012728	0.001339	0.097747	0.020267	0.002474	-0.048257
1782835080.574192	-0.452179	0.011699	1.280585	0.014265	-0.000721	0.100502	0.020267	0.002474	-0.048257
1782835080.585701	-0.452041	0.011757	1.280116	0.012027	0.000398	0.102860	0.014919	0.003660	-0.050300
1782835080.592670	-0.451797	0.011845	1.279611	0.016541	0.000099	0.105927	0.014919	0.003660	-0.050300
1782835080.602079	-0.451774	0.011958	1.279177	0.013037	0.002133	0.106654	0.014919	0.003660	-0.050300
1782835080.612137	-0.451483	0.012085	1.278498	0.013372	0.001001	0.109120	0.024214	0.000999	-0.031520
1782835080.622191	-0.451187	0.012283	1.277996	0.014416	-0.001054	0.112622	0.021325	-0.002436	-0.019192
1782835080.632085	-0.451109	0.012341	1.277705	0.011061	-0.000065	0.115322	0.021325	-0.002436	-0.019192
1782835080.642627	-0.450892	0.012346	1.277323	0.011696	-0.001110	0.117908	0.021325	-0.002436	-0.019192
1782835080.652082	-0.450748	0.012399	1.277203	0.013618	-0.000969	0.120498	0.018406	0.000966	0.012251
1782835080.662115	-0.450748	0.012399	1.277203	0.013618	-0.000969	0.120498	0.027499	-0.004142	0.004227
1782835080.672160	-0.450588	0.012412	1.277387	0.013537	0.000248	0.122475	0.027499	-0.004142	0.004227
1782835080.682323	-0.450280	0.012335	1.277457	0.014986	-0.002609	0.125741	0.027499	-0.004142	0.004227
1782835080.693408	-0.449997	0.012540	1.277881	0.014835	-0.001475	0.129457	0.027499	-0.004142	0.004227
1782835080.702289	-0.449866	0.012720	1.278508	0.012195	-0.000523	0.131845	0.041421	-0.006027	0.062746
1782835080.712060	-0.449587	0.012755	1.279007	0.011477	0.000857	0.133430	0.041421	-0.006027	0.062746
1782835080.722057	-0.449384	0.012714	1.279747	0.014052	-0.000504	0.136404	0.026882	-0.001044	0.073812
1782835080.733733	-0.449094	0.012841	1.280651	0.015219	-0.002422	0.140046	0.026882	-0.001044	0.073812
1782835080.742448	-0.448852	0.012886	1.281496	0.012479	-0.002024	0.142121	0.026882	-0.001044	0.073812
1782835080.752249	-0.448570	0.012917	1.282563	0.012810	-0.000888	0.144617	0.038317	-0.010001	0.110347
1782835080.762011	-0.448570	0.012917	1.282563	0.012810	-0.000888	0.144617	0.024917	0.000520	0.107219
1782835080.772021	-0.448151	0.012803	1.283798	0.013120	-0.003902	0.148715	0.024917	0.000520	0.107219
1782835080.782552	-0.447990	0.012816	1.284765	0.010925	-0.003151	0.152358	0.037427	-0.007123	0.121988
1782835080.792180	-0.447586	0.013033	1.286385	0.010865	-0.003903	0.155026	0.037427	-0.007123	0.121988
1782835080.804319	-0.447323	0.012913	1.287566	0.011470	-0.004246	0.157794	0.037427	-0.007123	0.121988
1782835080.812029	-0.446998	0.012821	1.288713	0.009847	-0.002999	0.161514	0.038745	-0.006259	0.115699
1782835080.822040	-0.446726	0.012864	1.290025	0.011771	-0.003720	0.164453	0.027796	-0.000780	0.090244
1782835080.833110	-0.446325	0.012865	1.291161	0.011089	-0.002379	0.166464	0.027796	-0.000780	0.090244
1782835080.843307	-0.446031	0.012931	1.292218	0.008784	-0.005614	0.169942	0.035002	-0.006972	0.087378
1782835080.852783	-0.445848	0.012957	1.293259	0.009279	-0.006930	0.172652	0.035002	-0.006972	0.087378
1782835080.863036	-0.445848	0.012957	1.293259	0.009279	-0.006930	0.172652	0.042946	-0.013893	0.089208
1782835080.872218	-0.445396	0.012789	1.294066	0.011465	-0.008468	0.176643	0.042946	-0.013893	0.089208
1782835080.882121	-0.445117	0.012691	1.295030	0.010839	-0.006443	0.179178	0.042946	-0.013893	0.089208
1782835080.892002	-0.444857	0.012758	1.295509	0.010471	-0.006988	0.181135	0.031353	-0.006384	0.054804
1782835080.903608	-0.444431	0.012874	1.296139	0.009574	-0.007124	0.184624	0.042078	-0.009952	0.031183
1782835080.912489	-0.444337	0.012767	1.296611	0.011684	-0.010199	0.186239	0.042078	-0.009952	0.031183
1782835080.923922	-0.443812	0.012807	1.296723	0.011594	-0.010411	0.189272	0.041796	-0.011499	0.020710
1782835080.932188	-0.443540	0.013012	1.297122	0.013676	-0.010442	0.192188	0.041796	-0.011499	0.020710
1782835080.943586	-0.443344	0.013030	1.297179	0.014770	-0.011334	0.193469	0.029358	-0.003404	0.003431
1782835080.952072	-0.442970	0.013082	1.297103	0.012168	-0.010759	0.195924	0.029358	-0.003404	0.003431
1782835080.962930	-0.442970	0.013082	1.297103	0.012168	-0.010759	0.195924	0.029358	-0.003404	0.003431
1782835080.972326	-0.442698	0.013007	1.297011	0.010799	-0.011914	0.197907	0.015995	-0.002062	-0.001773
1782835080.983752	-0.442415	0.012938	1.296800	0.008020	-0.010906	0.200345	0.015995	-0.002062	-0.001773
1782835080.992464	-0.442180	0.012902	1.296744	0.008788	-0.010229	0.201266	0.023099	0.000715	-0.048830
1782835081.002426	-0.441951	0.013028	1.296520	0.007344	-0.008561	0.200809	0.023099	0.000715	-0.048830
1782835081.012954	-0.441543	0.012936	1.296126	0.011266	-0.010848	0.202985	0.028646	-0.011014	-0.003002
1782835081.022036	-0.441323	0.012903	1.295653	0.011239	-0.013059	0.206201	0.033940	-0.008280	-0.034368
1782835081.032591	-0.441110	0.012969	1.295152	0.009560	-0.012438	0.208741	0.033940	-0.008280	-0.034368
1782835081.042956	-0.440808	0.012965	1.294722	0.009701	-0.010189	0.210971	0.033940	-0.008280	-0.034368
1782835081.052079	-0.440808	0.012965	1.294722	0.009701	-0.010189	0.210971	0.020881	0.001926	-0.044868
1782835081.063218	-0.440659	0.013030	1.294486	0.009429	-0.009559	0.211855	0.020881	0.001926	-0.044868
1782835081.072195	-0.440518	0.013038	1.294195	0.010770	-0.010796	0.214048	0.019969	-0.004363	-0.030838
1782835081.082562	-0.440330	0.013153	1.294121	0.009470	-0.009907	0.215432	0.012359	-0.002369	-0.022555
1782835081.092447	-0.440190	0.013159	1.293735	0.008212	-0.012424	0.218050	0.012359	-0.002369	-0.022555
1782835081.104537	-0.440033	0.013233	1.293403	0.009963	-0.013665	0.220163	0.012359	-0.002369	-0.022555
1782835081.112807	-0.439879	0.013283	1.293156	0.010631	-0.012192	0.221535	0.017904	-0.002150	-0.016017
1782835081.122117	-0.439629	0.013113	1.292904	0.010677	-0.011882	0.225089	0.029959	-0.004311	-0.001288
1782835081.132490	-0.439602	0.013153	1.292859	0.011091	-0.013333	0.226499	0.029959	-0.004311	-0.001288
1782835081.143125	-0.439478	0.013291	1.293059	0.012023	-0.013744	0.229332	0.029959	-0.004311	-0.001288
1782835081.152103	-0.439257	0.013275	1.293264	0.010822	-0.010287	0.231053	0.013589	-0.002885	0.007819
1782835081.162472	-0.439257	0.013275	1.293264	0.010822	-0.010287	0.231053	0.016186	-0.002589	0.021784
1782835081.173209	-0.439100	0.013092	1.293263	0.010617	-0.011581	0.233876	0.016186	-0.002589	0.021784
1782835081.182765	-0.439024	0.013375	1.293595	0.008745	-0.010912	0.236241	0.019138	-0.003672	0.028583
1782835081.192102	-0.439008	0.013475	1.293910	0.008558	-0.010516	0.237715	0.019138	-0.003672	0.028583
1782835081.203651	-0.438871	0.013524	1.294273	0.009292	-0.012128	0.240581	0.019138	-0.003672	0.028583
1782835081.212034	-0.438774	0.013636	1.294401	0.008381	-0.014122	0.243727	0.005213	0.004933	0.030474
1782835081.222428	-0.438800	0.013693	1.294656	0.008834	-0.012731	0.245640	0.012378	0.003482	0.035003
1782835081.232028	-0.438800	0.013693	1.294656	0.008834	-0.012731	0.245640	0.012378	0.003482	0.035003
1782835081.242922	-0.438658	0.013718	1.295464	0.006396	-0.011144	0.252430	0.016926	-0.000930	0.037857
1782835081.252007	-0.438651	0.013907	1.295863	0.003217	-0.009190	0.253535	0.016926	-0.000930	0.037857
1782835081.262272	-0.438651	0.013907	1.295863	0.003217	-0.009190	0.253535	-0.000772	0.009576	0.030385
1782835081.272553	-0.438647	0.014045	1.296233	0.006504	-0.010575	0.255750	-0.000772	0.009576	0.030385
1782835081.283357	-0.438493	0.014100	1.296540	0.007572	-0.009820	0.258090	-0.000772	0.009576	0.030385
1782835081.292066	-0.438616	0.014071	1.296794	0.006564	-0.010868	0.260157	0.006435	0.010314	0.028574
1782835081.302176	-0.438436	0.014119	1.296999	0.006720	-0.010730	0.262958	0.013626	0.003570	0.030706
1782835081.312264	-0.438355	0.014145	1.297119	0.005580	-0.010786	0.265708	0.013626	0.003570	0.030706
1782835081.323166	-0.438258	0.014240	1.297348	0.006745	-0.011470	0.268579	0.001684	0.012440	0.016260
1782835081.333929	-0.438178	0.014486	1.297460	0.007786	-0.010621	0.269893	0.001684	0.012440	0.016260
1782835081.342161	-0.438010	0.014589	1.297619	0.008461	-0.009968	0.270337	0.001684	0.012440	0.016260
1782835081.352569	-0.438222	0.014831	1.297504	0.005189	-0.010955	0.273996	0.003170	0.012196	0.010511
1782835081.362700	-0.438222	0.014831	1.297504	0.005189	-0.010955	0.273996	0.014977	0.003814	0.009376
1782835081.372535	-0.438277	0.014912	1.297653	0.006158	-0.010202	0.276616	0.014977	0.003814	0.009376
1782835081.383158	-0.438193	0.014964	1.297483	0.008085	-0.010280	0.280797	0.014977	0.003814	0.009376
1782835081.392273	-0.438245	0.015025	1.297426	0.007038	-0.009305	0.281908	0.003622	0.012044	-0.014387
1782835081.402441	-0.438157	0.015118	1.297560	0.009904	-0.010247	0.282851	0.001065	0.014972	-0.010961
1782835081.412407	-0.438186	0.015202	1.297464	0.008484	-0.009645	0.283974	0.001065	0.014972	-0.010961
1782835081.422677	-0.438227	0.015506	1.297378	0.008722	-0.009211	0.286429	0.017186	0.003251	-0.003467
1782835081.433774	-0.438244	0.015565	1.297378	0.008310	-0.009516	0.288157	0.017186	0.003251	-0.003467
1782835081.442222	-0.438202	0.015798	1.297118	0.008019	-0.008826	0.291428	0.017186	0.003251	-0.003467
1782835081.452090	-0.438202	0.015798	1.297118	0.008019	-0.008826	0.291428	0.003082	0.011567	-0.026002
1782835081.462106	-0.438263	0.015958	1.297089	0.009187	-0.008848	0.294423	0.004978	0.012395	-0.013280
1782835081.472421	-0.438311	0.016054	1.297022	0.009330	-0.008663	0.296278	0.004978	0.012395	-0.013280
1782835081.482762	-0.438475	0.016243	1.296906	0.008007	-0.007952	0.299953	0.014815	0.005515	-0.009653
1782835081.492088	-0.438508	0.016496	1.296768	0.009784	-0.007507	0.302297	0.014815	0.005515	-0.009653
1782835081.502190	-0.438516	0.016600	1.296731	0.007585	-0.006396	0.302215	-0.004003	0.014821	-0.025896
1782835081.512511	-0.438510	0.016700	1.296670	0.007040	-0.008400	0.305142	-0.004003	0.014821	-0.025896
1782835081.525972	-0.438529	0.016839	1.296655	0.008636	-0.009107	0.307098	0.010918	0.007082	0.001150
1782835081.533000	-0.438640	0.016928	1.296620	0.009720	-0.009215	0.308976	0.010918	0.007082	0.001150
1782835081.544157	-0.438663	0.017062	1.296342	0.011049	-0.009631	0.313570	0.010918	0.007082	0.001150
1782835081.552077	-0.438697	0.017159	1.296507	0.011784	-0.008880	0.316307	0.005324	0.005855	-0.013551
1782835081.562014	-0.438697	0.017159	1.296507	0.011784	-0.008880	0.316307	-0.003282	0.014798	-0.012255
1782835081.573151	-0.438832	0.017246	1.296638	0.013884	-0.007758	0.318825	-0.003282	0.014798	-0.012255
1782835081.582410	-0.438739	0.017419	1.296525	0.010882	-0.007329	0.321381	-0.003282	0.014798	-0.012255
1782835081.593155	-0.438775	0.017565	1.296497	0.009120	-0.005867	0.323109	0.013138	0.004179	0.005813
1782835081.611571	-0.438893	0.017798	1.296470	0.011919	-0.006730	0.323766	0.013138	0.004179	0.005813
1782835081.626307	-0.438979	0.017936	1.296397	0.010494	-0.005881	0.328116	-0.004697	0.014862	-0.019396
1782835081.633024	-0.439062	0.017980	1.296484	0.012863	-0.007169	0.329612	0.005406	0.009107	0.001073
1782835081.636380	-0.439062	0.017980	1.296484	0.012863	-0.007169	0.329612	0.005406	0.009107	0.001073
1782835081.643761	-0.439154	0.018052	1.296468	0.014146	-0.007777	0.331342	0.005406	0.009107	0.001073
1782835081.653301	-0.439134	0.018358	1.296399	0.012694	-0.008539	0.338859	0.011191	0.004528	0.001973
1782835081.662805	-0.439134	0.018358	1.296399	0.012694	-0.008539	0.338859	0.011191	0.004528	0.001973
1782835081.672780	-0.439281	0.018535	1.296624	0.012975	-0.008035	0.339709	-0.004795	0.016254	-0.007839
1782835081.689706	-0.439215	0.018566	1.296583	0.012864	-0.007516	0.341345	0.010243	0.007870	0.015369
1782835081.693709	-0.439292	0.018724	1.296669	0.014466	-0.007719	0.343595	0.010243	0.007870	0.015369
1782835081.702092	-0.439363	0.019122	1.296817	0.012522	-0.006990	0.344647	0.010243	0.007870	0.015369
1782835081.712272	-0.439372	0.019072	1.296742	0.012556	-0.007472	0.347620	-0.001640	0.012510	-0.001506
1782835081.722009	-0.439405	0.019236	1.296749	0.011615	-0.007214	0.349770	-0.001423	0.015759	-0.000851
1782835081.735116	-0.439625	0.019349	1.296809	0.012235	-0.007061	0.351714	-0.001423	0.015759	-0.000851
1782835081.745752	-0.439643	0.019457	1.296916	0.011127	-0.004779	0.354617	-0.001423	0.015759	-0.000851
1782835081.753076	-0.439647	0.019573	1.297073	0.010584	-0.003268	0.356029	0.009339	0.005111	0.009725
1782835081.762460	-0.439647	0.019573	1.297073	0.010584	-0.003268	0.356029	-0.006708	0.016209	-0.000882
1782835081.772579	-0.439816	0.019730	1.297177	0.013158	-0.004720	0.356963	-0.006708	0.016209	-0.000882
1782835081.784668	-0.439842	0.019929	1.297359	0.013279	-0.004128	0.359863	0.002915	0.012423	0.003273
1782835081.793756	-0.439802	0.020090	1.297471	0.012482	-0.003830	0.361201	0.002915	0.012423	0.003273
1782835081.804936	-0.439851	0.020342	1.297343	0.014151	-0.003517	0.363312	0.002915	0.012423	0.003273
1782835081.812026	-0.439899	0.020543	1.297214	0.012140	-0.002212	0.364959	0.008441	0.007669	0.009511
1782835081.822048	-0.439891	0.020713	1.297151	0.010415	-0.003126	0.368466	-0.003519	0.013431	0.000868
1782835081.833241	-0.439913	0.020753	1.297205	0.011315	-0.005019	0.370496	-0.003519	0.013431	0.000868
1782835081.843400	-0.439913	0.020753	1.297205	0.011315	-0.005019	0.370496	0.005397	0.012799	0.007311
1782835081.852054	-0.440106	0.021066	1.297288	0.017223	-0.005965	0.375411	0.005397	0.012799	0.007311
1782835081.862572	-0.440106	0.021066	1.297288	0.017223	-0.005965	0.375411	0.000595	0.010280	0.000632
1782835081.872647	-0.440106	0.021066	1.297288	0.017223	-0.005965	0.375411	0.000595	0.010280	0.000632
1782835081.884418	-0.440156	0.021501	1.297436	0.013499	-0.004773	0.380293	0.000595	0.010280	0.000632
1782835081.893888	-0.440056	0.021609	1.297451	0.014412	-0.004926	0.381988	-0.002551	0.020452	-0.000436
1782835081.904242	-0.440096	0.021755	1.297281	0.015507	-0.006221	0.384025	-0.002551	0.020452	-0.000436
1782835081.912266	-0.440071	0.021848	1.297167	0.012980	-0.004495	0.387364	0.007795	0.010664	0.005161
1782835081.922993	-0.440125	0.022124	1.297295	0.013891	-0.005664	0.388915	-0.005885	0.014457	-0.003401
1782835081.932241	-0.440234	0.022268	1.297317	0.014634	-0.006306	0.390689	-0.005885	0.014457	-0.003401
1782835081.943115	-0.440127	0.022445	1.297252	0.017919	-0.006100	0.391190	-0.000773	0.016692	-0.003821
1782835081.952139	-0.440127	0.022445	1.297252	0.017919	-0.006100	0.391190	-0.000773	0.016692	-0.003821
1782835081.963118	-0.440203	0.022632	1.297220	0.017441	-0.005828	0.392842	-0.000773	0.016692	-0.003821
1782835081.972667	-0.440246	0.022895	1.297053	0.017081	-0.005609	0.395854	0.008233	0.008918	-0.001438
1782835081.983706	-0.440220	0.023157	1.296947	0.015686	-0.004107	0.398576	0.008233	0.008918	-0.001438
1782835081.993217	-0.440137	0.023166	1.296739	0.015470	-0.005091	0.402289	-0.003969	0.015355	-0.000816
1782835082.002318	-0.440214	0.023252	1.296548	0.016179	-0.004991	0.405003	-0.003969	0.015355	-0.000816
1782835082.012253	-0.440171	0.023458	1.296612	0.015077	-0.004412	0.406217	0.002733	0.017361	-0.000320
1782835082.022218	-0.440134	0.023605	1.296560	0.012934	-0.003259	0.407642	0.007400	0.011683	0.004374
1782835082.032544	-0.440130	0.023830	1.296577	0.015846	-0.004253	0.409210	0.007400	0.011683	0.004374
1782835082.043919	-0.440060	0.024065	1.296620	0.014348	-0.002420	0.410213	-0.001202	0.016440	0.004090
1782835082.053414	-0.440060	0.024065	1.296620	0.014348	-0.002420	0.410213	-0.001202	0.016440	0.004090
1782835082.064460	-0.440056	0.024343	1.296548	0.014151	-0.002197	0.412618	-0.001202	0.016440	0.004090
1782835082.072721	-0.440090	0.024537	1.296485	0.014575	-0.003044	0.416460	0.010068	0.018158	0.004610
1782835082.085664	-0.440047	0.024692	1.296489	0.015854	-0.002764	0.418346	0.006048	0.014165	0.003585
1782835082.115422	-0.439796	0.025229	1.296677	0.014763	-0.001317	0.424583	0.003533	0.017703	0.004414
1782835082.131210	-0.439661	0.025588	1.296677	0.013927	-0.000652	0.428881	0.015195	0.014283	0.003704
1782835082.135615	-0.439661	0.025588	1.296677	0.013927	-0.000652	0.428881	0.015195	0.014283	0.003704
1782835082.145123	-0.439536	0.025865	1.296757	0.013634	0.000358	0.431822	0.005028	0.014990	0.000609
1782835082.155454	-0.439441	0.025916	1.296853	0.014078	0.000078	0.433470	0.005028	0.014990	0.000609
1782835082.166164	-0.439441	0.025916	1.296853	0.014078	0.000078	0.433470	0.008170	0.014522	0.003479
1782835082.175330	-0.439323	0.025978	1.296684	0.013636	-0.001908	0.436160	0.008170	0.014522	0.003479
1782835082.185284	-0.439252	0.026113	1.296839	0.014914	-0.002119	0.437403	0.018481	0.012693	0.004320
1782835082.198538	-0.438974	0.026232	1.296859	0.014481	-0.001893	0.438682	0.018481	0.012693	0.004320
1782835082.205762	-0.439033	0.026545	1.296935	0.013353	-0.002095	0.441783	0.018481	0.012693	0.004320
1782835082.214632	-0.438915	0.026746	1.296945	0.018389	-0.001098	0.442722	0.005606	0.013082	-0.000876
1782835082.225713	-0.438751	0.026977	1.297013	0.015898	0.000069	0.445378	0.011819	0.012913	0.004039
1782835082.235132	-0.438590	0.027215	1.297018	0.014019	-0.001241	0.448558	0.011819	0.012913	0.004039
1782835082.245499	-0.438526	0.027518	1.297198	0.019623	-0.003431	0.450520	0.016486	0.009108	0.002689
1782835082.254564	-0.438526	0.027518	1.297198	0.019623	-0.003431	0.450520	0.016486	0.009108	0.002689
1782835082.264470	-0.438380	0.027494	1.297280	0.016676	-0.003851	0.452748	0.008513	0.008043	-0.002241
1782835082.274537	-0.438320	0.027659	1.297339	0.017940	-0.004373	0.455842	0.008513	0.008043	-0.002241
1782835082.285382	-0.438134	0.027769	1.297524	0.018667	-0.003679	0.456408	0.008513	0.008043	-0.002241
1782835082.295373	-0.437891	0.027762	1.297594	0.020584	-0.005254	0.458869	0.015772	0.009889	0.007205
1782835082.304549	-0.437769	0.027950	1.297665	0.019562	-0.005454	0.461928	0.015769	0.003533	0.005153
1782835082.314730	-0.437620	0.028099	1.297860	0.020919	-0.002360	0.463224	0.015769	0.003533	0.005153
1782835082.324427	-0.437467	0.028180	1.297904	0.019851	-0.003305	0.466595	0.008551	0.007226	0.005302
1782835082.334520	-0.437385	0.028400	1.298160	0.017934	-0.004947	0.468929	0.008551	0.007226	0.005302
1782835082.344908	-0.437221	0.028487	1.298208	0.021200	-0.003752	0.469024	0.018838	0.002687	0.010388
1782835082.354525	-0.437221	0.028487	1.298208	0.021200	-0.003752	0.469024	0.018838	0.002687	0.010388
1782835082.365847	-0.436996	0.028500	1.298318	0.020612	-0.004250	0.470922	0.015492	0.000117	0.004141
1782835082.374776	-0.436704	0.028674	1.298373	0.018562	-0.003977	0.474462	0.015492	0.000117	0.004141
1782835082.384595	-0.436498	0.028735	1.298474	0.020190	-0.003446	0.474951	0.008776	0.000140	0.008880
1782835082.395844	-0.436411	0.028818	1.298465	0.018122	-0.003463	0.476323	0.008776	0.000140	0.008880
1782835082.406375	-0.436223	0.028993	1.298468	0.015888	-0.003225	0.480153	0.023586	-0.003695	0.009048
1782835082.415031	-0.435942	0.029076	1.298764	0.020728	-0.005434	0.481581	0.023586	-0.003695	0.009048
1782835082.424464	-0.435680	0.029178	1.298710	0.020213	-0.005396	0.484794	0.017620	-0.004939	-0.001333
1782835082.434605	-0.435597	0.029332	1.298755	0.019053	-0.005130	0.486882	0.017620	-0.004939	-0.001333
1782835082.444592	-0.435376	0.029405	1.298910	0.020013	-0.005554	0.486610	0.012856	-0.001956	0.002222
1782835082.456490	-0.435117	0.029452	1.298973	0.018965	-0.005565	0.489120	0.012856	-0.001956	0.002222
1782835082.464670	-0.435117	0.029452	1.298973	0.018965	-0.005565	0.489120	0.029028	-0.009452	0.002656
1782835082.476259	-0.434796	0.029590	1.299051	0.018000	-0.004886	0.491631	0.029028	-0.009452	0.002656
1782835082.485930	-0.434569	0.029536	1.299085	0.020205	-0.005527	0.493142	0.017756	-0.008022	-0.008371
1782835082.494611	-0.434423	0.029565	1.298988	0.016237	-0.006649	0.495405	0.017756	-0.008022	-0.008371
1782835082.509527	-0.434197	0.029743	1.298941	0.015986	-0.006726	0.497467	0.015856	-0.007808	-0.002437
1782835082.515076	-0.433984	0.029678	1.299084	0.016235	-0.005636	0.498814	0.015856	-0.007808	-0.002437
1782835082.526039	-0.433796	0.029687	1.298979	0.018700	-0.005582	0.501325	0.030086	-0.012136	-0.004177
1782835082.539688	-0.433566	0.029822	1.299105	0.018584	-0.005441	0.503906	0.030086	-0.012136	-0.004177
1782835082.555195	-0.433281	0.029838	1.299100	0.020288	-0.005684	0.505642	0.014539	-0.009111	-0.014287
1782835082.570642	-0.433121	0.029878	1.299074	0.018801	-0.006375	0.507508	0.022324	-0.013119	-0.002464
1782835082.581211	-0.432919	0.029883	1.299017	0.020791	-0.006848	0.508354	0.022324	-0.013119	-0.002464
1782835082.590491	-0.432722	0.029914	1.298934	0.019963	-0.007883	0.510360	0.029498	-0.013425	-0.013655
1782835082.596564	-0.432621	0.029866	1.298780	0.019700	-0.009838	0.512872	0.029498	-0.013425	-0.013655
1782835082.603423	-0.432621	0.029866	1.298780	0.019700	-0.009838	0.512872	0.029498	-0.013425	-0.013655
1782835082.609912	-0.432323	0.029962	1.298809	0.018560	-0.008032	0.514176	0.012274	-0.010234	-0.015353
1782835082.615928	-0.431985	0.029817	1.298718	0.018546	-0.008760	0.516613	0.012274	-0.010234	-0.015353
1782835082.628876	-0.431767	0.029848	1.298548	0.016014	-0.008389	0.518807	0.025514	-0.014882	-0.004653
1782835082.635708	-0.431618	0.029867	1.298639	0.016581	-0.007630	0.519976	0.025514	-0.014882	-0.004653
1782835082.646671	-0.431343	0.029870	1.298595	0.015057	-0.008223	0.520806	0.025532	-0.013653	-0.019327
1782835082.654824	-0.431343	0.029870	1.298595	0.015057	-0.008223	0.520806	0.025532	-0.013653	-0.019327
1782835082.666843	-0.431180	0.029960	1.298443	0.015200	-0.010384	0.523314	0.011811	-0.012463	-0.013199
1782835082.675549	-0.431103	0.030044	1.298507	0.014774	-0.010151	0.523787	0.011811	-0.012463	-0.013199
1782835082.686359	-0.430814	0.029844	1.298367	0.013994	-0.009702	0.525690	0.024095	-0.017062	-0.001745
1782835082.700957	-0.430697	0.029720	1.298333	0.014570	-0.010736	0.528999	0.024095	-0.017062	-0.001745
1782835082.711976	-0.430567	0.029722	1.298377	0.016409	-0.010624	0.530461	0.013953	-0.014814	-0.014598
1782835082.720729	-0.430246	0.029750	1.298458	0.016309	-0.010042	0.531367	0.013953	-0.014814	-0.014598
1782835082.727517	-0.430129	0.029814	1.298422	0.013968	-0.010220	0.533345	0.015165	-0.016327	0.002225
1782835082.735063	-0.429960	0.029780	1.298385	0.017652	-0.009884	0.534484	0.015165	-0.016327	0.002225
1782835082.746444	-0.429767	0.029660	1.298323	0.017369	-0.010704	0.537013	0.020952	-0.017916	-0.000591
1782835082.755316	-0.429686	0.029614	1.298306	0.015210	-0.012209	0.540128	0.020952	-0.017916	-0.000591
1782835082.765032	-0.429686	0.029614	1.298306	0.015210	-0.012209	0.540128	0.006701	-0.014824	-0.005204
1782835082.775175	-0.429537	0.029558	1.298385	0.014529	-0.012126	0.540637	0.006701	-0.014824	-0.005204
1782835082.785229	-0.429318	0.029333	1.298475	0.016804	-0.013044	0.542079	0.014185	-0.020162	0.006756
1782835082.795160	-0.429130	0.029263	1.298457	0.018044	-0.012520	0.543743	0.014185	-0.020162	0.006756
1782835082.805111	-0.428981	0.029182	1.298563	0.021208	-0.012550	0.544291	0.017904	-0.019433	-0.001470
1782835082.814576	-0.428823	0.029148	1.298680	0.021096	-0.011967	0.544927	0.017904	-0.019433	-0.001470
1782835082.824614	-0.428696	0.028959	1.298676	0.017908	-0.011639	0.549402	0.000182	-0.014941	0.000297
1782835082.836610	-0.428525	0.028720	1.298835	0.018926	-0.010826	0.550384	0.000182	-0.014941	0.000297
1782835082.844683	-0.428305	0.028600	1.298814	0.018916	-0.011953	0.552315	0.016817	-0.025111	0.004516
1782835082.854419	-0.428215	0.028439	1.298809	0.017000	-0.011580	0.555588	0.016817	-0.025111	0.004516
1782835082.864390	-0.428215	0.028439	1.298809	0.017000	-0.011580	0.555588	0.011447	-0.019651	0.006717
1782835082.875617	-0.428129	0.028374	1.298979	0.017233	-0.010705	0.555549	0.011447	-0.019651	0.006717
1782835082.886341	-0.427928	0.028192	1.298931	0.018324	-0.010995	0.557859	0.008433	-0.025992	0.004378
1782835082.895222	-0.427803	0.028086	1.299019	0.016378	-0.010252	0.560665	0.008433	-0.025992	0.004378
1782835082.905891	-0.427691	0.028057	1.299177	0.016589	-0.009391	0.560857	-0.004792	-0.017306	0.009276
1782835082.914519	-0.427594	0.027931	1.299061	0.015787	-0.010838	0.563308	-0.004792	-0.017306	0.009276
1782835082.924559	-0.427571	0.027742	1.299150	0.013800	-0.012059	0.566721	0.004870	-0.020737	0.009883
1782835082.934667	-0.427389	0.027526	1.299245	0.017236	-0.011534	0.567089	0.004870	-0.020737	0.009883
1782835082.945735	-0.427244	0.027404	1.299362	0.015168	-0.010609	0.569242	0.006435	-0.026213	0.002521
1782835082.954529	-0.427198	0.027248	1.299512	0.016514	-0.010239	0.570725	0.006435	-0.026213	0.002521
1782835082.966071	-0.427198	0.027248	1.299512	0.016514	-0.010239	0.570725	-0.007348	-0.020770	0.005295
1782835082.974569	-0.427039	0.027094	1.299507	0.017004	-0.009854	0.570933	-0.007348	-0.020770	0.005295
1782835082.985569	-0.426886	0.026925	1.299495	0.015916	-0.009803	0.572267	0.000168	-0.022815	0.007840
1782835082.996197	-0.426873	0.026672	1.299562	0.015340	-0.009701	0.575015	0.000168	-0.022815	0.007840
1782835083.005090	-0.426769	0.026351	1.299600	0.014995	-0.009388	0.576765	-0.007695	-0.025600	0.001357
1782835083.014644	-0.426629	0.026144	1.299410	0.016459	-0.010003	0.578048	-0.007695	-0.025600	0.001357
1782835083.024601	-0.426497	0.026035	1.299390	0.017777	-0.009818	0.579373	-0.010428	-0.021058	0.004381
1782835083.034969	-0.426344	0.025860	1.299520	0.018520	-0.008144	0.580153	-0.010428	-0.021058	0.004381
1782835083.046633	-0.426221	0.025623	1.299309	0.018164	-0.008321	0.580892	-0.002219	-0.024606	0.008366
1782835083.054562	-0.426221	0.025623	1.299309	0.018164	-0.008321	0.580892	-0.002219	-0.024606	0.008366
1782835083.066184	-0.426152	0.025522	1.299351	0.016876	-0.008318	0.581808	-0.004638	-0.027037	0.004725
1782835083.074529	-0.426058	0.025390	1.299302	0.017111	-0.007389	0.581758	-0.004638	-0.027037	0.004725
1782835083.084393	-0.425836	0.025007	1.299169	0.015124	-0.007018	0.586850	-0.010023	-0.021491	0.000910
1782835083.096219	-0.425798	0.024824	1.299196	0.014618	-0.006476	0.588808	-0.010023	-0.021491	0.000910
1782835083.107443	-0.425612	0.024661	1.299184	0.011514	-0.001692	0.587530	-0.010023	-0.021491	0.000910
1782835083.114773	-0.425465	0.024434	1.298932	0.011748	-0.003395	0.589118	-0.004549	-0.023104	0.003180
1782835083.125108	-0.425477	0.024358	1.298943	0.011109	-0.002863	0.590073	0.003933	-0.030651	0.003024
1782835083.134612	-0.425304	0.024115	1.298878	0.011058	-0.001071	0.590602	0.003933	-0.030651	0.003024
1782835083.173419	-0.424908	0.023494	1.298555	0.012354	-0.002545	0.596290	-0.006182	-0.019109	0.001729
1782835083.176095	-0.424908	0.023494	1.298555	0.012354	-0.002545	0.596290	-0.006182	-0.019109	0.001729
1782835083.187301	-0.424785	0.023383	1.298450	0.011045	-0.001535	0.596433	0.009447	-0.030282	0.007472
1782835083.196702	-0.424695	0.023258	1.298477	0.011638	-0.001939	0.598915	0.009447	-0.030282	0.007472
1782835083.206617	-0.424572	0.023167	1.298525	0.013211	-0.002122	0.598657	0.000146	-0.023803	-0.012241
1782835083.216190	-0.424396	0.023029	1.298170	0.010724	-0.004393	0.600351	0.000146	-0.023803	-0.012241
1782835083.226396	-0.424265	0.022820	1.298138	0.012169	-0.004901	0.603280	-0.005572	-0.019264	-0.014007
1782835083.236233	-0.424040	0.022627	1.298111	0.013800	-0.003449	0.604105	-0.005572	-0.019264	-0.014007
1782835083.250268	-0.423931	0.022693	1.298083	0.013009	-0.003781	0.604928	0.010138	-0.029359	0.006273
1782835083.257453	-0.423791	0.022580	1.297988	0.011474	-0.002951	0.605441	0.010138	-0.029359	0.006273
1782835083.266221	-0.423791	0.022580	1.297988	0.011474	-0.002951	0.605441	0.005527	-0.025003	-0.018400
1782835083.276370	-0.423620	0.022537	1.297846	0.013438	-0.002429	0.605171	0.005527	-0.025003	-0.018400
1782835083.286236	-0.423548	0.022344	1.297620	0.008657	-0.003026	0.607728	-0.004473	-0.015869	-0.020679
1782835083.296335	-0.423437	0.022210	1.297424	0.011494	-0.002784	0.608498	-0.004473	-0.015869	-0.020679
1782835083.306731	-0.423214	0.022026	1.297344	0.011358	-0.003278	0.607664	0.009571	-0.025687	-0.000289
1782835083.316511	-0.422931	0.021977	1.297204	0.010307	-0.003670	0.610283	0.009571	-0.025687	-0.000289
1782835083.326828	-0.422879	0.021924	1.297205	0.008717	-0.004289	0.612041	0.009473	-0.022449	-0.016097
1782835083.336344	-0.422831	0.021900	1.297068	0.011646	-0.004176	0.611763	0.009473	-0.022449	-0.016097
1782835083.348480	-0.422555	0.021748	1.296842	0.011094	-0.003112	0.613634	-0.000665	-0.015074	-0.012247
1782835083.356819	-0.422471	0.021712	1.296711	0.012382	-0.005068	0.615112	-0.000665	-0.015074	-0.012247
1782835083.366330	-0.422471	0.021712	1.296711	0.012382	-0.005068	0.615112	0.015470	-0.024338	0.006159
1782835083.376832	-0.422173	0.021633	1.296734	0.013848	-0.005439	0.614881	0.015470	-0.024338	0.006159
1782835083.386468	-0.422046	0.021548	1.296851	0.014591	-0.005341	0.615210	0.015470	-0.024338	0.006159
1782835083.396633	-0.421844	0.021525	1.296661	0.013796	-0.006136	0.616220	0.007569	-0.015958	-0.009248
1782835083.406919	-0.421762	0.021562	1.296938	0.015881	-0.006129	0.617007	0.007569	-0.015958	-0.009248
1782835083.416236	-0.421619	0.021458	1.296828	0.015193	-0.008733	0.619542	0.000539	-0.014559	0.001603
1782835083.426190	-0.421526	0.021514	1.296910	0.014781	-0.009941	0.621032	0.018828	-0.022228	0.013862
1782835083.436429	-0.421370	0.021470	1.297052	0.014292	-0.009884	0.621945	0.018828	-0.022228	0.013862
1782835083.446307	-0.421290	0.021384	1.297216	0.014310	-0.009004	0.623331	0.018828	-0.022228	0.013862
1782835083.456567	-0.421127	0.021354	1.297397	0.013979	-0.008959	0.624505	0.007795	-0.013572	-0.002187
1782835083.466198	-0.421127	0.021354	1.297397	0.013979	-0.008959	0.624505	0.004288	-0.014061	0.017413
1782835083.476332	-0.421054	0.021457	1.297777	0.013718	-0.010530	0.626649	0.004288	-0.014061	0.017413
1782835083.486227	-0.420956	0.021361	1.298061	0.012162	-0.010320	0.626078	0.018879	-0.018626	0.016859
1782835083.496262	-0.420896	0.021433	1.298171	0.010046	-0.010187	0.628307	0.018879	-0.018626	0.016859
1782835083.506505	-0.420727	0.021399	1.298465	0.009972	-0.010534	0.628021	0.002329	-0.013369	0.006714
1782835083.516721	-0.420674	0.021344	1.298681	0.009535	-0.010436	0.629221	0.002329	-0.013369	0.006714
1782835083.528671	-0.420542	0.021204	1.298693	0.008506	-0.011245	0.630673	0.004198	-0.011887	0.014206
1782835083.536279	-0.420453	0.021313	1.298920	0.007959	-0.012279	0.632267	0.004198	-0.011887	0.014206
1782835083.546142	-0.420478	0.021243	1.299240	0.012712	-0.011872	0.631435	0.016655	-0.018020	0.006064
1782835083.556389	-0.420201	0.021296	1.299494	0.010734	-0.011539	0.633429	0.016655	-0.018020	0.006064
1782835083.566897	-0.420201	0.021296	1.299494	0.010734	-0.011539	0.633429	0.006950	-0.015304	-0.003719
1782835083.576160	-0.420129	0.021278	1.299699	0.011218	-0.010647	0.635097	0.006950	-0.015304	-0.003719
1782835083.586174	-0.420173	0.021200	1.299729	0.011019	-0.010369	0.636180	0.000314	-0.010136	-0.003718
1782835083.596193	-0.419999	0.021084	1.299729	0.011067	-0.011287	0.638340	0.000314	-0.010136	-0.003718
1782835083.606450	-0.419927	0.021046	1.300043	0.011457	-0.010558	0.640082	0.012924	-0.015418	-0.009128
1782835083.619379	-0.419879	0.021049	1.300188	0.013026	-0.010182	0.639939	0.012924	-0.015418	-0.009128
1782835083.626483	-0.419807	0.021137	1.300275	0.011716	-0.009783	0.640657	0.011170	-0.016878	-0.011826
1782835083.636148	-0.419770	0.021149	1.300350	0.013145	-0.009429	0.641718	0.011170	-0.016878	-0.011826
1782835083.646209	-0.419906	0.021122	1.300335	0.012782	-0.009927	0.641297	0.011170	-0.016878	-0.011826
1782835083.656187	-0.419821	0.021101	1.300287	0.010555	-0.010643	0.643432	0.000528	-0.011206	-0.012460
1782835083.666075	-0.419821	0.021101	1.300287	0.010555	-0.010643	0.643432	0.010567	-0.012938	-0.014607
1782835083.676883	-0.419774	0.021130	1.300370	0.009916	-0.011140	0.645142	0.010567	-0.012938	-0.014607
1782835083.686099	-0.419760	0.021016	1.300424	0.009947	-0.010748	0.645403	0.010516	-0.016661	-0.010620
1782835083.696192	-0.419682	0.021163	1.300483	0.009638	-0.009734	0.646086	0.010516	-0.016661	-0.010620
1782835083.706151	-0.419724	0.021275	1.300505	0.010145	-0.009396	0.646448	0.003246	-0.009174	-0.012868
1782835083.716211	-0.419766	0.021260	1.300674	0.011649	-0.009692	0.646251	0.003246	-0.009174	-0.012868
1782835083.726861	-0.419727	0.021374	1.300582	0.012590	-0.009820	0.648310	0.008287	-0.011157	-0.006628
1782835083.736238	-0.419801	0.021451	1.300696	0.010674	-0.009847	0.650453	0.008287	-0.011157	-0.006628
1782835083.746216	-0.419741	0.021398	1.300653	0.011414	-0.009992	0.651175	0.011058	-0.013718	-0.003855
1782835083.756124	-0.419695	0.021316	1.300878	0.011814	-0.009369	0.652838	0.011058	-0.013718	-0.003855
1782835083.766204	-0.419695	0.021316	1.300878	0.011814	-0.009369	0.652838	0.011058	-0.013718	-0.003855
1782835083.776855	-0.419735	0.021344	1.301154	0.012781	-0.006710	0.653226	0.001441	-0.003784	-0.013278
1782835083.786394	-0.419757	0.021434	1.301303	0.013381	-0.006419	0.653067	0.008257	-0.013685	0.004902
1782835083.796781	-0.419738	0.021587	1.301516	0.012360	-0.005682	0.653199	0.008257	-0.013685	0.004902
1782835083.807515	-0.419772	0.021652	1.301638	0.011585	-0.005911	0.653725	0.012084	-0.011264	-0.003984
1782835083.818254	-0.419972	0.021685	1.301730	0.007456	-0.005945	0.655935	0.012084	-0.011264	-0.003984
1782835083.827171	-0.419784	0.021663	1.301784	0.009594	-0.006305	0.655661	-0.002859	-0.000984	-0.019565
1782835083.836810	-0.419667	0.021632	1.301891	0.008969	-0.006082	0.657107	-0.002859	-0.000984	-0.019565
1782835083.846984	-0.419722	0.021724	1.302015	0.009191	-0.006511	0.657748	-0.002859	-0.000984	-0.019565
1782835083.857124	-0.419728	0.021892	1.302055	0.009027	-0.005698	0.657813	0.006596	-0.010317	-0.000093
1782835083.870556	-0.419728	0.021892	1.302055	0.009027	-0.005698	0.657813	0.010210	-0.013142	-0.011553
1782835083.877552	-0.419718	0.021964	1.302170	0.011915	-0.006925	0.658389	0.010210	-0.013142	-0.011553
1782835083.890197	-0.419909	0.022046	1.302150	0.013314	-0.008796	0.658967	-0.002465	-0.002418	-0.023026
1782835083.897571	-0.419743	0.022058	1.302220	0.011419	-0.008438	0.658754	-0.002465	-0.002418	-0.023026
1782835083.906117	-0.419692	0.022022	1.302216	0.011578	-0.008594	0.660103	0.005774	-0.012484	-0.010298
1782835083.916291	-0.419790	0.021917	1.302291	0.011587	-0.008773	0.660472	0.005774	-0.012484	-0.010298
1782835083.926261	-0.419722	0.022060	1.302272	0.014337	-0.008657	0.661206	0.013638	-0.010614	-0.014410
1782835083.936379	-0.419615	0.022090	1.302346	0.012450	-0.007960	0.660476	0.013638	-0.010614	-0.014410
1782835083.946454	-0.419851	0.022163	1.302318	0.013840	-0.009144	0.660803	-0.005149	-0.003509	-0.028907
1782835083.956186	-0.419781	0.022148	1.302380	0.013975	-0.010638	0.661720	-0.005149	-0.003509	-0.028907
1782835083.966346	-0.419781	0.022148	1.302380	0.013975	-0.010638	0.661720	0.005739	-0.011165	-0.009532
1782835083.976093	-0.419734	0.022132	1.302360	0.014728	-0.010736	0.663245	0.005739	-0.011165	-0.009532
1782835083.986127	-0.419802	0.022133	1.302298	0.013218	-0.010327	0.663212	0.005739	-0.011165	-0.009532
1782835083.996655	-0.419859	0.022133	1.302266	0.015461	-0.011445	0.663392	0.010476	-0.012563	-0.020115
1782835084.008072	-0.419709	0.022233	1.302243	0.015947	-0.009882	0.663794	-0.001836	-0.006946	-0.021631
1782835084.016317	-0.419757	0.022285	1.302165	0.013664	-0.008831	0.663244	-0.001836	-0.006946	-0.021631
1782835084.026828	-0.419778	0.022282	1.302156	0.013011	-0.009280	0.664634	0.006802	-0.014367	-0.006898
1782835084.036737	-0.419856	0.022409	1.302038	0.010873	-0.008008	0.665541	0.006802	-0.014367	-0.006898
1782835084.050668	-0.419872	0.022345	1.301926	0.012162	-0.010410	0.666389	0.012765	-0.012755	-0.020575
1782835084.057295	-0.419817	0.022382	1.301842	0.013124	-0.009968	0.666654	0.012765	-0.012755	-0.020575
1782835084.066133	-0.419817	0.022382	1.301842	0.013124	-0.009968	0.666654	0.000959	-0.014261	-0.018774
1782835084.076562	-0.419768	0.022506	1.301824	0.013056	-0.008663	0.667308	0.000959	-0.014261	-0.018774
1782835084.086340	-0.419886	0.022506	1.301892	0.015880	-0.009154	0.667078	0.005001	-0.013617	-0.009220
1782835084.096989	-0.419897	0.022534	1.301839	0.013384	-0.009259	0.667979	0.005001	-0.013617	-0.009220
1782835084.106807	-0.419813	0.022600	1.301728	0.015690	-0.010365	0.669383	0.005001	-0.013617	-0.009220
1782835084.116118	-0.419932	0.022533	1.301595	0.013988	-0.010133	0.670204	0.009702	-0.017337	-0.016114
1782835084.126212	-0.419979	0.022508	1.301618	0.014706	-0.010956	0.671619	0.004277	-0.017827	-0.017154
1782835084.136176	-0.419969	0.022467	1.301523	0.012299	-0.008917	0.671788	0.004277	-0.017827	-0.017154
1782835084.147149	-0.420026	0.022528	1.301621	0.013553	-0.009881	0.672092	-0.001386	-0.011312	-0.022688
1782835084.161785	-0.419992	0.022585	1.301559	0.014704	-0.010095	0.672286	-0.001386	-0.011312	-0.022688
1782835084.166157	-0.419992	0.022585	1.301559	0.014704	-0.010095	0.672286	0.007627	-0.018644	-0.011205
1782835084.176150	-0.420019	0.022570	1.301542	0.011223	-0.008812	0.673325	0.007627	-0.018644	-0.011205
1782835084.186155	-0.420219	0.022636	1.301577	0.014629	-0.011361	0.674182	0.007627	-0.018644	-0.011205
1782835084.196165	-0.420334	0.022627	1.301342	0.012774	-0.010249	0.675578	0.000701	-0.017063	-0.020733
1782835084.208616	-0.420251	0.022602	1.301318	0.014113	-0.011126	0.676041	-0.004176	-0.010991	-0.018870
1782835084.216137	-0.420343	0.022559	1.301297	0.014241	-0.010472	0.678017	-0.004176	-0.010991	-0.018870
1782835084.227788	-0.420539	0.022546	1.301306	0.013206	-0.009910	0.678874	0.008672	-0.021926	-0.000872
1782835084.236211	-0.420460	0.022585	1.301417	0.014455	-0.008218	0.679573	0.008672	-0.021926	-0.000872
1782835084.247068	-0.420589	0.022583	1.301363	0.012897	-0.007999	0.679361	0.008672	-0.021926	-0.000872
1782835084.257120	-0.420683	0.022607	1.301157	0.013217	-0.009617	0.680050	-0.000177	-0.014404	-0.022926
1782835084.266314	-0.420683	0.022607	1.301157	0.013217	-0.009617	0.680050	-0.005138	-0.013926	-0.011225
1782835084.276227	-0.420728	0.022467	1.301152	0.013638	-0.009551	0.682409	-0.005138	-0.013926	-0.011225
1782835084.286159	-0.420761	0.022370	1.301164	0.013618	-0.009801	0.683563	0.011115	-0.021851	0.004859
1782835084.296321	-0.420821	0.022298	1.301175	0.012931	-0.009126	0.683903	0.011115	-0.021851	0.004859
1782835084.309763	-0.420812	0.022327	1.301144	0.013885	-0.009890	0.685493	0.011115	-0.021851	0.004859
1782835084.316402	-0.420741	0.022343	1.301170	0.012734	-0.009477	0.686093	-0.002538	-0.013438	-0.030553
1782835084.326579	-0.420951	0.022367	1.300953	0.013482	-0.008881	0.686016	-0.007810	-0.011187	-0.022665
1782835084.337552	-0.420986	0.022218	1.300772	0.012545	-0.009734	0.687598	-0.007810	-0.011187	-0.022665
1782835084.346408	-0.421060	0.022199	1.300669	0.013275	-0.011001	0.689444	0.008234	-0.022162	-0.015872
1782835084.358950	-0.421060	0.022199	1.300669	0.013275	-0.011001	0.689444	0.008234	-0.022162	-0.015872
1782835084.367762	-0.421208	0.022072	1.300591	0.014273	-0.011180	0.688685	-0.001235	-0.012963	-0.045626
1782835084.376704	-0.421139	0.022283	1.300321	0.011726	-0.009091	0.689292	-0.001235	-0.012963	-0.045626
1782835084.386311	-0.421140	0.022254	1.300274	0.013644	-0.008219	0.689966	-0.001235	-0.012963	-0.045626
1782835084.396358	-0.421163	0.022284	1.300069	0.014024	-0.009196	0.689652	-0.010672	-0.012601	-0.037831
1782835084.406660	-0.421175	0.022317	1.299817	0.014164	-0.009424	0.691513	0.006160	-0.018264	-0.018510
1782835084.418142	-0.421230	0.022234	1.299613	0.012753	-0.008908	0.693264	0.006160	-0.018264	-0.018510
1782835084.426267	-0.421399	0.022168	1.299479	0.014941	-0.009869	0.693113	-0.004900	-0.012253	-0.041782
1782835084.436324	-0.421243	0.022001	1.299058	0.012998	-0.010204	0.694819	-0.004900	-0.012253	-0.041782
1782835084.446872	-0.421339	0.022043	1.298994	0.013159	-0.008580	0.695443	-0.004900	-0.012253	-0.041782
1782835084.456504	-0.421373	0.021979	1.298936	0.016101	-0.009084	0.694765	-0.006833	-0.015570	-0.020308
1782835084.466797	-0.421373	0.021979	1.298936	0.016101	-0.009084	0.694765	0.004214	-0.019401	-0.004311
1782835084.476710	-0.421444	0.021917	1.298815	0.017169	-0.009957	0.696097	0.004214	-0.019401	-0.004311
1782835084.486188	-0.421470	0.021932	1.298649	0.017377	-0.009440	0.697253	0.004214	-0.019401	-0.004311
1782835084.496306	-0.421571	0.021889	1.298695	0.017680	-0.009826	0.696776	-0.010945	-0.012326	-0.015322
1782835084.506278	-0.421733	0.021856	1.298732	0.016262	-0.009694	0.697765	-0.010945	-0.012326	-0.015322
1782835084.516541	-0.421611	0.021884	1.298663	0.017713	-0.010925	0.699237	-0.003165	-0.018168	0.010802
1782835084.526127	-0.421863	0.021839	1.298979	0.018208	-0.010641	0.700378	-0.002034	-0.018181	0.001393
1782835084.536184	-0.421883	0.021748	1.299134	0.017067	-0.010371	0.700258	-0.002034	-0.018181	0.001393
1782835084.546206	-0.421843	0.021691	1.299101	0.018105	-0.010421	0.701261	-0.002034	-0.018181	0.001393
1782835084.556330	-0.421868	0.021720	1.299337	0.016762	-0.009599	0.702400	-0.012886	-0.017861	0.013800
1782835084.569070	-0.421868	0.021720	1.299337	0.016762	-0.009599	0.702400	0.000631	-0.020881	0.021842
1782835084.577290	-0.422045	0.021762	1.299470	0.016579	-0.008730	0.701763	0.000631	-0.020881	0.021842
1782835084.586134	-0.422058	0.021685	1.299488	0.015154	-0.009672	0.703155	0.000631	-0.020881	0.021842
1782835084.596389	-0.422052	0.021614	1.299674	0.015101	-0.009982	0.705139	-0.004107	-0.019258	0.012152
1782835084.609212	-0.422174	0.021565	1.299832	0.015628	-0.008872	0.705094	-0.004107	-0.019258	0.012152
1782835084.616551	-0.422056	0.021407	1.300009	0.016507	-0.007840	0.706489	-0.013216	-0.020474	0.016602
1782835084.627213	-0.422095	0.021410	1.300058	0.017451	-0.005897	0.707456	-0.001834	-0.021903	0.019744
1782835084.637969	-0.422113	0.021356	1.300293	0.018194	-0.005487	0.707618	-0.001834	-0.021903	0.019744
1782835084.646004	-0.422184	0.021313	1.300349	0.017007	-0.005156	0.708332	0.003292	-0.024760	0.005554
1782835084.658540	-0.422063	0.021249	1.300323	0.015246	-0.006673	0.711122	0.003292	-0.024760	0.005554
1782835084.666430	-0.422063	0.021249	1.300323	0.015246	-0.006673	0.711122	-0.011020	-0.021791	0.007586
1782835084.676704	-0.422082	0.021094	1.300385	0.018050	-0.006889	0.711256	-0.011020	-0.021791	0.007586
1782835084.686414	-0.422055	0.021058	1.300462	0.014853	-0.006296	0.712362	-0.011020	-0.021791	0.007586
1782835084.697413	-0.422057	0.021085	1.300452	0.015031	-0.006226	0.713009	-0.005691	-0.019575	0.004494
1782835084.706495	-0.422074	0.021177	1.300495	0.015032	-0.005013	0.711381	0.007165	-0.023789	-0.003097
1782835084.716282	-0.422090	0.021059	1.300424	0.014486	-0.004412	0.713233	0.007165	-0.023789	-0.003097
1782835084.726922	-0.422116	0.021078	1.300365	0.011026	-0.004624	0.715150	-0.000147	-0.023416	-0.003125
1782835084.736783	-0.422180	0.020998	1.300224	0.011937	-0.004089	0.714978	-0.000147	-0.023416	-0.003125
1782835084.746690	-0.422029	0.021066	1.300057	0.014600	-0.004003	0.715696	-0.007519	-0.015602	-0.009704
1782835084.756715	-0.422029	0.021066	1.300057	0.014600	-0.004003	0.715696	-0.007519	-0.015602	-0.009704
1782835084.766268	-0.422064	0.021050	1.299996	0.014648	-0.003601	0.716596	0.002545	-0.019156	-0.014034
1782835084.776958	-0.422107	0.021141	1.299892	0.013193	-0.002449	0.715646	0.002545	-0.019156	-0.014034
1782835084.787235	-0.422016	0.021085	1.299696	0.011359	-0.001788	0.717457	0.008781	-0.022218	-0.004343
1782835084.796554	-0.422034	0.021076	1.299561	0.011275	-0.001975	0.719688	0.008781	-0.022218	-0.004343
1782835084.807299	-0.422038	0.021007	1.299538	0.010861	-0.003332	0.719470	0.008781	-0.022218	-0.004343
1782835084.816664	-0.421979	0.021054	1.299201	0.010440	-0.002839	0.720702	-0.000322	-0.015102	-0.005541
1782835084.829282	-0.421876	0.021139	1.299191	0.011087	-0.002027	0.720997	0.001978	-0.012532	-0.009775
1782835084.837398	-0.421853	0.021314	1.299169	0.011344	-0.002544	0.720398	0.001978	-0.012532	-0.009775
1782835084.846483	-0.421835	0.021303	1.299113	0.011192	-0.002394	0.720815	0.011452	-0.018110	0.010778
1782835084.858525	-0.421835	0.021303	1.299113	0.011192	-0.002394	0.720815	0.011452	-0.018110	0.010778
1782835084.866309	-0.421803	0.021595	1.298994	0.008086	-0.001892	0.723474	0.004846	-0.014477	0.008413
1782835084.877271	-0.421816	0.021598	1.298869	0.006358	-0.000319	0.723740	0.004846	-0.014477	0.008413
1782835084.887558	-0.421682	0.021681	1.298834	0.006581	-0.001755	0.725164	0.004846	-0.014477	0.008413
1782835084.897426	-0.421622	0.021883	1.298756	0.006658	-0.001125	0.727000	0.003132	-0.006402	0.002882
1782835084.907890	-0.421743	0.022087	1.298844	0.005776	0.000013	0.726501	0.003132	-0.006402	0.002882
1782835084.916965	-0.421689	0.022356	1.298924	0.007042	0.001314	0.725713	0.014570	-0.015097	0.018357
1782835084.927788	-0.421645	0.022572	1.298939	0.008099	0.001161	0.726996	0.011772	-0.010955	0.010226
1782835084.937268	-0.421514	0.022630	1.298858	0.007131	-0.001633	0.729759	0.011772	-0.010955	0.010226
1782835084.946934	-0.421526	0.022782	1.298779	0.005126	-0.002754	0.730590	0.011772	-0.010955	0.010226
1782835084.956852	-0.421526	0.022782	1.298779	0.005126	-0.002754	0.730590	0.008432	-0.002473	0.002307
1782835084.969754	-0.421317	0.023185	1.298731	0.004670	-0.000256	0.731401	0.008432	-0.002473	0.002307
1782835084.976794	-0.421317	0.023185	1.298731	0.004670	-0.000256	0.731401	0.017775	-0.008293	0.018268
1782835084.986931	-0.421483	0.023567	1.298875	0.007068	-0.001568	0.731761	0.017775	-0.008293	0.018268
1782835084.999365	-0.421262	0.023896	1.298998	0.006309	-0.000624	0.732476	0.019722	-0.007347	0.011334
1782835085.006921	-0.421152	0.024005	1.298859	0.006659	-0.002197	0.733676	0.012610	0.000915	-0.000703
1782835085.016527	-0.421049	0.024245	1.298738	0.006429	-0.003983	0.733815	0.012610	0.000915	-0.000703
1782835085.027459	-0.420809	0.024712	1.298986	0.010010	-0.003002	0.733815	0.022490	-0.004450	0.014765
1782835085.036718	-0.420499	0.024966	1.298949	0.009802	-0.004116	0.733530	0.022490	-0.004450	0.014765
1782835085.047353	-0.420435	0.025292	1.299054	0.008763	-0.005539	0.735057	0.028988	-0.006662	0.006656
1782835085.057970	-0.420295	0.025719	1.298959	0.010574	-0.005376	0.735214	0.028988	-0.006662	0.006656
1782835085.066243	-0.420295	0.025719	1.298959	0.010574	-0.005376	0.735214	0.016666	0.004711	-0.010496
1782835085.077100	-0.420309	0.025929	1.298880	0.010192	-0.005396	0.735593	0.016666	0.004711	-0.010496
1782835085.090551	-0.420207	0.026338	1.298731	0.011690	-0.006160	0.736446	0.016666	0.004711	-0.010496
1782835085.097207	-0.420162	0.026469	1.298754	0.012215	-0.005906	0.736653	0.023324	-0.000539	0.003827
1782835085.113467	-0.420002	0.026747	1.298706	0.012014	-0.006456	0.737451	0.038541	-0.006611	-0.000713
1782835085.116931	-0.419889	0.027138	1.298827	0.011187	-0.005317	0.736953	0.038541	-0.006611	-0.000713
1782835085.128939	-0.419801	0.027495	1.298872	0.012659	-0.005858	0.736036	0.038541	-0.006611	-0.000713
1782835085.137178	-0.419671	0.027961	1.298663	0.010654	-0.006334	0.736989	0.031964	-0.002790	-0.018179
1782835085.147300	-0.419671	0.027961	1.298663	0.010654	-0.006334	0.736989	0.020578	0.004720	-0.021459
1782835085.156791	-0.419641	0.028233	1.298602	0.010739	-0.007876	0.738409	0.020578	0.004720	-0.021459
1782835085.166378	-0.419487	0.028673	1.298512	0.011373	-0.007538	0.738350	0.033866	-0.002378	0.003007
1782835085.176811	-0.419203	0.029235	1.298624	0.010842	-0.010292	0.738798	0.033866	-0.002378	0.003007
1782835085.186932	-0.419203	0.029235	1.298624	0.010842	-0.010292	0.738798	0.032366	-0.001750	-0.006586
1782835085.197294	-0.419163	0.029737	1.298761	0.013089	-0.010773	0.736451	0.032366	-0.001750	-0.006586
1782835085.211099	-0.418941	0.030534	1.298831	0.014408	-0.012041	0.738279	0.017907	0.006164	-0.004608
1782835085.216811	-0.418941	0.030534	1.298831	0.014408	-0.012041	0.738279	0.017907	0.006164	-0.004608
1782835085.226413	-0.418877	0.030755	1.298941	0.016666	-0.013086	0.738828	0.032356	-0.002962	0.021601
1782835085.236497	-0.418717	0.031053	1.298857	0.016370	-0.012434	0.739128	0.032356	-0.002962	0.021601
1782835085.249521	-0.418494	0.031505	1.298973	0.015240	-0.012540	0.740492	0.025870	-0.000717	0.001421
1782835085.256827	-0.418442	0.031765	1.299214	0.015912	-0.012045	0.740445	0.025870	-0.000717	0.001421
1782835085.266419	-0.418194	0.032134	1.299331	0.018686	-0.012674	0.739519	0.016100	0.004369	0.006787
1782835085.276204	-0.418194	0.032134	1.299331	0.018686	-0.012674	0.739519	0.016100	0.004369	0.006787
1782835085.286198	-0.418169	0.032495	1.299281	0.016257	-0.011823	0.740037	0.027129	-0.002172	0.023652
1782835085.296292	-0.418056	0.032860	1.299369	0.016858	-0.012028	0.738058	0.027129	-0.002172	0.023652
1782835085.307495	-0.417927	0.033092	1.299361	0.015137	-0.013483	0.738420	0.025920	-0.002582	0.005591
1782835085.319371	-0.417766	0.033525	1.299376	0.015351	-0.012379	0.740319	0.025920	-0.002582	0.005591
1782835085.326261	-0.417685	0.033927	1.299531	0.016880	-0.012529	0.740058	0.014488	0.003355	0.000584
1782835085.336356	-0.417581	0.034097	1.299519	0.013734	-0.011031	0.740176	0.014488	0.003355	0.000584
1782835085.346294	-0.417398	0.034512	1.299631	0.015596	-0.012314	0.740445	0.019231	-0.002693	0.009944
1782835085.356294	-0.417390	0.034792	1.299493	0.016581	-0.015085	0.738577	0.019231	-0.002693	0.009944
1782835085.367076	-0.417390	0.034792	1.299493	0.016581	-0.015085	0.738577	0.030945	-0.009767	0.001357
1782835085.376310	-0.417181	0.035021	1.299169	0.015580	-0.014300	0.739221	0.030945	-0.009767	0.001357
1782835085.388089	-0.417003	0.035247	1.299012	0.017897	-0.014760	0.740008	0.024357	-0.005269	-0.025107
1782835085.396306	-0.416743	0.035575	1.298827	0.020858	-0.016669	0.739379	0.024357	-0.005269	-0.025107
1782835085.406225	-0.416442	0.035715	1.298744	0.021314	-0.015528	0.738810	0.014029	-0.000616	-0.025020
1782835085.416644	-0.416395	0.036109	1.298638	0.022175	-0.014997	0.737878	0.014029	-0.000616	-0.025020
1782835085.426116	-0.416209	0.036483	1.298274	0.019432	-0.012859	0.737527	0.030436	-0.013416	-0.008770
1782835085.436161	-0.415939	0.036606	1.298074	0.017901	-0.011522	0.737798	0.030436	-0.013416	-0.008770
1782835085.446242	-0.415807	0.036785	1.297727	0.017620	-0.014020	0.738818	0.023811	-0.008204	-0.031915
1782835085.456148	-0.415807	0.036785	1.297727	0.017620	-0.014020	0.738818	0.023811	-0.008204	-0.031915
1782835085.467324	-0.415776	0.037043	1.297682	0.016136	-0.013195	0.738642	0.013863	-0.006956	-0.021154
1782835085.476296	-0.415741	0.037208	1.297598	0.019454	-0.013476	0.738026	0.013863	-0.006956	-0.021154
1782835085.486425	-0.415383	0.037578	1.297289	0.017004	-0.013363	0.738096	0.029485	-0.014401	-0.003403
1782835085.496881	-0.415263	0.037798	1.297166	0.017933	-0.013597	0.737926	0.029485	-0.014401	-0.003403
1782835085.506260	-0.415084	0.038039	1.297054	0.020288	-0.014589	0.737283	0.024874	-0.009645	-0.015893
1782835085.517688	-0.414952	0.038077	1.296991	0.018888	-0.014675	0.738261	0.024874	-0.009645	-0.015893
1782835085.526364	-0.414860	0.038225	1.296926	0.017773	-0.015692	0.738839	0.016109	-0.010558	-0.006152
1782835085.536247	-0.414718	0.038512	1.297210	0.020268	-0.015246	0.737815	0.016109	-0.010558	-0.006152
1782835085.548676	-0.414628	0.038608	1.297341	0.019314	-0.015379	0.737724	0.031399	-0.014939	-0.002768
1782835085.557089	-0.414628	0.038608	1.297341	0.019314	-0.015379	0.737724	0.031399	-0.014939	-0.002768
1782835085.576341	-0.414144	0.038942	1.297645	0.022174	-0.016542	0.738314	0.028914	-0.017136	-0.001695
1782835085.602267	-0.414016	0.038944	1.297690	0.020960	-0.016577	0.738204	0.022890	-0.012121	0.006441
1782835085.606856	-0.413674	0.039127	1.298080	0.019296	-0.017505	0.739070	0.030524	-0.017407	0.009647
1782835085.616748	-0.413650	0.039190	1.298425	0.017471	-0.017368	0.739006	0.030524	-0.017407	0.009647
1782835085.627025	-0.413502	0.039389	1.298743	0.016232	-0.014807	0.738212	0.027817	-0.020988	0.022435
1782835085.637134	-0.413280	0.039465	1.299200	0.018476	-0.014576	0.738318	0.027817	-0.020988	0.022435
1782835085.653600	-0.413092	0.039662	1.299342	0.017468	-0.015624	0.738108	0.027817	-0.020988	0.022435
1782835085.657428	-0.413018	0.039787	1.299783	0.016238	-0.014553	0.737888	0.015212	-0.012959	0.013643
1782835085.667211	-0.413018	0.039787	1.299783	0.016238	-0.014553	0.737888	0.018734	-0.018089	0.035947
1782835085.676879	-0.412827	0.039695	1.300118	0.016608	-0.014911	0.739600	0.018734	-0.018089	0.035947
1782835085.691062	-0.412650	0.039836	1.300943	0.018810	-0.015872	0.739680	0.023863	-0.022607	0.041132
1782835085.698715	-0.412650	0.039836	1.300943	0.018810	-0.015872	0.739680	0.023863	-0.022607	0.041132
1782835085.706887	-0.412398	0.039958	1.301251	0.018632	-0.014912	0.738584	0.006506	-0.013221	0.030807
1782835085.716675	-0.412027	0.040060	1.301497	0.015632	-0.014806	0.739183	0.006506	-0.013221	0.030807
1782835085.726548	-0.412034	0.039993	1.301742	0.013560	-0.015575	0.738644	0.005700	-0.011006	0.036708
1782835085.736584	-0.411826	0.040125	1.301985	0.013542	-0.016019	0.739281	0.005700	-0.011006	0.036708
1782835085.746521	-0.411573	0.040148	1.302199	0.013449	-0.016062	0.739762	0.019178	-0.022506	0.038355
1782835085.758838	-0.411537	0.040198	1.302394	0.015259	-0.015642	0.739317	0.019178	-0.022506	0.038355
1782835085.767411	-0.411537	0.040198	1.302394	0.015259	-0.015642	0.739317	0.021861	-0.019083	0.004552
1782835085.776578	-0.411478	0.040343	1.302589	0.016535	-0.013666	0.739633	0.021861	-0.019083	0.004552
1782835085.786704	-0.411390	0.040290	1.302503	0.015697	-0.014494	0.738841	0.011225	-0.012074	-0.023948
1782835085.796624	-0.411362	0.040355	1.302349	0.014004	-0.016533	0.739678	0.011225	-0.012074	-0.023948
1782835085.809829	-0.411239	0.040397	1.302369	0.014315	-0.015142	0.738841	0.006657	-0.013182	-0.021331
1782835085.816498	-0.411094	0.040510	1.302351	0.013307	-0.015124	0.739337	0.006657	-0.013182	-0.021331
1782835085.826587	-0.410945	0.040768	1.302040	0.012944	-0.013430	0.739509	0.020946	-0.020793	-0.013789
1782835085.837066	-0.410805	0.040713	1.301801	0.016399	-0.013806	0.737470	0.020946	-0.020793	-0.013789
1782835085.850007	-0.410517	0.040811	1.301281	0.016689	-0.014119	0.739798	0.020946	-0.020793	-0.013789
1782835085.857017	-0.410337	0.040871	1.301039	0.013702	-0.012360	0.738896	0.021269	-0.017977	-0.027152
1782835085.866915	-0.410337	0.040871	1.301039	0.013702	-0.012360	0.738896	0.007313	-0.014036	-0.019736
1782835085.876681	-0.410282	0.040910	1.300797	0.015160	-0.012765	0.737821	0.007313	-0.014036	-0.019736
1782835085.887465	-0.410157	0.040979	1.300623	0.013636	-0.012254	0.737784	0.008761	-0.013716	-0.006809
1782835085.896493	-0.410103	0.041137	1.300381	0.013761	-0.012156	0.737504	0.008761	-0.013716	-0.006809
1782835085.908217	-0.410060	0.041185	1.299982	0.013327	-0.013974	0.737325	0.018660	-0.016814	-0.009778
1782835085.916950	-0.409856	0.041118	1.299725	0.012801	-0.013241	0.738277	0.018660	-0.016814	-0.009778
1782835085.927101	-0.409697	0.041245	1.299476	0.011207	-0.012543	0.738473	0.009845	-0.015318	-0.009461
1782835085.936826	-0.409735	0.041408	1.299136	0.010745	-0.011920	0.738467	0.009845	-0.015318	-0.009461
1782835085.946489	-0.409497	0.041499	1.298761	0.013716	-0.009850	0.738525	0.007988	-0.008245	-0.010514
1782835085.956795	-0.409389	0.041456	1.298435	0.012808	-0.011460	0.738912	0.007988	-0.008245	-0.010514
1782835085.967902	-0.409389	0.041456	1.298435	0.012808	-0.011460	0.738912	0.016614	-0.012169	-0.016753
1782835085.976615	-0.409347	0.041558	1.298125	0.012381	-0.011080	0.739075	0.016614	-0.012169	-0.016753
1782835085.986887	-0.409301	0.041505	1.298088	0.013356	-0.010885	0.738851	0.030048	-0.019439	-0.007902
1782835085.996835	-0.409058	0.041690	1.297909	0.011384	-0.009243	0.739513	0.030048	-0.019439	-0.007902
1782835086.007982	-0.408865	0.041684	1.297815	0.011812	-0.008869	0.739260	0.030048	-0.019439	-0.007902
1782835086.027501	-0.408816	0.041813	1.297897	0.013949	-0.008456	0.738233	0.017762	-0.010984	-0.016358
1782835086.033565	-0.408724	0.041959	1.297681	0.014922	-0.009412	0.739838	0.022904	-0.010526	-0.005387
1782835086.037150	-0.408724	0.041959	1.297681	0.014922	-0.009412	0.739838	0.022904	-0.010526	-0.005387
1782835086.047087	-0.408590	0.042018	1.297770	0.013599	-0.008825	0.740478	0.034789	-0.019627	0.008988
1782835086.056935	-0.408549	0.042185	1.297936	0.014906	-0.009313	0.739982	0.034789	-0.019627	0.008988
1782835086.067279	-0.408549	0.042185	1.297936	0.014906	-0.009313	0.739982	0.019056	-0.010518	-0.000747
1782835086.077122	-0.408299	0.042144	1.298007	0.013848	-0.008269	0.739872	0.019056	-0.010518	-0.000747
1782835086.087352	-0.408005	0.042352	1.298222	0.015137	-0.009033	0.740369	0.023344	-0.015974	0.020797
1782835086.097202	-0.407923	0.042525	1.298356	0.013079	-0.008427	0.740229	0.023344	-0.015974	0.020797
1782835086.106908	-0.407777	0.042757	1.298690	0.014981	-0.008989	0.740811	0.035606	-0.022524	0.027849
1782835086.117011	-0.407632	0.042805	1.298684	0.014369	-0.008917	0.740676	0.035606	-0.022524	0.027849
1782835086.126674	-0.407454	0.042723	1.298788	0.014065	-0.009956	0.742243	0.021926	-0.013930	0.005304
1782835086.136953	-0.407317	0.042838	1.298985	0.016615	-0.010711	0.741252	0.021926	-0.013930	0.005304
1782835086.146627	-0.407067	0.042928	1.299304	0.013840	-0.008560	0.740559	0.017816	-0.016209	0.014820
1782835086.225351	-0.406924	0.043007	1.299392	0.013100	-0.008938	0.741235	0.033895	-0.024919	0.024912
1782835086.295079	-0.405430	0.043760	1.300032	0.016976	-0.016249	0.740782	0.020316	-0.016866	0.024775
1782835086.376293	-0.401623	0.044861	1.298360	0.041006	0.066147	0.708376	0.062949	-0.017983	0.000922
1782835086.451555	-0.389947	0.047774	1.289200	0.067795	0.179529	0.649268	0.197104	-0.047141	-0.123937
1782835086.526312	-0.368782	0.053398	1.263255	0.082994	0.314125	0.565611	0.473571	-0.088129	-0.265476
1782835086.599691	-0.327940	0.065225	1.215110	0.072026	0.412228	0.463478	0.711698	-0.087686	-0.307322
1782835086.675674	-0.282549	0.079344	1.171940	0.054210	0.396364	0.400083	1.026846	-0.070298	-0.339301
1782835086.749463	-0.212803	0.100896	1.119480	0.048865	0.294625	0.359808	1.260744	-0.071616	-0.381590
1782835086.829681	-0.142819	0.121730	1.074819	0.046624	0.167125	0.331014	1.323422	-0.080415	-0.596952
1782835086.903078	-0.045072	0.149331	1.008858	0.049358	-0.013942	0.305436	1.244995	-0.083575	-0.836507
1782835086.977446	0.036498	0.169867	0.946639	0.046310	-0.143850	0.277183	1.036739	-0.101960	-1.013886
1782835087.051935	0.097549	0.183962	0.898860	0.037127	-0.193404	0.254534	0.777837	-0.090936	-0.827440
1782835087.134465	0.146787	0.193879	0.866028	0.024619	-0.182111	0.233277	0.592706	-0.053062	-0.433805
1782835087.234824	0.193613	0.201705	0.848900	0.028202	-0.109373	0.206386	0.498601	-0.032424	-0.109383
1782835087.313577	0.232027	0.205021	0.855902	0.041380	0.005208	0.181293	0.459706	-0.035347	0.119600
1782835087.387387	0.260791	0.204722	0.871419	0.059598	0.077470	0.164842	0.492560	-0.049811	0.243484
1782835087.461114	0.293874	0.202290	0.894376	0.078172	0.105577	0.145445	0.540151	-0.072143	0.323567
1782835087.539332	0.326867	0.197633	0.916011	0.085006	0.096181	0.129402	0.630660	-0.120609	0.316842
1782835087.612477	0.375815	0.187966	0.941390	0.082863	0.051936	0.104229	0.673629	-0.148920	0.230817
1782835087.696761	0.414300	0.178674	0.953799	0.073735	0.007508	0.085650	0.678341	-0.193071	0.072701
1782835087.773735	0.464066	0.163463	0.957192	0.049394	-0.047302	0.058851	0.645820	-0.236470	-0.095091
1782835087.846993	0.497799	0.150191	0.949231	0.024263	-0.073450	0.049281	0.543209	-0.265102	-0.217723
1782835087.922952	0.531538	0.132967	0.931587	0.003648	-0.087951	0.039059	0.452406	-0.274061	-0.276543
1782835088.005569	0.557909	0.115429	0.909236	-0.018492	-0.084853	0.042515	0.336035	-0.267641	-0.253363
1782835088.076055	0.579504	0.096487	0.885534	-0.032014	-0.054555	0.039581	0.222435	-0.238396	-0.178726
1782835088.215193	0.590886	0.084252	0.871306	-0.035572	-0.028095	0.034708	0.184134	-0.211967	-0.124175
1782835088.379954	0.611441	0.061243	0.853013	-0.025091	0.039095	0.014626	0.120796	-0.128313	0.038557
1782835088.465859	0.624043	0.054179	0.856198	-0.014656	0.068083	0.003676	0.127925	-0.103207	0.143119
1782835088.533363	0.636619	0.050586	0.866910	-0.000296	0.063381	-0.007690	0.128793	-0.081880	0.179098
1782835088.603085	0.647428	0.048150	0.878369	0.007611	0.045963	-0.014626	0.126059	-0.077228	0.211948
1782835088.712273	0.658435	0.045718	0.888731	0.009248	0.029102	-0.020255	0.123390	-0.084584	0.195006
1782835088.805590	0.674629	0.041300	0.898820	0.009124	0.003402	-0.025628	0.082803	-0.086839	0.060625
1782835088.880728	0.684919	0.036985	0.894196	0.003456	-0.008781	-0.029114	0.026539	-0.083389	-0.073403
1782835088.955206	0.689371	0.034460	0.883194	0.001386	-0.006288	-0.032209	-0.004893	-0.087198	-0.157282
1782835089.025245	0.692068	0.031668	0.865510	-0.005345	0.007926	-0.033765	-0.056121	-0.071949	-0.176756
1782835089.092095	0.692637	0.029941	0.848196	-0.010270	0.027353	-0.034455	-0.070057	-0.056215	-0.165302
1782835089.159548	0.692509	0.028746	0.838689	-0.011033	0.040612	-0.033367	-0.090085	-0.038222	-0.084792
1782835089.234054	0.692464	0.028200	0.833556	-0.007382	0.050392	-0.029763	-0.062933	-0.028909	0.016586
1782835089.304530	0.694050	0.027942	0.838060	0.003484	0.056336	-0.026227	-0.064408	-0.019349	0.158111
1782835089.375025	0.696475	0.027773	0.850289	0.006287	0.056187	-0.024283	-0.056311	-0.005026	0.244522
1782835089.481458	0.699650	0.026969	0.867538	0.013615	0.051055	-0.017336	-0.058595	-0.012046	0.297758
1782835089.572146	0.705020	0.024324	0.894940	0.022596	0.042379	-0.017120	-0.057904	-0.015364	0.194665
1782835089.641966	0.708574	0.020744	0.907056	0.029665	0.040170	-0.014753	-0.050681	-0.044517	0.066687
1782835089.713514	0.710633	0.016161	0.906287	0.023505	0.040716	-0.013685	-0.053747	-0.059767	-0.044395
1782835089.792014	0.711625	0.012068	0.897780	0.017221	0.045125	-0.013187	-0.074229	-0.062933	-0.180967
1782835089.867363	0.712246	0.006171	0.881022	0.007262	0.045309	-0.016086	-0.070883	-0.076248	-0.180734
1782835089.934779	0.712375	0.000216	0.863147	-0.001726	0.043797	-0.020357	-0.079406	-0.059001	-0.196995
1782835090.004267	0.712238	-0.004831	0.851174	-0.008806	0.042599	-0.020661	-0.073007	-0.053036	-0.100613
1782835090.077473	0.712152	-0.009884	0.845414	-0.010488	0.040961	-0.023754	-0.068497	-0.045656	-0.019371
1782835090.144453	0.712905	-0.013719	0.849389	-0.012428	0.040256	-0.022929	-0.074811	-0.027936	0.106908
1782835090.216186	0.713022	-0.016618	0.857935	-0.004600	0.038796	-0.023265	-0.070466	-0.019367	0.211344
1782835090.287492	0.713337	-0.020654	0.876836	0.003656	0.040046	-0.025145	-0.082301	-0.014092	0.216123
1782835090.365331	0.713014	-0.023718	0.890823	0.010386	0.040444	-0.027464	-0.078363	-0.014990	0.179038
1782835090.435596	0.712392	-0.027153	0.900886	0.006342	0.043480	-0.031907	-0.087573	-0.012697	0.073288
1782835090.518541	0.711594	-0.030495	0.902190	0.003472	0.048214	-0.037035	-0.065695	-0.020934	-0.057140
1782835090.627223	0.710151	-0.034482	0.892712	-0.002356	0.054249	-0.044404	-0.066412	-0.020179	-0.162160
1782835090.720102	0.708616	-0.038590	0.871555	-0.011504	0.053132	-0.054171	-0.059707	-0.003644	-0.200960
1782835090.790370	0.708208	-0.040455	0.856363	-0.013827	0.047956	-0.060093	-0.029232	0.009119	-0.127721
1782835090.869780	0.708640	-0.041029	0.851463	-0.011813	0.041236	-0.064579	-0.027086	0.032105	-0.010925
1782835090.943444	0.709527	-0.040424	0.855864	-0.011526	0.036646	-0.065896	-0.025124	0.038962	0.083977
1782835091.022008	0.710288	-0.039545	0.867936	0.001034	0.030460	-0.069205	-0.038892	0.055206	0.199590
1782835091.093562	0.710277	-0.038207	0.890105	0.005259	0.024080	-0.069571	-0.040987	0.054360	0.217026
1782835091.238013	0.709287	-0.037072	0.906209	0.006340	0.027462	-0.071815	-0.065950	0.051712	0.184983
1782835091.346112	0.703466	-0.035997	0.922766	0.011197	0.039909	-0.085875	-0.059850	0.021654	-0.043220
1782835091.413300	0.698537	-0.035476	0.911183	0.009001	0.052394	-0.088463	-0.057717	0.011574	-0.291599
1782835091.487990	0.694398	-0.035420	0.888445	0.009219	0.055135	-0.086141	-0.033095	0.011175	-0.398284
1782835091.565440	0.690958	-0.035500	0.861723	-0.001525	0.055850	-0.088081	-0.032352	0.017612	-0.322990
1782835091.724322	0.688672	-0.035307	0.843724	-0.009322	0.041697	-0.088121	-0.011828	0.027991	-0.193509
1782835091.844615	0.687737	-0.032362	0.857031	-0.019663	0.022771	-0.089913	-0.010139	0.073215	0.362677
1782835091.923728	0.686031	-0.024841	0.935187	-0.011126	0.004951	-0.091820	-0.050693	0.097723	0.661423
1782835091.994621	0.680945	-0.019886	0.992965	0.001249	0.005592	-0.094816	-0.084003	0.094647	0.689402
1782835092.066826	0.672890	-0.014739	1.040521	0.015416	0.018567	-0.086881	-0.137855	0.096035	0.471510
1782835092.148368	0.664256	-0.010860	1.063467	0.023433	0.038453	-0.083194	-0.157632	0.083382	0.236862
1782835092.220109	0.653329	-0.006605	1.067301	0.024024	0.065325	-0.072878	-0.126096	0.037706	-0.143662
1782835092.291031	0.642475	-0.003195	1.047149	0.018424	0.091835	-0.059574	-0.108816	0.034161	-0.398163
1782835092.365456	0.633865	-0.000534	1.011002	0.003715	0.107234	-0.051641	-0.041871	0.013751	-0.669251
1782835092.444395	0.626174	0.001858	0.954646	-0.001216	0.104723	-0.043153	0.015457	0.020080	-0.752874
1782835092.518854	0.621980	0.003505	0.906797	-0.009356	0.079968	-0.037948	0.012650	0.031801	-0.641453
