时间(s)	位置x(m)	位置y(m)	位置z(m)	欧拉角roll(rad)	欧拉角pitch(rad)	欧拉角yaw(rad)	速度x(m/s)	速度y(m/s)	速度z(m/s)
1782835197.629359	-0.403572	0.019726	1.268758	0.001794	-0.012979	-0.010870	0.014833	0.003015	0.009027
1782835197.639659	-0.403309	0.019777	1.268712	0.002944	-0.012811	-0.010896	0.014833	0.003015	0.009027
1782835197.650085	-0.403309	0.019777	1.268712	0.002944	-0.012811	-0.010896	0.011550	0.006029	-0.006347
1782835197.660289	-0.403117	0.019773	1.268764	0.003652	-0.012571	-0.011121	0.001601	0.013280	-0.002773
1782835197.669050	-0.403080	0.019902	1.268840	0.003439	-0.011171	-0.011225	0.001601	0.013280	-0.002773
1782835197.678660	-0.403073	0.020132	1.269163	0.005894	-0.010419	-0.009182	0.001601	0.013280	-0.002773
1782835197.689461	-0.402875	0.020407	1.269141	0.004359	-0.009278	-0.007631	0.016857	0.003316	0.025663
1782835197.699393	-0.402883	0.020672	1.269072	0.003829	-0.010391	-0.003643	0.016857	0.003316	0.025663
1782835197.709675	-0.402888	0.020901	1.269578	0.003370	-0.010514	-0.000409	0.003790	0.011679	0.035705
1782835197.723601	-0.402882	0.021118	1.269938	0.004950	-0.010828	0.000002	0.003790	0.011679	0.035705
1782835197.729911	-0.402806	0.021297	1.270532	0.007594	-0.012632	0.002677	-0.001479	0.016330	0.068783
1782835197.738317	-0.402577	0.021578	1.271207	0.004332	-0.011661	0.005384	-0.001479	0.016330	0.068783
1782835197.748693	-0.402577	0.021578	1.271207	0.004332	-0.011661	0.005384	0.008164	0.014952	0.103536
1782835197.759333	-0.402679	0.021790	1.272191	0.005202	-0.009805	0.007278	0.008164	0.014952	0.103536
1782835197.768781	-0.402657	0.022210	1.273117	0.005599	-0.011433	0.009683	0.005077	0.019151	0.084202
1782835197.778576	-0.402452	0.022695	1.275348	0.007451	-0.010196	0.013629	0.016282	0.008397	0.112395
1782835197.788448	-0.402452	0.022695	1.275348	0.007451	-0.010196	0.013629	0.016282	0.008397	0.112395
1782835197.800467	-0.402420	0.023273	1.277923	0.007654	-0.012510	0.020671	0.016282	0.008397	0.112395
1782835197.810527	-0.402420	0.023273	1.277923	0.007654	-0.012510	0.020671	0.000199	0.021262	0.108068
1782835197.820497	-0.402376	0.023601	1.279441	0.008152	-0.012283	0.023033	0.000199	0.021262	0.108068
1782835197.828623	-0.402422	0.023822	1.280909	0.009062	-0.014264	0.024738	-0.003367	0.018788	0.128934
1782835197.839743	-0.402422	0.023822	1.280909	0.009062	-0.014264	0.024738	-0.003367	0.018788	0.128934
1782835197.850044	-0.402212	0.023863	1.282453	0.012063	-0.013555	0.027780	0.018403	0.014668	0.112116
1782835197.860324	-0.402323	0.024254	1.283956	0.012594	-0.014590	0.030508	0.018403	0.014668	0.112116
1782835197.869149	-0.402439	0.024689	1.285287	0.010315	-0.013634	0.033440	0.007619	0.015888	0.108501
1782835197.879594	-0.402375	0.024980	1.286603	0.010234	-0.014458	0.035024	0.007619	0.015888	0.108501
1782835197.889634	-0.402462	0.025110	1.287896	0.012553	-0.014650	0.038753	-0.000353	0.019866	0.107481
1782835197.899347	-0.402426	0.025520	1.289029	0.011186	-0.014242	0.039642	-0.000353	0.019866	0.107481
1782835197.909303	-0.402318	0.025569	1.290443	0.014380	-0.015556	0.040597	0.002298	0.017168	0.091840
1782835197.921264	-0.402413	0.025979	1.291329	0.012489	-0.014551	0.046313	0.002298	0.017168	0.091840
1782835197.930876	-0.402569	0.026247	1.292192	0.013298	-0.016334	0.048177	0.012464	0.012118	0.078439
1782835197.939877	-0.402673	0.026364	1.293122	0.012011	-0.014011	0.051662	0.012464	0.012118	0.078439
1782835197.949314	-0.402483	0.026711	1.293725	0.011733	-0.014533	0.052978	0.011862	0.010744	0.053684
1782835197.962910	-0.402483	0.026711	1.293725	0.011733	-0.014533	0.052978	0.011862	0.010744	0.053684
1782835197.969976	-0.402571	0.027136	1.294542	0.014781	-0.014827	0.054703	0.005546	0.012299	0.038041
1782835197.983184	-0.402646	0.027303	1.294786	0.013844	-0.016303	0.059150	0.005546	0.012299	0.038041
1782835197.992717	-0.402624	0.027368	1.295004	0.014343	-0.016525	0.061399	0.013521	0.006106	0.009072
1782835197.999266	-0.402513	0.027707	1.295569	0.013037	-0.015458	0.062470	0.013521	0.006106	0.009072
1782835198.011551	-0.402400	0.027878	1.295748	0.013373	-0.013434	0.064292	0.010220	0.008223	-0.015273
1782835198.018896	-0.402557	0.028319	1.295596	0.013580	-0.016043	0.067684	0.010220	0.008223	-0.015273
1782835198.028800	-0.402571	0.028330	1.295422	0.016941	-0.017123	0.071167	-0.006049	0.017476	-0.036011
1782835198.039075	-0.402597	0.028695	1.295310	0.012843	-0.014299	0.075618	-0.006049	0.017476	-0.036011
1782835198.048519	-0.402610	0.028941	1.295276	0.015728	-0.015269	0.076246	-0.009881	0.012439	-0.024282
1782835198.061442	-0.402610	0.028941	1.295276	0.015728	-0.015269	0.076246	-0.009881	0.012439	-0.024282
1782835198.069522	-0.402675	0.029103	1.295129	0.017578	-0.017027	0.077539	0.005550	0.006834	-0.006165
1782835198.081317	-0.402882	0.029243	1.294785	0.015465	-0.019938	0.080468	-0.010203	0.010805	-0.033910
1782835198.090394	-0.402837	0.029374	1.294461	0.014698	-0.017675	0.081963	-0.010203	0.010805	-0.033910
1782835198.100999	-0.402776	0.029554	1.294240	0.015207	-0.016848	0.084051	-0.010203	0.010805	-0.033910
1782835198.109653	-0.402874	0.029854	1.293904	0.014562	-0.016189	0.087958	-0.008254	0.008524	-0.021450
1782835198.119458	-0.402854	0.030046	1.293772	0.017408	-0.015879	0.089299	-0.008254	0.008524	-0.021450
1782835198.129338	-0.402985	0.030259	1.293420	0.014525	-0.014306	0.090890	0.007212	0.001656	0.001082
1782835198.141090	-0.403051	0.030394	1.293320	0.013791	-0.017110	0.094698	0.007212	0.001656	0.001082
1782835198.149747	-0.403111	0.030416	1.293238	0.015246	-0.016941	0.096018	-0.005493	0.006268	-0.006709
1782835198.159426	-0.403111	0.030416	1.293238	0.015246	-0.016941	0.096018	0.004762	-0.001543	0.005415
1782835198.169253	-0.403257	0.030501	1.293106	0.016396	-0.018276	0.098634	0.004762	-0.001543	0.005415
1782835198.182317	-0.403237	0.030692	1.293053	0.015010	-0.017782	0.102429	0.004762	-0.001543	0.005415
1782835198.189279	-0.403251	0.030779	1.293202	0.013737	-0.016973	0.105693	-0.007419	0.000846	-0.001105
1782835198.200146	-0.403513	0.030933	1.293545	0.018654	-0.018850	0.107046	-0.007419	0.000846	-0.001105
1782835198.209443	-0.403609	0.030972	1.293462	0.017536	-0.016781	0.110559	-0.007419	0.000846	-0.001105
1782835198.219449	-0.403560	0.031092	1.293608	0.019398	-0.017085	0.113550	-0.014009	0.001259	0.027799
1782835198.229512	-0.403730	0.031159	1.293864	0.020773	-0.018133	0.115060	-0.007132	-0.001204	0.036273
1782835198.238678	-0.403745	0.031254	1.293943	0.018927	-0.018014	0.117794	-0.007132	-0.001204	0.036273
1782835198.250881	-0.403745	0.031254	1.293943	0.018927	-0.018014	0.117794	-0.010837	-0.003104	0.035876
1782835198.258784	-0.403895	0.031318	1.294285	0.016941	-0.016413	0.123885	-0.010837	-0.003104	0.035876
1782835198.270027	-0.403895	0.031318	1.294285	0.016941	-0.016413	0.123885	-0.015704	-0.003803	0.046150
1782835198.279152	-0.404074	0.031373	1.294689	0.016903	-0.016465	0.126972	-0.015704	-0.003803	0.046150
1782835198.289214	-0.404060	0.031366	1.294969	0.016957	-0.015028	0.129098	-0.006228	-0.006319	0.041835
1782835198.300464	-0.404184	0.031542	1.295245	0.016007	-0.014066	0.130952	-0.006228	-0.006319	0.041835
1782835198.312093	-0.404239	0.031592	1.295387	0.017982	-0.013123	0.133336	-0.010172	-0.008375	0.029690
1782835198.319224	-0.404216	0.031497	1.295623	0.015851	-0.011294	0.137062	-0.010172	-0.008375	0.029690
1782835198.329603	-0.404351	0.031417	1.295495	0.016477	-0.015563	0.141482	-0.014459	-0.004562	0.028957
1782835198.338838	-0.404559	0.031484	1.295680	0.017538	-0.015499	0.144244	-0.014459	-0.004562	0.028957
1782835198.351130	-0.404559	0.031484	1.295680	0.017538	-0.015499	0.144244	-0.012015	-0.005684	0.009960
1782835198.361738	-0.404552	0.031487	1.295894	0.018685	-0.012533	0.145701	-0.012015	-0.005684	0.009960
1782835198.369403	-0.404613	0.031357	1.295800	0.019487	-0.013422	0.149224	-0.001572	-0.013922	0.014526
1782835198.379459	-0.404722	0.031520	1.296057	0.022237	-0.013176	0.151702	-0.001572	-0.013922	0.014526
1782835198.390101	-0.404751	0.031425	1.295971	0.023325	-0.013558	0.153813	-0.004375	-0.013084	-0.001253
1782835198.399921	-0.404885	0.031399	1.295642	0.018422	-0.011220	0.158818	-0.004375	-0.013084	-0.001253
1782835198.411233	-0.404956	0.031261	1.295767	0.017161	-0.010328	0.161848	-0.012876	-0.006151	-0.013281
1782835198.419217	-0.404980	0.031321	1.295707	0.017820	-0.010053	0.162341	-0.012876	-0.006151	-0.013281
1782835198.430416	-0.405033	0.031400	1.295469	0.016137	-0.010171	0.165680	-0.001516	-0.015417	-0.005508
1782835198.438958	-0.404952	0.031320	1.295380	0.017806	-0.010866	0.167622	-0.001516	-0.015417	-0.005508
1782835198.448910	-0.404952	0.031320	1.295380	0.017806	-0.010866	0.167622	0.003499	-0.020409	-0.004578
1782835198.459130	-0.405086	0.031123	1.295141	0.017319	-0.010934	0.169834	0.003499	-0.020409	-0.004578
1782835198.473699	-0.405095	0.030992	1.294868	0.016814	-0.011262	0.174586	-0.011275	-0.009037	-0.022471
1782835198.480256	-0.405154	0.030980	1.294786	0.018365	-0.011009	0.175724	-0.011275	-0.009037	-0.022471
1782835198.491604	-0.405240	0.030879	1.294682	0.018082	-0.011626	0.178142	0.000177	-0.017923	-0.002683
1782835198.499115	-0.405260	0.030807	1.294489	0.016172	-0.011492	0.180911	0.000177	-0.017923	-0.002683
1782835198.510507	-0.405321	0.030821	1.294445	0.017668	-0.011702	0.181791	0.002453	-0.019085	-0.006745
1782835198.519049	-0.405496	0.030727	1.294406	0.015709	-0.011347	0.184618	0.002453	-0.019085	-0.006745
1782835198.529797	-0.405519	0.030826	1.294194	0.014570	-0.012730	0.188353	-0.013502	-0.010873	-0.014396
1782835198.538349	-0.405571	0.030837	1.294219	0.014208	-0.011872	0.190086	-0.013502	-0.010873	-0.014396
1782835198.549717	-0.405571	0.030837	1.294219	0.014208	-0.011872	0.190086	0.002279	-0.020199	0.011831
1782835198.560527	-0.405654	0.030509	1.294098	0.015423	-0.011559	0.193359	0.002279	-0.020199	0.011831
1782835198.569145	-0.405678	0.030483	1.294074	0.011583	-0.011600	0.197924	-0.007315	-0.012434	-0.007640
1782835198.579243	-0.405695	0.030366	1.294206	0.012810	-0.011131	0.199516	-0.007315	-0.012434	-0.007640
1782835198.589600	-0.405625	0.030272	1.294311	0.014073	-0.009509	0.201018	-0.012139	-0.012773	0.008085
1782835198.599349	-0.405712	0.030100	1.294013	0.012441	-0.011375	0.204295	-0.012139	-0.012773	0.008085
1782835198.609855	-0.405800	0.030141	1.294201	0.011688	-0.012743	0.206419	0.000821	-0.018963	0.021998
1782835198.620093	-0.405933	0.030014	1.294219	0.012315	-0.013565	0.207593	0.000821	-0.018963	0.021998
1782835198.628841	-0.405854	0.029862	1.294381	0.010803	-0.012492	0.211109	-0.011840	-0.009473	-0.002038
1782835198.640644	-0.405854	0.029862	1.294381	0.010803	-0.012492	0.211109	-0.011840	-0.009473	-0.002038
1782835198.649690	-0.405992	0.029648	1.294434	0.010480	-0.014258	0.213292	-0.009526	-0.013532	0.016565
1782835198.659701	-0.406190	0.029661	1.294893	0.012777	-0.014090	0.215745	-0.009526	-0.013532	0.016565
1782835198.670203	-0.406143	0.029535	1.295057	0.010662	-0.011692	0.218551	-0.001180	-0.016064	0.013412
1782835198.681090	-0.406209	0.029483	1.295198	0.012411	-0.012493	0.221129	-0.001180	-0.016064	0.013412
1782835198.688635	-0.406348	0.029343	1.295398	0.012296	-0.013894	0.222848	-0.018112	-0.010458	0.002305
1782835198.700289	-0.406331	0.029154	1.295419	0.012743	-0.013870	0.226111	-0.018112	-0.010458	0.002305
1782835198.709651	-0.406429	0.029140	1.295589	0.013171	-0.015432	0.228803	-0.011239	-0.013222	0.020591
1782835198.722874	-0.406679	0.028932	1.295634	0.011429	-0.015936	0.229770	-0.005445	-0.015135	0.010504
1782835198.730243	-0.406699	0.028874	1.295790	0.011648	-0.014701	0.232826	-0.005445	-0.015135	0.010504
1782835198.738640	-0.406761	0.028690	1.296037	0.013243	-0.013395	0.235340	-0.005445	-0.015135	0.010504
1782835198.749631	-0.406761	0.028690	1.296037	0.013243	-0.013395	0.235340	-0.025873	-0.008327	0.005252
1782835198.760508	-0.406850	0.028605	1.296158	0.013906	-0.012500	0.236765	-0.025873	-0.008327	0.005252
1782835198.768950	-0.406831	0.028427	1.296262	0.013032	-0.013046	0.238789	-0.017137	-0.017155	0.027232
1782835198.779721	-0.407129	0.028441	1.296415	0.013249	-0.014072	0.241562	-0.017137	-0.017155	0.027232
1782835198.789817	-0.407129	0.028441	1.296415	0.013249	-0.014072	0.241562	-0.009535	-0.019312	0.018364
1782835198.800765	-0.407254	0.028051	1.296229	0.012986	-0.015420	0.245875	-0.009535	-0.019312	0.018364
1782835198.809723	-0.407515	0.027923	1.296333	0.014630	-0.015734	0.248215	-0.027995	-0.013094	0.000355
1782835198.819580	-0.407587	0.027678	1.296352	0.015146	-0.015256	0.249499	-0.027995	-0.013094	0.000355
1782835198.830403	-0.407639	0.027596	1.296290	0.013055	-0.014022	0.251284	-0.023394	-0.015730	0.017079
1782835198.839188	-0.407887	0.027483	1.296240	0.013605	-0.015340	0.252815	-0.023394	-0.015730	0.017079
1782835198.850130	-0.407887	0.027483	1.296240	0.013605	-0.015340	0.252815	-0.013056	-0.021078	0.005611
1782835198.859542	-0.407935	0.027310	1.296045	0.012484	-0.016175	0.254521	-0.013056	-0.021078	0.005611
1782835198.869243	-0.408096	0.027096	1.295979	0.012241	-0.016258	0.257384	-0.029471	-0.011561	-0.018375
1782835198.878849	-0.408392	0.027031	1.295895	0.013107	-0.016728	0.258954	-0.029471	-0.011561	-0.018375
1782835198.889589	-0.408355	0.026745	1.295625	0.012115	-0.014338	0.260705	-0.026129	-0.013539	-0.012775
1782835198.899793	-0.408481	0.026598	1.295465	0.012538	-0.012953	0.262528	-0.026129	-0.013539	-0.012775
1782835198.909407	-0.408716	0.026303	1.295215	0.011065	-0.012517	0.264081	-0.011187	-0.021968	-0.012208
1782835198.918908	-0.408703	0.026316	1.294950	0.013327	-0.013958	0.267034	-0.011187	-0.021968	-0.012208
1782835198.932350	-0.408887	0.026178	1.294769	0.010982	-0.013316	0.268125	-0.026800	-0.010127	-0.033680
1782835198.938744	-0.409133	0.025938	1.294445	0.011482	-0.014411	0.270107	-0.026800	-0.010127	-0.033680
1782835198.950781	-0.409133	0.025938	1.294445	0.011482	-0.014411	0.270107	-0.026800	-0.010127	-0.033680
1782835198.959283	-0.409191	0.025643	1.294287	0.012415	-0.014217	0.272519	-0.022799	-0.014264	-0.018961
1782835198.969586	-0.409310	0.025371	1.294015	0.011258	-0.013882	0.275522	-0.015171	-0.020400	-0.014001
1782835198.979202	-0.409661	0.025369	1.293860	0.010405	-0.012965	0.276522	-0.015171	-0.020400	-0.014001
1782835198.990958	-0.409827	0.025152	1.293775	0.011829	-0.012431	0.279141	-0.015171	-0.020400	-0.014001
1782835198.999329	-0.410074	0.025070	1.293602	0.011579	-0.012186	0.281475	-0.031453	-0.008998	-0.015421
1782835199.011648	-0.410183	0.025023	1.293442	0.009879	-0.012947	0.282765	-0.017200	-0.019779	0.015394
1782835199.020247	-0.410213	0.024812	1.293454	0.011544	-0.013714	0.284486	-0.017200	-0.019779	0.015394
1782835199.030536	-0.410710	0.024289	1.293445	0.009982	-0.013956	0.288631	-0.029883	-0.013193	0.004174
1782835199.039902	-0.410710	0.024289	1.293445	0.009982	-0.013956	0.288631	-0.029883	-0.013193	0.004174
1782835199.048762	-0.410880	0.024113	1.293378	0.009063	-0.013966	0.290486	-0.027158	-0.012927	0.020166
1782835199.061090	-0.410880	0.024113	1.293378	0.009063	-0.013966	0.290486	-0.027158	-0.012927	0.020166
1782835199.069031	-0.410998	0.023828	1.293594	0.009150	-0.013428	0.293560	-0.023228	-0.016044	0.026411
1782835199.079684	-0.411253	0.023675	1.293825	0.009119	-0.011998	0.296143	-0.023228	-0.016044	0.026411
1782835199.092914	-0.411397	0.023595	1.294132	0.010599	-0.012157	0.298052	-0.032444	-0.009690	0.018771
1782835199.104120	-0.411695	0.023313	1.294307	0.012029	-0.012699	0.299635	-0.022148	-0.015590	0.034762
1782835199.109998	-0.411695	0.023313	1.294307	0.012029	-0.012699	0.299635	-0.022148	-0.015590	0.034762
1782835199.121851	-0.411808	0.023135	1.294464	0.010634	-0.012194	0.301615	-0.022148	-0.015590	0.034762
1782835199.130544	-0.412304	0.022689	1.294676	0.009948	-0.011398	0.307519	-0.022609	-0.015080	0.021460
1782835199.139658	-0.412304	0.022689	1.294676	0.009948	-0.011398	0.307519	-0.022609	-0.015080	0.021460
1782835199.149660	-0.412407	0.022455	1.294858	0.008620	-0.010797	0.310208	-0.033374	-0.003700	0.003507
1782835199.159853	-0.412407	0.022455	1.294858	0.008620	-0.010797	0.310208	-0.033374	-0.003700	0.003507
1782835199.169230	-0.412458	0.022319	1.294824	0.011688	-0.009378	0.311525	-0.021134	-0.014389	0.016198
1782835199.179293	-0.412689	0.022311	1.295051	0.010121	-0.009966	0.314527	-0.021134	-0.014389	0.016198
1782835199.190688	-0.412951	0.022103	1.295081	0.009406	-0.009685	0.317123	-0.021199	-0.013838	0.000580
1782835199.200596	-0.412951	0.022103	1.295081	0.009406	-0.009685	0.317123	-0.029907	-0.002599	-0.014426
1782835199.209432	-0.413209	0.022045	1.295054	0.009483	-0.009748	0.319423	-0.029907	-0.002599	-0.014426
1782835199.220370	-0.413295	0.021794	1.295028	0.011824	-0.009646	0.321219	-0.017691	-0.011413	0.001299
1782835199.229842	-0.413406	0.021626	1.294974	0.011030	-0.009506	0.325010	-0.017691	-0.011413	0.001299
1782835199.238565	-0.413626	0.021472	1.294836	0.010801	-0.009932	0.325473	-0.017691	-0.011413	0.001299
1782835199.250784	-0.413626	0.021472	1.294836	0.010801	-0.009932	0.325473	-0.017691	-0.011413	0.001299
1782835199.260267	-0.413694	0.021502	1.294947	0.013188	-0.009297	0.326947	-0.017104	-0.009848	-0.009793
1782835199.269655	-0.413869	0.021219	1.294937	0.013728	-0.008969	0.328374	-0.025389	0.000728	-0.019524
1782835199.279499	-0.414170	0.021229	1.294871	0.012379	-0.009936	0.330498	-0.025389	0.000728	-0.019524
1782835199.292546	-0.414325	0.021197	1.294863	0.012155	-0.009310	0.332400	-0.025389	0.000728	-0.019524
1782835199.300451	-0.414626	0.020889	1.294649	0.009675	-0.009678	0.338300	-0.009066	-0.010750	0.002476
1782835199.333131	-0.414996	0.020627	1.294790	0.011418	-0.008596	0.343110	-0.021510	0.001709	-0.007851
1782835199.335700	-0.414996	0.020627	1.294790	0.011418	-0.008596	0.343110	-0.021510	0.001709	-0.007851
1782835199.338421	-0.414996	0.020627	1.294790	0.011418	-0.008596	0.343110	-0.021510	0.001709	-0.007851
1782835199.341056	-0.414996	0.020627	1.294790	0.011418	-0.008596	0.343110	-0.021510	0.001709	-0.007851
1782835199.349713	-0.414996	0.020627	1.294790	0.011418	-0.008596	0.343110	-0.006704	-0.007630	0.011316
1782835199.360031	-0.415238	0.020641	1.294736	0.013219	-0.008460	0.345572	-0.006704	-0.007630	0.011316
1782835199.370075	-0.415238	0.020641	1.294736	0.013219	-0.008460	0.345572	-0.022824	0.002816	-0.005536
1782835199.379246	-0.415429	0.020692	1.294887	0.012055	-0.010198	0.348577	-0.022824	0.002816	-0.005536
1782835199.389830	-0.415534	0.020638	1.295063	0.010850	-0.009468	0.350634	-0.022824	0.002816	-0.005536
1782835199.399970	-0.415592	0.020462	1.295196	0.010728	-0.007461	0.353145	-0.011859	-0.001168	0.017168
1782835199.409199	-0.415700	0.020584	1.295160	0.010716	-0.009355	0.357426	-0.007786	-0.003650	0.017304
1782835199.421046	-0.415781	0.020591	1.295415	0.011586	-0.008005	0.358385	-0.007786	-0.003650	0.017304
1782835199.430121	-0.415929	0.020480	1.295807	0.012809	-0.006454	0.359065	-0.021445	0.007992	0.009938
1782835199.439226	-0.415997	0.020463	1.295720	0.009940	-0.008009	0.362447	-0.003423	-0.003645	0.032810
1782835199.450370	-0.415997	0.020463	1.295720	0.009940	-0.008009	0.362447	-0.003423	-0.003645	0.032810
1782835199.461369	-0.416071	0.020510	1.296165	0.010836	-0.009482	0.363579	-0.003423	-0.003645	0.032810
1782835199.469813	-0.416078	0.020519	1.296309	0.009491	-0.008875	0.364423	-0.011169	0.003439	0.013167
1782835199.479350	-0.416290	0.020421	1.296381	0.008459	-0.009875	0.369312	-0.011169	0.003439	0.013167
1782835199.489429	-0.416457	0.020550	1.296799	0.009460	-0.012102	0.372811	-0.011169	0.003439	0.013167
1782835199.499257	-0.416485	0.020476	1.297026	0.010518	-0.010566	0.374859	-0.017888	0.008712	0.006007
1782835199.512981	-0.416520	0.020537	1.297259	0.009380	-0.009014	0.377088	-0.001083	-0.000768	0.029653
1782835199.520690	-0.416667	0.020614	1.297416	0.008512	-0.008351	0.378793	-0.001083	-0.000768	0.029653
1782835199.528738	-0.416712	0.020781	1.297592	0.010164	-0.009070	0.380181	-0.013410	0.006174	0.003526
1782835199.540368	-0.416712	0.020781	1.297592	0.010164	-0.009070	0.380181	-0.013410	0.006174	0.003526
1782835199.549420	-0.416953	0.020807	1.297688	0.011029	-0.009740	0.383312	-0.014653	0.008014	0.005913
1782835199.564583	-0.416953	0.020807	1.297688	0.011029	-0.009740	0.383312	-0.014653	0.008014	0.005913
1782835199.574951	-0.416892	0.020923	1.297667	0.008673	-0.008788	0.389583	-0.000049	0.000867	0.019179
1782835199.580837	-0.417049	0.021126	1.298121	0.011667	-0.009255	0.391268	-0.000049	0.000867	0.019179
1782835199.592853	-0.417049	0.021126	1.298121	0.011667	-0.009255	0.391268	-0.009793	0.006983	-0.002360
1782835199.600744	-0.417074	0.021131	1.298117	0.014033	-0.008722	0.391696	-0.010452	0.008860	-0.003188
1782835199.609224	-0.417202	0.021378	1.298116	0.009523	-0.008538	0.394151	-0.010452	0.008860	-0.003188
1782835199.619581	-0.417312	0.021441	1.298251	0.011156	-0.007732	0.395575	-0.010452	0.008860	-0.003188
1782835199.629455	-0.417252	0.021338	1.298072	0.009674	-0.009373	0.397908	0.000194	0.000374	0.005843
1782835199.638223	-0.417316	0.021332	1.297963	0.010687	-0.010543	0.403219	0.000194	0.000374	0.005843
1782835199.650609	-0.417316	0.021332	1.297963	0.010687	-0.010543	0.403219	0.000194	0.000374	0.005843
1782835199.659508	-0.417508	0.021317	1.298218	0.013405	-0.011728	0.405221	-0.004252	0.005282	0.004045
1782835199.669566	-0.417525	0.021385	1.298253	0.014512	-0.010790	0.407840	-0.004252	0.005282	0.004045
1782835199.679971	-0.417754	0.021753	1.298429	0.012710	-0.008769	0.411464	0.000459	-0.000923	0.007662
1782835199.689346	-0.417754	0.021753	1.298429	0.012710	-0.008769	0.411464	0.000459	-0.000923	0.007662
1782835199.700291	-0.417754	0.021816	1.298319	0.011958	-0.011349	0.417535	-0.010997	0.006293	0.001648
1782835199.709033	-0.417754	0.021816	1.298319	0.011958	-0.011349	0.417535	-0.010997	0.006293	0.001648
1782835199.720253	-0.417885	0.021901	1.298345	0.012754	-0.011578	0.418944	-0.010997	0.006293	0.001648
1782835199.732266	-0.417861	0.021934	1.298181	0.013713	-0.012628	0.422313	0.003648	-0.000138	0.006074
1782835199.738574	-0.417898	0.022081	1.297977	0.012364	-0.011629	0.426543	0.003648	-0.000138	0.006074
1782835199.750602	-0.417898	0.022081	1.297977	0.012364	-0.011629	0.426543	-0.006935	0.000811	0.003599
1782835199.759308	-0.418009	0.022150	1.298034	0.013243	-0.011781	0.427725	-0.006935	0.000811	0.003599
1782835199.769398	-0.418109	0.022165	1.298026	0.015212	-0.011798	0.430202	-0.001472	0.000980	0.004436
1782835199.779642	-0.418001	0.022265	1.298030	0.011602	-0.010577	0.432402	-0.001472	0.000980	0.004436
1782835199.791309	-0.418066	0.022297	1.297903	0.012447	-0.009945	0.435856	-0.001472	0.000980	0.004436
1782835199.799586	-0.418066	0.022297	1.297903	0.012447	-0.009945	0.435856	0.006856	0.000618	-0.007523
1782835199.809556	-0.418165	0.022356	1.297827	0.012787	-0.011179	0.439894	-0.008512	0.002604	-0.007352
1782835199.820156	-0.418137	0.022371	1.297641	0.015038	-0.010425	0.441187	-0.008512	0.002604	-0.007352
1782835199.830491	-0.418107	0.022363	1.297433	0.011349	-0.011186	0.445439	0.007908	-0.002412	0.001349
1782835199.839839	-0.418282	0.022510	1.297414	0.009628	-0.010499	0.448904	0.007908	-0.002412	0.001349
1782835199.850862	-0.418282	0.022510	1.297414	0.009628	-0.010499	0.448904	0.001933	0.001747	-0.016018
1782835199.859305	-0.418176	0.022472	1.297547	0.010659	-0.009434	0.450179	0.001933	0.001747	-0.016018
1782835199.869538	-0.418186	0.022583	1.297370	0.011999	-0.008967	0.453105	-0.003208	0.002582	-0.011092
1782835199.880374	-0.418194	0.022585	1.297278	0.013214	-0.008418	0.455310	-0.003208	0.002582	-0.011092
1782835199.889088	-0.418261	0.022593	1.297273	0.014281	-0.008835	0.455853	0.009523	-0.005376	0.003769
1782835199.900331	-0.418179	0.022704	1.297086	0.013255	-0.009935	0.458163	0.009523	-0.005376	0.003769
1782835199.909473	-0.418229	0.022600	1.297043	0.013972	-0.011036	0.460965	-0.003961	0.005180	-0.021406
1782835199.918627	-0.418261	0.022595	1.296907	0.014891	-0.011161	0.462106	-0.003961	0.005180	-0.021406
1782835199.935807	-0.418202	0.022561	1.296862	0.013185	-0.012418	0.465314	-0.003961	0.005180	-0.021406
1782835199.941038	-0.418257	0.022641	1.296861	0.013090	-0.012198	0.466625	0.005085	-0.000324	-0.002680
1782835199.949986	-0.418257	0.022641	1.296861	0.013090	-0.012198	0.466625	0.004981	-0.005334	0.000642
1782835199.959242	-0.418188	0.022462	1.296913	0.013567	-0.011788	0.468544	0.004981	-0.005334	0.000642
1782835199.969002	-0.418223	0.022365	1.296849	0.012770	-0.012491	0.472053	-0.001331	0.003167	-0.007476
1782835199.979075	-0.418228	0.022480	1.296835	0.013439	-0.011849	0.473448	-0.001331	0.003167	-0.007476
1782835199.989936	-0.418247	0.022623	1.296995	0.013709	-0.013015	0.474954	0.007876	-0.005942	0.010486
1782835199.999379	-0.418237	0.022614	1.297033	0.015872	-0.013638	0.476844	0.007876	-0.005942	0.010486
1782835200.009628	-0.418355	0.022730	1.297095	0.014438	-0.013370	0.480270	-0.010689	0.000177	0.019388
1782835200.019348	-0.418401	0.022680	1.297223	0.015218	-0.013527	0.480877	-0.010689	0.000177	0.019388
1782835200.029249	-0.418331	0.022612	1.297344	0.014878	-0.012320	0.483083	-0.007363	0.004780	0.016530
1782835200.038753	-0.418441	0.022556	1.297397	0.012239	-0.013728	0.485820	-0.007363	0.004780	0.016530
1782835200.048859	-0.418441	0.022556	1.297397	0.012239	-0.013728	0.485820	-0.001591	-0.003006	0.024738
1782835200.059843	-0.418407	0.022634	1.297620	0.011880	-0.012881	0.486415	-0.001591	-0.003006	0.024738
1782835200.069628	-0.418444	0.022550	1.297672	0.012097	-0.012607	0.489986	-0.011595	0.001208	0.016000
1782835200.079226	-0.418508	0.022455	1.297801	0.014158	-0.012355	0.492074	-0.011595	0.001208	0.016000
1782835200.088599	-0.418518	0.022383	1.298023	0.015540	-0.011764	0.493958	-0.001401	-0.000178	0.015860
1782835200.099818	-0.418546	0.022271	1.298080	0.015478	-0.012044	0.496342	-0.001401	-0.000178	0.015860
1782835200.110922	-0.418631	0.022307	1.298101	0.015420	-0.011604	0.498040	-0.005466	-0.003629	0.012722
1782835200.119259	-0.418541	0.022235	1.298115	0.013851	-0.012130	0.500088	-0.005466	-0.003629	0.012722
1782835200.130233	-0.418646	0.022293	1.298099	0.014359	-0.012178	0.504134	0.007501	-0.007438	0.007601
1782835200.139026	-0.418864	0.022362	1.298165	0.013474	-0.009785	0.505946	0.007501	-0.007438	0.007601
1782835200.155776	-0.418913	0.022303	1.298228	0.013683	-0.008713	0.507052	0.000597	-0.007646	0.011461
1782835200.165734	-0.418913	0.022303	1.298228	0.013683	-0.008713	0.507052	0.000597	-0.007646	0.011461
1782835200.169370	-0.418812	0.022507	1.298154	0.013137	-0.009414	0.509888	0.000280	-0.007403	-0.000063
1782835200.185250	-0.418848	0.022455	1.298186	0.013563	-0.008033	0.511006	0.000280	-0.007403	-0.000063
1782835200.192694	-0.418771	0.022222	1.297796	0.012843	-0.009274	0.517168	-0.006362	-0.002641	-0.006635
1782835200.199168	-0.418771	0.022222	1.297796	0.012843	-0.009274	0.517168	-0.006362	-0.002641	-0.006635
1782835200.227191	-0.418640	0.022139	1.297695	0.010589	-0.008903	0.519561	0.004759	-0.007271	-0.004220
1782835200.232535	-0.418626	0.022153	1.297643	0.010488	-0.009048	0.521338	0.001008	-0.010733	-0.002078
1782835200.241983	-0.418626	0.022153	1.297643	0.010488	-0.009048	0.521338	0.001008	-0.010733	-0.002078
1782835200.248070	-0.418584	0.022239	1.297494	0.009775	-0.006833	0.523484	-0.005483	-0.002671	-0.003073
1782835200.252808	-0.418584	0.022239	1.297494	0.009775	-0.006833	0.523484	-0.005483	-0.002671	-0.003073
1782835200.260129	-0.418584	0.022239	1.297494	0.009775	-0.006833	0.523484	-0.005483	-0.002671	-0.003073
1782835200.270744	-0.418577	0.022196	1.297297	0.006780	-0.005758	0.525219	0.008966	-0.008037	-0.000355
1782835200.287466	-0.418566	0.022123	1.297164	0.007327	-0.006484	0.525451	0.008966	-0.008037	-0.000355
1782835200.291264	-0.418594	0.022051	1.296959	0.006350	-0.007378	0.528982	-0.001848	-0.007593	-0.001264
1782835200.299381	-0.418495	0.021946	1.296705	0.006954	-0.006898	0.531036	-0.001848	-0.007593	-0.001264
1782835200.312231	-0.418431	0.021915	1.296604	0.007790	-0.007173	0.532155	-0.002086	-0.005675	0.006802
1782835200.321822	-0.418225	0.021952	1.296403	0.008715	-0.008267	0.533770	-0.002086	-0.005675	0.006802
1782835200.328425	-0.418159	0.022070	1.296443	0.009621	-0.006575	0.534671	0.010080	-0.008050	0.001573
1782835200.338969	-0.418147	0.022050	1.296335	0.009472	-0.007854	0.535720	0.010080	-0.008050	0.001573
1782835200.350333	-0.418184	0.022019	1.296066	0.010510	-0.008527	0.538596	-0.005418	-0.004617	0.008624
1782835200.360551	-0.418184	0.022019	1.296066	0.010510	-0.008527	0.538596	-0.005418	-0.004617	0.008624
1782835200.369453	-0.418044	0.022093	1.296045	0.008112	-0.007676	0.540338	0.005611	-0.005555	0.010749
1782835200.378833	-0.417976	0.022074	1.296052	0.010098	-0.009327	0.541373	0.005611	-0.005555	0.010749
1782835200.391719	-0.417907	0.021990	1.295859	0.008795	-0.008413	0.544724	0.008504	-0.007067	0.007548
1782835200.399283	-0.417902	0.022007	1.295946	0.008331	-0.007892	0.545548	0.008504	-0.007067	0.007548
1782835200.408488	-0.417791	0.021952	1.295805	0.008879	-0.007613	0.546384	0.008504	-0.007067	0.007548
1782835200.419569	-0.417599	0.022038	1.295732	0.009157	-0.007575	0.548331	0.001349	-0.005562	0.019765
1782835200.429704	-0.417417	0.022113	1.295704	0.011967	-0.007258	0.549122	0.010086	-0.004851	0.016874
1782835200.439103	-0.417523	0.022172	1.295544	0.010689	-0.008275	0.551474	0.010086	-0.004851	0.016874
1782835200.450683	-0.417523	0.022172	1.295544	0.010689	-0.008275	0.551474	0.007269	-0.007785	0.016935
1782835200.459321	-0.417380	0.022135	1.295385	0.008776	-0.008242	0.552777	0.007269	-0.007785	0.016935
1782835200.469604	-0.417292	0.022216	1.295437	0.007322	-0.008861	0.555057	0.005586	-0.002226	0.023139
1782835200.479592	-0.417261	0.022241	1.295519	0.006852	-0.007819	0.555301	0.013941	-0.003230	0.015066
1782835200.490340	-0.417058	0.022384	1.295513	0.007730	-0.008670	0.558060	0.013941	-0.003230	0.015066
1782835200.499766	-0.416863	0.022454	1.295512	0.005152	-0.007068	0.559771	0.013941	-0.003230	0.015066
1782835200.509062	-0.416844	0.022583	1.295573	0.006894	-0.007626	0.559570	0.012467	-0.005413	0.016527
1782835200.519389	-0.416673	0.022756	1.295499	0.005359	-0.006667	0.561749	0.012467	-0.005413	0.016527
1782835200.530068	-0.416545	0.022787	1.295551	0.006618	-0.007861	0.562729	0.010810	-0.002196	0.013255
1782835200.539962	-0.416433	0.022731	1.295411	0.006484	-0.010379	0.565747	0.010810	-0.002196	0.013255
1782835200.550387	-0.416184	0.022832	1.295226	0.007155	-0.009469	0.566783	0.016227	-0.001950	0.011023
1782835200.560357	-0.416184	0.022832	1.295226	0.007155	-0.009469	0.566783	0.016227	-0.001950	0.011023
1782835200.574321	-0.416148	0.022981	1.295311	0.009903	-0.010578	0.568367	0.017865	-0.006121	0.006722
1782835200.579566	-0.416055	0.023120	1.295276	0.010063	-0.009790	0.568600	0.017865	-0.006121	0.006722
1782835200.592499	-0.415779	0.023404	1.295346	0.011459	-0.009993	0.570306	0.013569	0.002049	0.001030
1782835200.603029	-0.415560	0.023482	1.295286	0.010916	-0.011294	0.572430	0.013569	0.002049	0.001030
1782835200.615774	-0.415453	0.023626	1.295271	0.010805	-0.010961	0.575277	0.022081	-0.002088	0.005579
1782835200.629393	-0.415514	0.023656	1.295139	0.009171	-0.010385	0.576385	0.016956	0.000015	0.002900
1782835200.635076	-0.415514	0.023656	1.295139	0.009171	-0.010385	0.576385	0.016956	0.000015	0.002900
1782835200.643327	-0.415063	0.023764	1.295255	0.011131	-0.011617	0.578553	0.016956	0.000015	0.002900
1782835200.649485	-0.415063	0.023764	1.295255	0.011131	-0.011617	0.578553	0.018631	0.003516	0.000279
1782835200.662829	-0.414902	0.023929	1.295168	0.012959	-0.011874	0.580236	0.018631	0.003516	0.000279
1782835200.673964	-0.414814	0.024067	1.295195	0.013581	-0.010262	0.580072	0.025049	-0.003105	0.008717
1782835200.684351	-0.414645	0.024285	1.295372	0.014784	-0.011066	0.581555	0.016928	0.000950	0.010082
1782835200.693229	-0.414643	0.024422	1.295481	0.013629	-0.011829	0.582741	0.016928	0.000950	0.010082
1782835200.713320	-0.414428	0.024524	1.295546	0.013843	-0.012195	0.583615	0.019373	0.002685	0.010988
1782835200.717137	-0.414377	0.024689	1.295680	0.011554	-0.011309	0.585430	0.019373	0.002685	0.010988
1782835200.729553	-0.414219	0.024842	1.295633	0.012227	-0.013422	0.588229	0.019373	0.002685	0.010988
1782835200.733143	-0.414219	0.024842	1.295633	0.012227	-0.013422	0.588229	0.024280	-0.004354	0.016982
1782835200.740994	-0.414219	0.024842	1.295633	0.012227	-0.013422	0.588229	0.024280	-0.004354	0.016982
1782835200.749147	-0.414071	0.025157	1.296136	0.012310	-0.012598	0.590237	0.014977	0.004003	0.016292
1782835200.760436	-0.414071	0.025157	1.296136	0.012310	-0.012598	0.590237	0.014977	0.004003	0.016292
1782835200.768956	-0.414090	0.025425	1.296313	0.014635	-0.013246	0.591507	0.027188	-0.002358	0.023885
1782835200.778815	-0.414060	0.025599	1.296502	0.013324	-0.012098	0.592245	0.027188	-0.002358	0.023885
1782835200.793546	-0.413931	0.025670	1.296847	0.011853	-0.010978	0.594638	0.019589	-0.001248	0.017431
1782835200.802672	-0.414014	0.025780	1.296977	0.011837	-0.012772	0.596069	0.019589	-0.001248	0.017431
1782835200.809729	-0.413865	0.025891	1.297161	0.009709	-0.011821	0.597732	0.017621	0.004529	0.014117
1782835200.824244	-0.413673	0.025960	1.297372	0.009665	-0.012013	0.599159	0.017621	0.004529	0.014117
1782835200.830838	-0.413576	0.026170	1.297569	0.008630	-0.013052	0.601347	0.027403	-0.005455	0.022771
1782835200.839900	-0.413342	0.026405	1.297836	0.009132	-0.011851	0.601909	0.027403	-0.005455	0.022771
1782835200.850168	-0.413297	0.026577	1.298223	0.012232	-0.011158	0.601461	0.018642	-0.002768	0.012927
1782835200.861026	-0.413297	0.026577	1.298223	0.012232	-0.011158	0.601461	0.018642	-0.002768	0.012927
1782835200.869330	-0.413376	0.026885	1.298156	0.010927	-0.012758	0.604872	0.018459	0.003705	0.005189
1782835200.879562	-0.413363	0.027064	1.298525	0.010771	-0.012663	0.605450	0.018459	0.003705	0.005189
1782835200.889407	-0.413336	0.026994	1.298418	0.011260	-0.016133	0.608919	0.024079	-0.003318	0.013676
1782835200.900407	-0.413357	0.027048	1.298533	0.012043	-0.016861	0.610091	0.024079	-0.003318	0.013676
1782835200.910844	-0.413287	0.027259	1.298697	0.012403	-0.015337	0.610136	0.024079	-0.003318	0.013676
1782835200.919148	-0.413189	0.027289	1.298859	0.013485	-0.016481	0.611470	0.019188	-0.003827	0.009341
1782835200.928832	-0.413124	0.027376	1.298969	0.012780	-0.015886	0.612777	0.012330	0.001622	0.002095
1782835200.938674	-0.413124	0.027376	1.298969	0.012780	-0.015886	0.612777	0.012330	0.001622	0.002095
1782835200.951675	-0.413120	0.027467	1.298978	0.012593	-0.016907	0.615817	0.019646	-0.004463	0.020019
1782835200.960294	-0.413120	0.027467	1.298978	0.012593	-0.016907	0.615817	0.011923	-0.001677	0.009238
1782835200.969215	-0.413091	0.027646	1.299154	0.012334	-0.018475	0.618522	0.011923	-0.001677	0.009238
1782835200.979589	-0.413167	0.027738	1.299229	0.013310	-0.015865	0.617816	0.011923	-0.001677	0.009238
1782835200.988800	-0.413105	0.027863	1.299229	0.011474	-0.015621	0.620906	0.007599	0.001992	0.005484
1782835200.999632	-0.413137	0.027869	1.299468	0.012851	-0.014665	0.622261	0.007599	0.001992	0.005484
1782835201.010268	-0.413056	0.027950	1.299723	0.014269	-0.015327	0.623489	0.014079	-0.005708	0.020512
1782835201.018982	-0.413064	0.028002	1.299615	0.013179	-0.014493	0.624907	0.014079	-0.005708	0.020512
1782835201.029490	-0.413175	0.028184	1.299798	0.015284	-0.016285	0.626448	0.001916	0.001317	0.007222
1782835201.038457	-0.413166	0.028129	1.299917	0.015913	-0.016537	0.627012	0.001916	0.001317	0.007222
1782835201.050763	-0.413166	0.028129	1.299917	0.015913	-0.016537	0.627012	-0.000600	0.002929	0.005023
1782835201.059420	-0.413303	0.028097	1.299891	0.015378	-0.018112	0.631030	-0.000600	0.002929	0.005023
1782835201.069898	-0.413303	0.028097	1.299891	0.015378	-0.018112	0.631030	0.011884	-0.006565	0.015546
1782835201.079181	-0.413322	0.028164	1.300126	0.014565	-0.018488	0.631835	0.011884	-0.006565	0.015546
1782835201.089084	-0.413327	0.028213	1.299989	0.015265	-0.017939	0.633168	-0.004309	-0.000200	0.003352
1782835201.099161	-0.413270	0.028280	1.299964	0.017741	-0.017801	0.633715	-0.004309	-0.000200	0.003352
1782835201.110404	-0.413270	0.028375	1.299894	0.018558	-0.017813	0.635821	-0.004405	0.000833	0.001725
1782835201.120327	-0.413434	0.028219	1.299735	0.017015	-0.018514	0.638142	-0.004405	0.000833	0.001725
1782835201.129351	-0.413477	0.028172	1.299642	0.015459	-0.018134	0.639788	0.006048	-0.009009	0.004510
1782835201.138414	-0.413600	0.028130	1.299570	0.013409	-0.015888	0.641369	0.006048	-0.009009	0.004510
1782835201.148704	-0.413600	0.028130	1.299570	0.013409	-0.015888	0.641369	-0.008974	-0.003999	-0.002941
1782835201.158839	-0.413607	0.028211	1.299388	0.014103	-0.014561	0.644768	-0.008974	-0.003999	-0.002941
1782835201.170452	-0.413805	0.028262	1.299394	0.014497	-0.013633	0.645151	-0.007259	-0.000871	-0.003412
1782835201.179034	-0.413759	0.028316	1.299291	0.015338	-0.013814	0.646377	-0.007259	-0.000871	-0.003412
1782835201.191186	-0.413940	0.028326	1.299348	0.016724	-0.014908	0.647591	-0.000172	-0.010289	-0.000688
1782835201.199252	-0.413935	0.028254	1.299287	0.016965	-0.014485	0.648114	-0.000172	-0.010289	-0.000688
1782835201.210048	-0.414083	0.028053	1.298952	0.017349	-0.016940	0.652099	-0.013793	-0.004865	-0.004243
1782835201.222157	-0.414193	0.028063	1.298819	0.016235	-0.016080	0.654342	-0.013793	-0.004865	-0.004243
1782835201.228574	-0.414267	0.027978	1.298891	0.018039	-0.016678	0.654164	-0.007596	-0.005454	0.003072
1782835201.244495	-0.414267	0.027978	1.298891	0.018039	-0.016678	0.654164	-0.007596	-0.005454	0.003072
1782835201.250811	-0.414287	0.027943	1.298807	0.016534	-0.015588	0.655902	-0.006121	-0.013017	0.004863
1782835201.261901	-0.414464	0.027944	1.298681	0.015619	-0.014692	0.657463	-0.006121	-0.013017	0.004863
1782835201.271055	-0.414547	0.027886	1.298731	0.015165	-0.012368	0.658051	-0.014700	-0.007414	0.000217
1782835201.279745	-0.414581	0.027834	1.298538	0.016576	-0.012908	0.660605	-0.014700	-0.007414	0.000217
1782835201.290392	-0.414670	0.027787	1.298482	0.014778	-0.012737	0.661629	-0.005779	-0.011674	0.007528
1782835201.301311	-0.414580	0.027633	1.298485	0.016188	-0.010987	0.663176	-0.005779	-0.011674	0.007528
1782835201.310922	-0.414618	0.027566	1.298298	0.015599	-0.011072	0.666374	-0.007907	-0.014948	0.002439
1782835201.319594	-0.414705	0.027581	1.298364	0.015824	-0.009650	0.667724	-0.007907	-0.014948	0.002439
1782835201.329500	-0.414779	0.027434	1.298309	0.017325	-0.008869	0.668295	-0.010634	-0.010437	0.004416
1782835201.339346	-0.414923	0.027326	1.298034	0.015315	-0.009013	0.670804	-0.010634	-0.010437	0.004416
1782835201.349188	-0.415058	0.027365	1.297995	0.011707	-0.007749	0.671695	-0.001607	-0.015652	0.002704
1782835201.360710	-0.415058	0.027365	1.297995	0.011707	-0.007749	0.671695	-0.001607	-0.015652	0.002704
1782835201.369090	-0.415025	0.027329	1.297777	0.013574	-0.007176	0.672492	-0.009659	-0.015224	-0.004110
1782835201.378765	-0.414973	0.027180	1.297658	0.014861	-0.007404	0.674774	-0.009659	-0.015224	-0.004110
1782835201.390454	-0.414996	0.027161	1.297654	0.012961	-0.006718	0.676996	-0.008516	-0.013513	0.001053
1782835201.399246	-0.415001	0.027016	1.297495	0.015209	-0.006483	0.676863	-0.008516	-0.013513	0.001053
1782835201.408804	-0.415027	0.026964	1.297347	0.016126	-0.007223	0.679307	-0.008516	-0.013513	0.001053
1782835201.420435	-0.415057	0.026930	1.297211	0.017403	-0.008126	0.680291	0.003713	-0.016836	-0.005563
1782835201.432179	-0.415076	0.026945	1.297139	0.015977	-0.007552	0.680938	-0.007423	-0.016014	-0.003372
1782835201.438523	-0.415196	0.026750	1.296896	0.012968	-0.008234	0.683398	-0.007423	-0.016014	-0.003372
1782835201.450995	-0.415196	0.026750	1.296896	0.012968	-0.008234	0.683398	-0.001494	-0.015001	0.004864
1782835201.458144	-0.415231	0.026627	1.296753	0.012380	-0.008200	0.685169	-0.001494	-0.015001	0.004864
1782835201.469827	-0.415231	0.026627	1.296753	0.012380	-0.008200	0.685169	0.005485	-0.017893	-0.003288
1782835201.479294	-0.415305	0.026474	1.296601	0.012926	-0.009472	0.687323	0.005485	-0.017893	-0.003288
1782835201.492472	-0.415272	0.026308	1.296719	0.011600	-0.008460	0.688940	-0.008471	-0.014035	0.000657
1782835201.498816	-0.415260	0.026278	1.296706	0.012296	-0.007491	0.689664	-0.008471	-0.014035	0.000657
1782835201.509449	-0.415195	0.026213	1.296670	0.012508	-0.008087	0.690894	0.005548	-0.019707	0.010626
1782835201.520675	-0.415181	0.026169	1.296619	0.014262	-0.008218	0.691872	0.005548	-0.019707	0.010626
1782835201.530457	-0.415219	0.026212	1.296681	0.014818	-0.008701	0.692515	0.000305	-0.013604	-0.005650
1782835201.539437	-0.415171	0.026157	1.296582	0.016983	-0.009223	0.694177	0.000305	-0.013604	-0.005650
1782835201.549690	-0.415171	0.026157	1.296582	0.016983	-0.009223	0.694177	-0.008280	-0.012388	0.002976
1782835201.559619	-0.415084	0.025975	1.296621	0.013614	-0.009164	0.695572	-0.008280	-0.012388	0.002976
1782835201.570138	-0.415089	0.025983	1.296664	0.013998	-0.009447	0.695775	0.008294	-0.021946	0.015753
1782835201.579111	-0.414963	0.025846	1.296563	0.016488	-0.010014	0.698063	0.008294	-0.021946	0.015753
1782835201.589206	-0.414967	0.025967	1.296655	0.016146	-0.010407	0.698041	0.008294	-0.021946	0.015753
1782835201.599185	-0.414954	0.025932	1.296860	0.015047	-0.008904	0.698177	-0.002120	-0.012876	-0.003594
1782835201.610344	-0.414891	0.025781	1.296681	0.012630	-0.011804	0.700791	-0.003178	-0.018093	0.007729
1782835201.619848	-0.414891	0.025781	1.296681	0.012630	-0.011804	0.700791	-0.003178	-0.018093	0.007729
1782835201.629312	-0.414802	0.025641	1.296763	0.014273	-0.012293	0.700714	0.009009	-0.021365	0.014801
1782835201.640247	-0.414767	0.025523	1.296700	0.009870	-0.011755	0.702540	0.009009	-0.021365	0.014801
1782835201.648313	-0.414837	0.025394	1.297024	0.012043	-0.012044	0.704464	-0.005897	-0.014340	-0.008271
1782835201.659543	-0.414837	0.025394	1.297024	0.012043	-0.012044	0.704464	-0.005897	-0.014340	-0.008271
1782835201.669761	-0.414728	0.025327	1.297081	0.014321	-0.011713	0.704645	-0.002424	-0.019940	0.010292
1782835201.679029	-0.414524	0.025329	1.297121	0.012308	-0.010642	0.706883	-0.002424	-0.019940	0.010292
1782835201.690902	-0.414547	0.025318	1.297272	0.012319	-0.011597	0.707408	0.007107	-0.024191	0.010632
1782835201.700235	-0.414545	0.025197	1.297219	0.013537	-0.013261	0.707793	0.007107	-0.024191	0.010632
1782835201.710917	-0.414418	0.025105	1.297263	0.012706	-0.013855	0.709806	-0.008657	-0.015691	-0.009453
1782835201.719443	-0.414329	0.025011	1.297214	0.012280	-0.014359	0.711489	-0.008657	-0.015691	-0.009453
1782835201.730146	-0.414372	0.024939	1.297340	0.013250	-0.014138	0.710963	-0.004506	-0.021980	0.010085
1782835201.743194	-0.414265	0.024802	1.297205	0.014075	-0.014220	0.712768	-0.004506	-0.021980	0.010085
1782835201.753814	-0.414265	0.024810	1.297257	0.014491	-0.014473	0.713951	-0.004506	-0.021980	0.010085
1782835201.761260	-0.414265	0.024810	1.297257	0.014491	-0.014473	0.713951	0.005129	-0.027063	0.004785
1782835201.769436	-0.414250	0.024707	1.297372	0.013850	-0.013511	0.713589	-0.012852	-0.019342	-0.014829
1782835201.780632	-0.414128	0.024592	1.297075	0.016171	-0.015660	0.715434	-0.012852	-0.019342	-0.014829
1782835201.789248	-0.414100	0.024536	1.297179	0.014497	-0.015059	0.716075	-0.012852	-0.019342	-0.014829
1782835201.800739	-0.414080	0.024391	1.297083	0.015661	-0.016424	0.716203	-0.002927	-0.025993	0.007499
1782835201.808706	-0.413930	0.024187	1.296905	0.014404	-0.016957	0.719104	-0.000581	-0.030179	0.000187
1782835201.819011	-0.413891	0.024023	1.296922	0.015188	-0.016349	0.720237	-0.000581	-0.030179	0.000187
1782835201.829114	-0.413905	0.023805	1.296887	0.018365	-0.017210	0.719447	-0.017412	-0.022295	-0.014367
1782835201.839006	-0.413828	0.023729	1.296810	0.017655	-0.016480	0.720797	-0.017412	-0.022295	-0.014367
1782835201.849846	-0.413860	0.023639	1.296678	0.019605	-0.016420	0.720157	-0.017412	-0.022295	-0.014367
1782835201.859513	-0.413860	0.023639	1.296678	0.019605	-0.016420	0.720157	-0.005051	-0.030181	0.007959
1782835201.869039	-0.413908	0.023449	1.296644	0.018693	-0.017156	0.720252	-0.008173	-0.032263	-0.002207
1782835201.879127	-0.413789	0.023312	1.296637	0.015490	-0.017627	0.721428	-0.008173	-0.032263	-0.002207
1782835201.890996	-0.413674	0.023003	1.296496	0.016959	-0.018556	0.722473	-0.020011	-0.024477	-0.005301
1782835201.900951	-0.413730	0.022608	1.296493	0.017989	-0.017976	0.722219	-0.020011	-0.024477	-0.005301
1782835201.910444	-0.413573	0.022172	1.296482	0.017499	-0.017244	0.727116	-0.007035	-0.035592	0.013622
1782835201.919762	-0.413573	0.022172	1.296482	0.017499	-0.017244	0.727116	-0.007035	-0.035592	0.013622
1782835201.929410	-0.413684	0.021842	1.296531	0.017388	-0.015309	0.726759	-0.017897	-0.031276	-0.006607
1782835201.941179	-0.413611	0.021725	1.296519	0.017357	-0.015005	0.727156	-0.017897	-0.031276	-0.006607
1782835201.948755	-0.413634	0.021592	1.296452	0.014245	-0.014459	0.727946	-0.019227	-0.030213	0.006697
1782835201.959870	-0.413631	0.021385	1.296474	0.014302	-0.013776	0.727705	-0.019227	-0.030213	0.006697
1782835201.969509	-0.413631	0.021385	1.296474	0.014302	-0.013776	0.727705	-0.008061	-0.038695	0.016276
1782835201.979654	-0.413592	0.020982	1.296360	0.012819	-0.013458	0.729946	-0.008061	-0.038695	0.016276
1782835201.989842	-0.413524	0.020829	1.296378	0.011839	-0.013707	0.731642	-0.025323	-0.028984	-0.003760
1782835201.999849	-0.413503	0.020582	1.296582	0.014241	-0.013917	0.731875	-0.018330	-0.034206	0.013541
1782835202.009371	-0.413377	0.020312	1.296539	0.011609	-0.012649	0.733806	-0.018330	-0.034206	0.013541
1782835202.019578	-0.413380	0.020049	1.296713	0.012154	-0.012277	0.734519	-0.018330	-0.034206	0.013541
1782835202.029275	-0.413393	0.019871	1.296770	0.013994	-0.012814	0.733917	-0.013452	-0.039543	0.014270
1782835202.039145	-0.413471	0.019633	1.296701	0.011196	-0.014352	0.736208	-0.030899	-0.028358	0.001425
1782835202.050185	-0.413471	0.019633	1.296701	0.011196	-0.014352	0.736208	-0.030899	-0.028358	0.001425
1782835202.060066	-0.413373	0.019328	1.296700	0.013750	-0.016641	0.736997	-0.030899	-0.028358	0.001425
1782835202.069347	-0.413464	0.018919	1.296892	0.012383	-0.014950	0.737604	-0.015818	-0.036137	0.024411
1782835202.079320	-0.413430	0.018543	1.297095	0.012403	-0.013219	0.739207	-0.015818	-0.036137	0.024411
1782835202.089832	-0.413496	0.018334	1.297101	0.010006	-0.012257	0.740774	-0.020687	-0.034793	0.012537
1782835202.102122	-0.413522	0.018064	1.297305	0.010468	-0.012260	0.740457	-0.020687	-0.034793	0.012537
1782835202.110272	-0.413353	0.017658	1.297357	0.009904	-0.010495	0.741079	-0.028173	-0.026547	0.003489
1782835202.120103	-0.413353	0.017658	1.297357	0.009904	-0.010495	0.741079	-0.028173	-0.026547	0.003489
1782835202.128879	-0.413449	0.017498	1.297403	0.007603	-0.009899	0.740942	-0.017540	-0.034702	0.016160
1782835202.139345	-0.413449	0.017498	1.297403	0.007603	-0.009899	0.740942	-0.017540	-0.034702	0.016160
1782835202.149975	-0.413507	0.017059	1.297397	0.007339	-0.010048	0.744080	-0.021984	-0.031388	0.007678
1782835202.160965	-0.413524	0.016841	1.297344	0.008079	-0.012005	0.744158	-0.021984	-0.031388	0.007678
1782835202.169891	-0.413484	0.016425	1.297286	0.007979	-0.010974	0.745525	-0.028283	-0.022304	-0.007858
1782835202.179325	-0.413410	0.016353	1.297297	0.006939	-0.009720	0.746558	-0.028283	-0.022304	-0.007858
1782835202.188898	-0.413517	0.016191	1.297340	0.007456	-0.009037	0.746328	-0.016896	-0.028798	0.009096
1782835202.199082	-0.413597	0.016039	1.297262	0.008489	-0.008988	0.746236	-0.016896	-0.028798	0.009096
1782835202.208711	-0.413668	0.015781	1.296986	0.003925	-0.006647	0.747426	-0.017349	-0.027637	-0.003058
1782835202.221683	-0.413703	0.015422	1.296903	0.003754	-0.006675	0.747898	-0.025033	-0.015227	-0.019410
1782835202.229828	-0.413703	0.015422	1.296903	0.003754	-0.006675	0.747898	-0.025033	-0.015227	-0.019410
1782835202.238657	-0.413703	0.015422	1.296903	0.003754	-0.006675	0.747898	-0.025033	-0.015227	-0.019410
1782835202.248484	-0.413799	0.014986	1.296798	0.005103	-0.006666	0.749671	-0.013602	-0.024290	0.008791
1782835202.260362	-0.413799	0.014986	1.296798	0.005103	-0.006666	0.749671	-0.013602	-0.024290	0.008791
1782835202.270689	-0.413835	0.014824	1.296772	0.004947	-0.007126	0.750620	-0.017540	-0.020438	-0.007944
1782835202.279946	-0.413911	0.014637	1.296782	0.006129	-0.006424	0.750720	-0.017540	-0.020438	-0.007944
1782835202.289592	-0.414030	0.014486	1.296799	0.006928	-0.006293	0.750904	-0.023153	-0.012072	-0.006371
1782835202.300046	-0.414076	0.014265	1.296710	0.005897	-0.006626	0.752315	-0.023153	-0.012072	-0.006371
1782835202.308762	-0.414199	0.014133	1.296751	0.004198	-0.007465	0.753849	-0.023153	-0.012072	-0.006371
1782835202.319276	-0.414252	0.014090	1.296822	0.003363	-0.007255	0.754239	-0.006006	-0.019012	-0.000849
1782835202.329358	-0.414330	0.013929	1.296893	0.002427	-0.006678	0.754988	-0.011831	-0.014553	-0.015516
1782835202.340253	-0.414330	0.013929	1.296893	0.002427	-0.006678	0.754988	-0.011831	-0.014553	-0.015516
1782835202.348490	-0.414343	0.013825	1.297036	0.004353	-0.005877	0.755672	-0.010740	-0.009023	-0.014752
1782835202.360091	-0.414343	0.013825	1.297036	0.004353	-0.005877	0.755672	-0.010740	-0.009023	-0.014752
1782835202.370348	-0.414462	0.013825	1.297091	0.004676	-0.006129	0.756343	-0.003395	-0.018641	-0.000524
1782835202.382047	-0.414600	0.013809	1.297167	0.006220	-0.006627	0.757246	-0.025882	-0.005987	0.020700
1782835202.392802	-0.414696	0.013787	1.297354	0.004051	-0.008175	0.758273	-0.025882	-0.005987	0.020700
1782835202.398848	-0.414938	0.013639	1.297348	0.004420	-0.010121	0.758835	-0.025882	-0.005987	0.020700
1782835202.409794	-0.414843	0.013526	1.297476	0.003812	-0.009181	0.760640	-0.009735	-0.010060	0.002480
1782835202.421176	-0.415057	0.013517	1.297745	0.006027	-0.011076	0.760772	-0.009735	-0.010060	0.002480
1782835202.430984	-0.415168	0.013542	1.297924	0.005263	-0.010351	0.760057	-0.001975	-0.012066	0.006438
1782835202.438680	-0.415306	0.013372	1.298158	0.005270	-0.007329	0.760455	-0.001975	-0.012066	0.006438
1782835202.450318	-0.415306	0.013372	1.298158	0.005270	-0.007329	0.760455	-0.013861	-0.002622	-0.009494
1782835202.458952	-0.415476	0.013394	1.298348	0.006702	-0.008386	0.761169	-0.009518	-0.004860	0.008673
1782835202.469492	-0.415584	0.013519	1.298497	0.005944	-0.007555	0.761124	-0.009518	-0.004860	0.008673
1782835202.480064	-0.415583	0.013588	1.298749	0.005006	-0.008514	0.762643	-0.009518	-0.004860	0.008673
1782835202.491227	-0.415763	0.013437	1.298854	0.005745	-0.009988	0.762539	-0.005570	-0.011084	0.004512
1782835202.499889	-0.415800	0.013401	1.298949	0.006300	-0.009747	0.763851	-0.005570	-0.011084	0.004512
1782835202.508775	-0.415848	0.013318	1.298998	0.007759	-0.009960	0.764217	-0.005570	-0.011084	0.004512
1782835202.520212	-0.416048	0.013384	1.299282	0.006285	-0.009904	0.764185	-0.016358	0.003329	-0.008389
1782835202.531091	-0.416106	0.013549	1.299402	0.006695	-0.009863	0.764417	-0.010030	-0.005365	0.010150
1782835202.540549	-0.416261	0.013631	1.299502	0.007892	-0.010961	0.763971	-0.010030	-0.005365	0.010150
1782835202.550217	-0.416562	0.013489	1.299699	0.005231	-0.012229	0.763909	-0.008514	-0.002902	0.009034
1782835202.560093	-0.416562	0.013489	1.299699	0.005231	-0.012229	0.763909	-0.008514	-0.002902	0.009034
1782835202.569530	-0.416693	0.013635	1.299899	0.002333	-0.012220	0.764785	-0.024963	0.007057	0.000866
1782835202.582085	-0.416802	0.013498	1.299927	0.003595	-0.012301	0.766844	-0.024963	0.007057	0.000866
1782835202.592411	-0.417084	0.013472	1.299990	0.005973	-0.011912	0.767051	-0.010497	0.000538	0.021863
1782835202.599387	-0.417108	0.013436	1.300147	0.006804	-0.011762	0.766744	-0.010497	0.000538	0.021863
1782835202.608661	-0.417254	0.013551	1.300317	0.006300	-0.012164	0.767888	-0.016675	0.003488	0.006262
1782835202.620196	-0.417514	0.013697	1.300316	0.007521	-0.012836	0.767856	-0.016675	0.003488	0.006262
1782835202.629772	-0.417635	0.013718	1.300360	0.007979	-0.011353	0.767527	-0.024160	0.013075	-0.001967
1782835202.640317	-0.417799	0.013642	1.300257	0.008019	-0.011779	0.768319	-0.024160	0.013075	-0.001967
1782835202.649969	-0.418072	0.013771	1.300280	0.010942	-0.013439	0.768237	-0.013330	0.000846	0.011057
1782835202.661834	-0.418072	0.013771	1.300280	0.010942	-0.013439	0.768237	-0.013330	0.000846	0.011057
1782835202.669417	-0.418310	0.013832	1.300334	0.009618	-0.011661	0.768454	-0.017261	0.002942	-0.005334
1782835202.679324	-0.418507	0.013836	1.300204	0.011027	-0.013284	0.770599	-0.017261	0.002942	-0.005334
1782835202.690579	-0.418734	0.013970	1.300197	0.011101	-0.010275	0.769351	-0.026017	0.008841	-0.015921
1782835202.699926	-0.418934	0.014080	1.300081	0.011488	-0.008796	0.769114	-0.026017	0.008841	-0.015921
1782835202.708687	-0.419125	0.014093	1.299782	0.011398	-0.011285	0.770601	-0.013966	0.000638	0.000038
1782835202.719233	-0.419366	0.014204	1.299643	0.010282	-0.011525	0.770715	-0.013966	0.000638	0.000038
1782835202.729202	-0.419576	0.014255	1.299561	0.012685	-0.011610	0.771497	-0.014514	-0.000799	-0.017243
1782835202.739161	-0.419710	0.014232	1.299267	0.011888	-0.011129	0.773243	-0.014514	-0.000799	-0.017243
1782835202.751236	-0.419710	0.014232	1.299267	0.011888	-0.011129	0.773243	-0.025929	0.006538	-0.029361
1782835202.759192	-0.419900	0.014292	1.299147	0.011781	-0.008854	0.772329	-0.025929	0.006538	-0.029361
1782835202.769506	-0.420076	0.014285	1.298872	0.011486	-0.009943	0.772881	-0.010171	-0.003006	-0.004153
1782835202.779154	-0.420316	0.014403	1.298497	0.010495	-0.009950	0.773169	-0.010171	-0.003006	-0.004153
1782835202.788904	-0.420519	0.014357	1.298334	0.009822	-0.008209	0.772246	-0.014474	-0.000272	-0.022476
1782835202.798727	-0.420678	0.014398	1.297937	0.010972	-0.008768	0.773263	-0.014474	-0.000272	-0.022476
1782835202.810735	-0.420819	0.014448	1.297635	0.013167	-0.009522	0.774616	-0.020496	0.007788	-0.023996
1782835202.818880	-0.421065	0.014536	1.297517	0.014225	-0.009431	0.774404	-0.020496	0.007788	-0.023996
1782835202.829278	-0.421320	0.014616	1.297296	0.012226	-0.007840	0.775261	-0.003746	-0.002373	-0.003075
1782835202.838973	-0.421473	0.014752	1.297208	0.011053	-0.007831	0.775355	-0.003746	-0.002373	-0.003075
1782835202.848734	-0.421771	0.014760	1.297206	0.012191	-0.008278	0.775614	-0.003746	-0.002373	-0.003075
1782835202.858967	-0.421771	0.014760	1.297206	0.012191	-0.008278	0.775614	-0.019368	0.007460	-0.026099
1782835202.870520	-0.421859	0.014877	1.297088	0.012535	-0.008234	0.775858	-0.011572	0.005681	-0.008698
1782835202.880925	-0.422157	0.015120	1.296940	0.011946	-0.008701	0.777249	-0.011572	0.005681	-0.008698
1782835202.892410	-0.422522	0.015190	1.296860	0.012252	-0.009083	0.777820	-0.006618	0.001590	-0.000645
1782835202.900042	-0.422628	0.015264	1.296812	0.010812	-0.009441	0.777781	-0.006618	0.001590	-0.000645
1782835202.910899	-0.422827	0.015269	1.296724	0.009468	-0.009327	0.779989	-0.016802	0.013101	-0.013884
1782835202.919230	-0.423048	0.015261	1.296814	0.011688	-0.009234	0.779248	-0.016802	0.013101	-0.013884
1782835202.929345	-0.423195	0.015256	1.296858	0.011918	-0.009553	0.779417	-0.004485	0.005001	0.008807
1782835202.939302	-0.423216	0.015450	1.296898	0.010709	-0.009120	0.779953	-0.004485	0.005001	0.008807
1782835202.953457	-0.423592	0.015636	1.297101	0.009241	-0.008211	0.778215	-0.007754	0.006414	-0.000863
1782835202.960012	-0.423592	0.015636	1.297101	0.009241	-0.008211	0.778215	-0.007754	0.006414	-0.000863
1782835202.969499	-0.423806	0.015665	1.297227	0.010169	-0.007659	0.777394	-0.009706	0.012508	0.005245
1782835202.979657	-0.423984	0.015943	1.297312	0.011431	-0.007320	0.779374	-0.009706	0.012508	0.005245
1782835202.990369	-0.424293	0.016049	1.297494	0.011487	-0.008347	0.780070	-0.000246	0.002614	0.016622
1782835202.998893	-0.424467	0.016142	1.297509	0.009207	-0.008739	0.780560	-0.000246	0.002614	0.016622
1782835203.010103	-0.424539	0.016259	1.297581	0.010015	-0.007482	0.781770	-0.010626	0.014970	0.004706
1782835203.019091	-0.424770	0.016229	1.297651	0.009412	-0.007119	0.783314	-0.010626	0.014970	0.004706
1782835203.028225	-0.424920	0.016400	1.297995	0.010908	-0.007273	0.784461	-0.002807	0.007507	0.020526
1782835203.039642	-0.424920	0.016400	1.297995	0.010908	-0.007273	0.784461	-0.002807	0.007507	0.020526
1782835203.050481	-0.425076	0.016470	1.298197	0.009385	-0.006069	0.783880	-0.000694	0.006730	0.020420
1782835203.060173	-0.425279	0.016633	1.298310	0.010134	-0.007930	0.784217	-0.000694	0.006730	0.020420
1782835203.068969	-0.425546	0.016916	1.298480	0.012532	-0.009181	0.784270	-0.014766	0.017779	0.001314
1782835203.081386	-0.425629	0.016974	1.298501	0.013043	-0.007809	0.785144	-0.014766	0.017779	0.001314
1782835203.089292	-0.425855	0.017194	1.298561	0.011692	-0.009692	0.786731	-0.001395	0.012318	0.021120
1782835203.099837	-0.426035	0.017353	1.298713	0.010575	-0.009284	0.786941	-0.001395	0.012318	0.021120
1782835203.108719	-0.426189	0.017505	1.298794	0.011694	-0.008732	0.787161	-0.001395	0.012318	0.021120
1782835203.119043	-0.426309	0.017663	1.298846	0.011177	-0.007983	0.788046	-0.002983	0.013146	0.002896
1782835203.133664	-0.426530	0.017987	1.298991	0.009429	-0.007725	0.787901	-0.011958	0.022600	-0.009138
1782835203.141701	-0.426530	0.017987	1.298991	0.009429	-0.007725	0.787901	-0.011958	0.022600	-0.009138
1782835203.151031	-0.426769	0.018200	1.298974	0.006945	-0.007853	0.789469	0.005697	0.010712	-0.000931
1782835203.158800	-0.426769	0.018200	1.298974	0.006945	-0.007853	0.789469	0.005697	0.010712	-0.000931
1782835203.173794	-0.427071	0.018560	1.298872	0.006553	-0.008841	0.790341	0.003434	0.012406	-0.020075
1782835203.183645	-0.427071	0.018560	1.298872	0.006553	-0.008841	0.790341	0.003434	0.012406	-0.020075
1782835203.189904	-0.427208	0.018752	1.298836	0.007929	-0.009136	0.791374	-0.003706	0.018302	-0.026846
1782835203.199196	-0.427293	0.018899	1.298818	0.008924	-0.009012	0.790579	-0.003706	0.018302	-0.026846
1782835203.211011	-0.427380	0.019099	1.298745	0.010734	-0.009371	0.791257	0.007502	0.009418	-0.010357
1782835203.219482	-0.427380	0.019099	1.298745	0.010734	-0.009371	0.791257	0.007502	0.009418	-0.010357
1782835203.230599	-0.427787	0.019569	1.298650	0.009548	-0.010524	0.790256	0.002961	0.013267	-0.021804
1782835203.242180	-0.427787	0.019569	1.298650	0.009548	-0.010524	0.790256	0.002961	0.013267	-0.021804
1782835203.249238	-0.427978	0.019806	1.298153	0.009496	-0.010054	0.792334	-0.001333	0.017567	-0.020273
1782835203.260705	-0.427978	0.019806	1.298153	0.009496	-0.010054	0.792334	-0.001333	0.017567	-0.020273
1782835203.270156	-0.428223	0.019995	1.298160	0.012064	-0.011016	0.791567	0.010748	0.006669	-0.004898
1782835203.282318	-0.428165	0.020440	1.298256	0.009024	-0.009260	0.791537	0.010748	0.006669	-0.004898
1782835203.289316	-0.428165	0.020440	1.298256	0.009024	-0.009260	0.791537	0.002054	0.013771	-0.018908
1782835203.299142	-0.428429	0.020672	1.298398	0.013084	-0.010082	0.790885	0.002054	0.013771	-0.018908
1782835203.309874	-0.428537	0.020988	1.298506	0.014757	-0.010203	0.792032	0.003643	0.009319	-0.003651
1782835203.320324	-0.428598	0.021044	1.298503	0.014346	-0.010010	0.792122	0.003643	0.009319	-0.003651
1782835203.328737	-0.428778	0.021215	1.298486	0.015521	-0.012338	0.793175	0.011831	0.007454	0.001259
1782835203.338561	-0.428879	0.021487	1.298608	0.016321	-0.012231	0.793648	0.011831	0.007454	0.001259
1782835203.349201	-0.428879	0.021487	1.298608	0.016321	-0.012231	0.793648	0.001983	0.013389	-0.007173
1782835203.360566	-0.428912	0.021600	1.298778	0.015356	-0.012167	0.795410	0.001983	0.013389	-0.007173
1782835203.369397	-0.429095	0.021690	1.298926	0.015723	-0.012672	0.796034	0.010827	0.008180	0.018699
1782835203.379368	-0.429172	0.021789	1.299070	0.015291	-0.012945	0.795058	0.010827	0.008180	0.018699
1782835203.390080	-0.429158	0.021953	1.299189	0.015219	-0.011349	0.794548	0.010827	0.008180	0.018699
1782835203.399882	-0.429252	0.022177	1.299214	0.015631	-0.012763	0.794343	0.006223	0.007132	0.004074
1782835203.410960	-0.429422	0.022328	1.299399	0.015391	-0.011957	0.794670	0.001883	0.011246	0.007586
1782835203.419962	-0.429334	0.022430	1.299496	0.013770	-0.010948	0.794537	0.001883	0.011246	0.007586
1782835203.429320	-0.429474	0.022553	1.299636	0.013624	-0.011965	0.795850	0.013230	0.000474	0.024179
1782835203.439212	-0.429540	0.022707	1.299752	0.013160	-0.011763	0.796015	0.013230	0.000474	0.024179
1782835203.448661	-0.429673	0.022823	1.299858	0.012121	-0.011491	0.796128	0.000763	0.010664	-0.004159
1782835203.460045	-0.429673	0.022823	1.299858	0.012121	-0.011491	0.796128	0.000763	0.010664	-0.004159
1782835203.470484	-0.429660	0.022949	1.299864	0.014183	-0.012340	0.797404	-0.004517	0.011105	0.001207
1782835203.480443	-0.429765	0.023010	1.300044	0.015328	-0.012135	0.795370	-0.004517	0.011105	0.001207
1782835203.492302	-0.429849	0.023278	1.300025	0.016437	-0.014348	0.796791	0.010465	0.000693	0.012172
1782835203.500444	-0.429914	0.023369	1.299993	0.010566	-0.013084	0.798446	0.010465	0.000693	0.012172
1782835203.509158	-0.430024	0.023335	1.300160	0.014969	-0.015385	0.798125	-0.000229	0.007308	-0.018271
1782835203.519341	-0.429954	0.023489	1.299948	0.014207	-0.013845	0.799350	-0.000229	0.007308	-0.018271
1782835203.529392	-0.430029	0.023633	1.299946	0.016062	-0.014465	0.800261	-0.005980	0.010295	-0.014525
1782835203.539680	-0.430098	0.023708	1.299865	0.020617	-0.014375	0.798565	-0.005980	0.010295	-0.014525
1782835203.550166	-0.430098	0.023834	1.299816	0.016252	-0.013572	0.800248	0.011809	-0.000384	-0.007478
1782835203.560301	-0.430098	0.023834	1.299816	0.016252	-0.013572	0.800248	0.011809	-0.000384	-0.007478
1782835203.569442	-0.430053	0.023863	1.299483	0.014768	-0.012359	0.798998	-0.001115	0.007383	-0.037524
1782835203.579210	-0.430177	0.023829	1.299406	0.014636	-0.012492	0.798873	-0.001115	0.007383	-0.037524
1782835203.590766	-0.430239	0.024041	1.299070	0.014201	-0.012585	0.801601	-0.003081	0.006773	-0.029854
1782835203.601768	-0.430302	0.024059	1.298985	0.015501	-0.012382	0.801467	-0.003081	0.006773	-0.029854
1782835203.609545	-0.430450	0.024084	1.298833	0.017454	-0.011830	0.801630	0.012192	-0.004729	-0.018100
1782835203.620118	-0.430489	0.024283	1.298711	0.018181	-0.011631	0.802087	0.012192	-0.004729	-0.018100
1782835203.745683	-0.430529	0.024402	1.298512	0.018261	-0.012747	0.800709	0.004184	-0.002211	-0.020765
1782835203.844456	-0.431108	0.024293	1.298182	0.013657	-0.014254	0.805742	0.006837	-0.009635	0.011667
1782835203.927241	-0.426516	0.025501	1.297272	0.037109	0.081226	0.767225	0.050836	-0.004334	0.020218
1782835204.015557	-0.408369	0.030812	1.285881	0.084075	0.259919	0.679460	0.248544	-0.062508	-0.106713
1782835204.081689	-0.375538	0.040854	1.252394	0.107622	0.405285	0.581457	0.550514	-0.109183	-0.205715
1782835204.154196	-0.344317	0.050747	1.222651	0.102375	0.440628	0.520015	0.915234	-0.126326	-0.186263
1782835204.234317	-0.283675	0.070277	1.175696	0.076232	0.396055	0.445737	1.142728	-0.125579	-0.217968
1782835204.313237	-0.217085	0.091334	1.134390	0.060703	0.266800	0.397861	1.359324	-0.126655	-0.390388
1782835204.437370	-0.064995	0.137160	1.036615	0.036765	0.020969	0.353159	1.305398	-0.127869	-0.870822
1782835204.511170	0.021944	0.161642	0.967773	0.022966	-0.130433	0.324765	1.082626	-0.121204	-1.146845
1782835204.603037	0.098418	0.182345	0.896975	0.020348	-0.231406	0.294810	0.741004	-0.066560	-1.086499
1782835204.674687	0.162810	0.199235	0.836252	0.014546	-0.231373	0.261598	0.499716	-0.022246	-0.695018
1782835204.748297	0.196773	0.207983	0.811508	0.026239	-0.159925	0.237074	0.370035	-0.013021	-0.236610
1782835204.821270	0.214668	0.211991	0.807093	0.038554	-0.072886	0.220762	0.311279	-0.021227	-0.014669
1782835204.893394	0.230959	0.213036	0.812638	0.058790	0.025615	0.199966	0.309038	-0.031117	0.088445
1782835204.967645	0.245828	0.211880	0.822512	0.076510	0.090421	0.184013	0.362054	-0.065244	0.173551
1782835205.071161	0.269235	0.207698	0.838222	0.087775	0.136808	0.164677	0.443643	-0.105788	0.280311
1782835205.144084	0.312245	0.197955	0.868173	0.088450	0.130855	0.143241	0.579911	-0.157240	0.399009
1782835205.215114	0.348922	0.188670	0.892311	0.079715	0.099419	0.127198	0.631140	-0.172590	0.381526
1782835205.288055	0.395721	0.176318	0.920796	0.056985	0.045941	0.107163	0.682578	-0.222246	0.325169
1782835205.357624	0.442992	0.161914	0.941588	0.033347	-0.014454	0.086602	0.673868	-0.245018	0.152279
1782835205.430452	0.481774	0.148559	0.949735	0.017336	-0.051464	0.069741	0.626561	-0.258468	-0.013990
1782835205.500793	0.522510	0.132586	0.945429	-0.001623	-0.077428	0.056558	0.538808	-0.260645	-0.197461
1782835205.574313	0.553197	0.119370	0.931816	-0.012021	-0.089834	0.038950	0.457051	-0.245322	-0.289248
1782835205.658996	0.578546	0.107005	0.913813	-0.025323	-0.082226	0.027317	0.337000	-0.211338	-0.305097
1782835205.748735	0.604268	0.092503	0.889864	-0.023682	-0.062698	0.014245	0.256160	-0.191910	-0.231959
1782835205.823392	0.621901	0.080610	0.872317	-0.017390	-0.030836	0.001120	0.162660	-0.157692	-0.128202
1782835205.894024	0.632720	0.072179	0.863954	-0.013671	-0.004291	-0.009228	0.127769	-0.144668	-0.036104
1782835205.969279	0.640098	0.066256	0.862407	-0.011782	0.014417	-0.012360	0.103509	-0.132998	0.029071
1782835206.052038	0.648030	0.060260	0.866578	-0.011015	0.033145	-0.018016	0.077697	-0.115946	0.102979
1782835206.132571	0.655915	0.055144	0.874704	-0.007569	0.038727	-0.019130	0.084432	-0.115422	0.149600
1782835206.249853	0.665501	0.049951	0.886171	-0.007041	0.039022	-0.018850	0.072377	-0.113399	0.157204
1782835206.339037	0.677277	0.044546	0.897182	-0.014423	0.035251	-0.019848	0.049577	-0.085749	0.065055
1782835206.427647	0.686516	0.041926	0.899744	-0.019656	0.032667	-0.020214	0.018730	-0.062674	-0.001618
1782835206.494600	0.696034	0.040879	0.891852	-0.012916	0.026546	-0.024113	0.023749	-0.046216	-0.090932
1782835206.566568	0.701162	0.040897	0.883847	-0.009317	0.027130	-0.026011	-0.007553	-0.017668	-0.168559
1782835206.630109	0.707287	0.042206	0.871054	-0.001791	0.030979	-0.032077	-0.007450	-0.010725	-0.152330
1782835206.710283	0.712282	0.043723	0.862283	0.007922	0.035003	-0.033808	-0.036511	0.002912	-0.094511
1782835206.833877	0.717776	0.045506	0.857937	0.006856	0.036534	-0.031864	-0.044234	0.009960	0.018815
1782835206.932582	0.726701	0.047809	0.868225	0.009326	0.045408	-0.027657	-0.044737	0.011010	0.175103
1782835207.011045	0.733828	0.048322	0.886995	0.014229	0.048023	-0.021875	-0.042152	0.007064	0.254990
1782835207.085873	0.739915	0.047481	0.908187	0.024829	0.044226	-0.018534	-0.049556	0.000067	0.200339
1782835207.154295	0.744381	0.045456	0.920967	0.024329	0.037277	-0.015329	-0.051719	-0.016528	0.082780
1782835207.225779	0.746864	0.043638	0.924012	0.023291	0.033441	-0.013452	-0.068799	-0.021019	-0.053288
1782835207.314767	0.749087	0.039830	0.918904	0.020072	0.031162	-0.011162	-0.073467	-0.045932	-0.155172
1782835207.404985	0.749497	0.033833	0.900337	0.013261	0.029568	-0.003034	-0.098772	-0.060048	-0.197420
1782835207.480876	0.747953	0.028542	0.883444	0.004834	0.028651	0.001373	-0.112968	-0.062665	-0.203709
1782835207.551442	0.745447	0.022778	0.870064	0.001393	0.032949	0.003060	-0.124074	-0.050321	-0.121368
1782835207.623032	0.743147	0.018256	0.864319	-0.007027	0.040898	0.005499	-0.133088	-0.039695	-0.012966
1782835207.694208	0.740092	0.014146	0.865647	-0.012653	0.046184	0.011306	-0.112889	-0.020890	0.061485
1782835207.770864	0.738459	0.011383	0.873609	-0.016390	0.051682	0.013634	-0.104902	-0.002916	0.153263
1782835207.846228	0.736953	0.009645	0.886914	-0.014743	0.056873	0.012660	-0.098981	0.016007	0.156583
1782835207.926491	0.736454	0.008547	0.899738	-0.005102	0.058122	0.012038	-0.093899	0.028348	0.119738
1782835208.024441	0.736701	0.008045	0.907584	0.004445	0.056553	0.008394	-0.063912	0.028761	0.005708
1782835208.100029	0.736670	0.007046	0.906770	0.014958	0.051372	0.004833	-0.069896	0.015926	-0.035909
1782835208.173399	0.736792	0.006081	0.900015	0.020625	0.045292	0.001071	-0.053227	0.007463	-0.145172
1782835208.242605	0.736821	0.004696	0.890888	0.010827	0.043798	0.002996	-0.045976	-0.008174	-0.148752
1782835208.309072	0.736473	0.002817	0.882189	0.005830	0.041925	0.002551	-0.052399	-0.005669	-0.120823
1782835208.381788	0.736169	0.000709	0.876388	-0.000414	0.036250	0.003813	-0.051572	-0.003790	-0.041183
1782835208.471346	0.735866	-0.000960	0.877497	-0.003331	0.034426	0.005020	-0.048527	0.004840	0.051264
1782835208.548299	0.734976	-0.002444	0.887717	0.001741	0.031948	0.003519	-0.070937	0.017994	0.148513
1782835208.614722	0.733558	-0.003488	0.898589	-0.001247	0.034711	0.004001	-0.058572	0.023118	0.176058
1782835208.685567	0.731388	-0.004106	0.913084	0.003033	0.038693	0.002401	-0.061765	0.021335	0.130253
1782835208.764286	0.729673	-0.004616	0.918768	0.004017	0.045704	-0.001963	-0.078807	0.027372	0.041183
1782835208.843762	0.727528	-0.005182	0.918185	0.003393	0.052238	-0.007239	-0.048683	0.005552	-0.074259
1782835208.913162	0.725073	-0.005687	0.909438	0.003652	0.056032	-0.007009	-0.040390	0.013900	-0.167324
1782835208.983302	0.723095	-0.006514	0.895087	0.006365	0.053350	-0.007622	-0.018639	0.009045	-0.205164
1782835209.077464	0.721879	-0.006732	0.882690	0.001797	0.050406	-0.008421	-0.008365	0.010051	-0.176930
1782835209.167031	0.721573	-0.007007	0.873432	-0.002445	0.037927	-0.008153	-0.004995	0.023604	0.008821
1782835209.266078	0.721637	-0.006345	0.880123	0.001689	0.022640	-0.010258	-0.010226	0.036638	0.155079
1782835209.369396	0.720640	-0.005252	0.902518	0.006870	0.012636	-0.011051	-0.042192	0.047489	0.253076
1782835209.547275	0.713191	-0.003732	0.939612	0.011428	0.020465	-0.013704	-0.086614	0.023801	0.146189
1782835209.657390	0.703006	-0.004248	0.942471	0.020962	0.041510	-0.013705	-0.090447	-0.001882	-0.132508
1782835209.767673	0.693904	-0.006268	0.913853	0.020131	0.064471	-0.013615	-0.069237	-0.011395	-0.401428
1782835209.916106	0.687529	-0.010034	0.864217	0.008972	0.079054	-0.020637	0.011338	-0.043887	-0.455560
1782835210.014589	0.688855	-0.014692	0.809769	-0.011620	0.063188	-0.025400	0.062486	0.000907	-0.157854
1782835210.092757	0.697372	-0.013708	0.815402	-0.032241	0.024405	-0.035118	0.104735	0.049073	0.188325
1782835210.240597	0.703783	-0.010367	0.842382	-0.035793	-0.003111	-0.038985	0.089898	0.077620	0.468478
1782835210.379587	0.710284	0.003872	0.941768	-0.002829	-0.036840	-0.041542	0.012215	0.123334	0.637343
1782835210.499827	0.699510	0.016788	1.012949	0.030132	-0.038870	-0.039426	-0.095501	0.102303	0.363915
1782835210.587067	0.679119	0.025709	1.029461	0.054620	-0.006907	-0.025174	-0.175774	0.048779	-0.029281
1782835210.672956	0.662925	0.029037	1.010960	0.064313	0.032625	-0.014039	-0.186210	-0.009461	-0.320158
1782835210.769960	0.644133	0.031075	0.963738	0.049170	0.077357	0.003847	-0.147671	-0.043954	-0.633926
1782835210.865727	0.626456	0.030664	0.888157	0.016206	0.115307	0.010156	-0.031303	-0.044711	-0.765071
1782835210.962800	0.618201	0.029778	0.815132	-0.018626	0.122525	0.010322	0.073139	0.016479	-0.540775
1782835211.056334	0.622655	0.031908	0.785005	-0.031469	0.079947	0.009387	0.127209	0.067236	-0.076364
1782835211.149604	0.638110	0.039816	0.812291	-0.018976	0.003781	0.003777	0.169923	0.139560	0.516362
