时间(s)	位置x(m)	位置y(m)	位置z(m)	欧拉角roll(rad)	欧拉角pitch(rad)	欧拉角yaw(rad)	速度x(m/s)	速度y(m/s)	速度z(m/s)
1782835171.422849	-0.460172	-0.002296	1.231184	0.007128	-0.005978	-0.020335	0.007205	0.039836	-0.002363
1782835171.427823	-0.460172	-0.002296	1.231184	0.007128	-0.005978	-0.020335	0.016235	0.039406	-0.003816
1782835171.434395	-0.460172	-0.002296	1.231184	0.007128	-0.005978	-0.020335	0.016235	0.039406	-0.003816
1782835171.444314	-0.460037	-0.001717	1.231105	0.009253	-0.005909	-0.023474	0.016235	0.039406	-0.003816
1782835171.454357	-0.459857	-0.001358	1.230983	0.013647	-0.007411	-0.022203	0.002443	0.039619	-0.009914
1782835171.464347	-0.459744	-0.000845	1.230879	0.012595	-0.006987	-0.021586	-0.001318	0.042484	0.004179
1782835171.474917	-0.459829	-0.000313	1.230633	0.012298	-0.006979	-0.019629	-0.001318	0.042484	0.004179
1782835171.484525	-0.459678	0.000267	1.230337	0.010839	-0.006073	-0.016871	0.010384	0.039152	0.044057
1782835171.494303	-0.459633	0.000644	1.230489	0.012578	-0.005400	-0.015301	0.010384	0.039152	0.044057
1782835171.504497	-0.459678	0.001115	1.231134	0.014201	-0.006525	-0.012653	-0.001991	0.046971	0.080054
1782835171.514452	-0.459645	0.001566	1.231700	0.014521	-0.007496	-0.010533	-0.001991	0.046971	0.080054
1782835171.524760	-0.459652	0.002277	1.232729	0.015589	-0.007204	-0.009143	0.013040	0.043724	0.110859
1782835171.535208	-0.459432	0.002960	1.234074	0.014840	-0.006935	-0.008209	0.013040	0.043724	0.110859
1782835171.544386	-0.459432	0.002960	1.234074	0.014840	-0.006935	-0.008209	0.016851	0.040212	0.163071
1782835171.554719	-0.459644	0.003444	1.235759	0.012183	-0.006951	-0.006088	0.016851	0.040212	0.163071
1782835171.564339	-0.459591	0.003947	1.237589	0.016411	-0.007840	-0.004054	0.006041	0.043097	0.213671
1782835171.574739	-0.459612	0.004365	1.239587	0.015091	-0.007480	-0.001940	0.006041	0.043097	0.213671
1782835171.584956	-0.459617	0.004919	1.241991	0.019353	-0.008716	0.000796	0.006041	0.043097	0.213671
1782835171.594363	-0.459563	0.005416	1.244669	0.020642	-0.007967	0.002469	0.010509	0.045709	0.253499
1782835171.605413	-0.459577	0.005909	1.247366	0.020448	-0.009491	0.007039	0.010509	0.045709	0.253499
1782835171.615747	-0.459660	0.006437	1.250238	0.018897	-0.008823	0.009755	0.000092	0.050014	0.264669
1782835171.626519	-0.459572	0.006877	1.253283	0.016462	-0.007531	0.010177	0.015673	0.046984	0.291943
1782835171.635020	-0.459631	0.007427	1.256400	0.018898	-0.009488	0.011391	0.015673	0.046984	0.291943
1782835171.645485	-0.459631	0.007427	1.256400	0.018898	-0.009488	0.011391	0.015673	0.046984	0.291943
1782835171.655072	-0.459586	0.007815	1.259363	0.017983	-0.007150	0.014602	0.010790	0.044356	0.271846
1782835171.664950	-0.459552	0.008245	1.262344	0.018405	-0.006685	0.015439	0.003452	0.042507	0.251534
1782835171.675053	-0.459732	0.008809	1.265181	0.019575	-0.007924	0.018935	0.003452	0.042507	0.251534
1782835171.684879	-0.459581	0.009174	1.267892	0.017201	-0.005784	0.020125	0.003452	0.042507	0.251534
1782835171.694398	-0.459673	0.009597	1.270524	0.016437	-0.006814	0.023835	0.000480	0.044063	0.228139
1782835171.704680	-0.459643	0.010115	1.273134	0.020353	-0.007919	0.023938	0.000480	0.044063	0.228139
1782835171.714372	-0.459794	0.010571	1.275344	0.021484	-0.007599	0.027033	-0.003250	0.043381	0.210565
1782835171.726351	-0.459666	0.010749	1.277379	0.018674	-0.006851	0.031441	0.012078	0.031787	0.173585
1782835171.734886	-0.459895	0.011282	1.279409	0.018053	-0.005874	0.032820	0.012078	0.031787	0.173585
1782835171.746350	-0.459895	0.011282	1.279409	0.018053	-0.005874	0.032820	0.012078	0.031787	0.173585
1782835171.754630	-0.459663	0.011727	1.281237	0.022150	-0.005601	0.033214	0.006370	0.033186	0.142482
1782835171.765744	-0.459883	0.012098	1.282334	0.018899	-0.005353	0.035223	0.005766	0.027811	0.142950
1782835171.774462	-0.459570	0.012231	1.283708	0.018140	-0.005588	0.037898	0.005766	0.027811	0.142950
1782835171.785555	-0.459804	0.013014	1.284731	0.020432	-0.004358	0.041139	0.005766	0.027811	0.142950
1782835171.794675	-0.459797	0.013190	1.285481	0.018341	-0.004374	0.041024	0.017557	0.018495	0.092874
1782835171.805274	-0.459942	0.013575	1.286097	0.022531	-0.007823	0.045800	0.017557	0.018495	0.092874
1782835171.815157	-0.459944	0.013697	1.286518	0.019954	-0.004038	0.045215	0.016365	0.020121	0.035416
1782835171.825858	-0.459943	0.014224	1.286746	0.021458	-0.006115	0.050195	0.010919	0.022439	0.008857
1782835171.834803	-0.459943	0.014224	1.286746	0.021458	-0.006115	0.050195	0.010919	0.022439	0.008857
1782835171.845081	-0.460062	0.014192	1.286585	0.019536	-0.005074	0.049286	0.010919	0.022439	0.008857
1782835171.854454	-0.459927	0.014829	1.286245	0.021405	-0.006179	0.054795	0.011504	0.017168	-0.027782
1782835171.864884	-0.460049	0.015067	1.286017	0.020043	-0.005226	0.053873	0.007324	0.013416	-0.037979
1782835171.874624	-0.460054	0.015496	1.285351	0.019412	-0.006217	0.057563	0.007324	0.013416	-0.037979
1782835171.885199	-0.460269	0.015517	1.284604	0.020358	-0.005577	0.059559	0.007324	0.013416	-0.037979
1782835171.894797	-0.460148	0.015913	1.283957	0.019302	-0.006823	0.061038	-0.010116	0.020970	-0.041294
1782835171.906513	-0.460049	0.016133	1.283348	0.022250	-0.005419	0.063197	-0.010116	0.020970	-0.041294
1782835171.915047	-0.460065	0.016568	1.282785	0.021546	-0.006835	0.065515	-0.000332	0.015929	-0.026710
1782835171.929363	-0.459986	0.016835	1.282308	0.019258	-0.007951	0.066859	0.008621	0.008847	-0.018227
1782835171.935210	-0.460132	0.017033	1.281623	0.017271	-0.006502	0.070114	0.008621	0.008847	-0.018227
1782835171.952042	-0.460132	0.017033	1.281623	0.017271	-0.006502	0.070114	0.008621	0.008847	-0.018227
1782835171.956100	-0.460125	0.017164	1.281173	0.013866	-0.005250	0.072216	0.001102	0.014901	-0.012363
1782835171.964706	-0.460109	0.017395	1.280648	0.014164	-0.006308	0.074703	0.016941	0.007756	0.012637
1782835171.974869	-0.459975	0.017584	1.280598	0.015482	-0.006325	0.076829	0.016941	0.007756	0.012637
1782835171.984420	-0.459969	0.017746	1.280538	0.016297	-0.006226	0.078362	0.016941	0.007756	0.012637
1782835171.994678	-0.459914	0.017774	1.280401	0.018505	-0.005526	0.083069	0.005514	0.010792	0.025401
1782835172.004462	-0.459866	0.018028	1.280517	0.018359	-0.005855	0.085392	0.005514	0.010792	0.025401
1782835172.014350	-0.459753	0.018227	1.280738	0.017744	-0.006050	0.086753	0.017161	0.005974	0.051099
1782835172.024335	-0.459682	0.018447	1.281312	0.016752	-0.007881	0.089278	0.005085	0.008000	0.063384
1782835172.034405	-0.459635	0.018556	1.281695	0.013807	-0.007308	0.091953	0.005085	0.008000	0.063384
1782835172.046703	-0.459635	0.018556	1.281695	0.013807	-0.007308	0.091953	0.021771	0.003145	0.077748
1782835172.054730	-0.459519	0.018603	1.282204	0.013794	-0.005973	0.094715	0.021771	0.003145	0.077748
1782835172.065210	-0.459286	0.018705	1.282592	0.012849	-0.007246	0.097897	0.018592	0.002960	0.083234
1782835172.074371	-0.459162	0.018977	1.283345	0.014541	-0.007788	0.100039	0.018592	0.002960	0.083234
1782835172.084403	-0.459037	0.019097	1.284142	0.013521	-0.009015	0.103561	0.023731	0.002457	0.082507
1782835172.094478	-0.458985	0.019114	1.284823	0.012530	-0.008741	0.107036	0.023731	0.002457	0.082507
1782835172.104743	-0.458793	0.019241	1.285390	0.011241	-0.008247	0.108817	0.028718	0.000730	0.086873
1782835172.114539	-0.458583	0.019521	1.286085	0.013243	-0.008917	0.111321	0.028718	0.000730	0.086873
1782835172.125430	-0.458488	0.019673	1.286676	0.013717	-0.008310	0.114940	0.022371	0.004351	0.076042
1782835172.134736	-0.458311	0.019801	1.287586	0.013140	-0.006792	0.115888	0.022371	0.004351	0.076042
1782835172.144320	-0.458311	0.019801	1.287586	0.013140	-0.006792	0.115888	0.021479	0.006400	0.062725
1782835172.155125	-0.458185	0.019785	1.287973	0.011739	-0.007646	0.119157	0.021479	0.006400	0.062725
1782835172.165951	-0.458134	0.019909	1.288506	0.013391	-0.010385	0.122914	0.037827	-0.004602	0.064644
1782835172.174411	-0.458072	0.019874	1.289038	0.012547	-0.009879	0.125151	0.037827	-0.004602	0.064644
1782835172.184907	-0.457806	0.020031	1.289409	0.011507	-0.009759	0.126779	0.028786	0.000605	0.033978
1782835172.194718	-0.457531	0.020098	1.289900	0.013331	-0.007876	0.129307	0.028786	0.000605	0.033978
1782835172.209203	-0.457301	0.020330	1.290283	0.010518	-0.009262	0.131812	0.019626	0.005833	0.024589
1782835172.214463	-0.457301	0.020330	1.290283	0.010518	-0.009262	0.131812	0.019626	0.005833	0.024589
1782835172.224367	-0.457133	0.020443	1.290764	0.011870	-0.012333	0.137278	0.028935	0.001569	0.042121
1782835172.234411	-0.457052	0.020502	1.290977	0.010520	-0.013765	0.140347	0.028935	0.001569	0.042121
1782835172.245264	-0.457052	0.020502	1.290977	0.010520	-0.013765	0.140347	0.025276	0.000059	0.027437
1782835172.254665	-0.456806	0.020619	1.291315	0.012093	-0.011689	0.140412	0.025276	0.000059	0.027437
1782835172.265340	-0.456468	0.020795	1.291248	0.012023	-0.013710	0.143872	0.010607	0.009009	0.012892
1782835172.274398	-0.456411	0.020990	1.291382	0.010669	-0.012512	0.145499	0.010607	0.009009	0.012892
1782835172.284377	-0.456311	0.021141	1.291415	0.010136	-0.013040	0.147100	0.021020	0.002334	0.026452
1782835172.294363	-0.456274	0.021160	1.291295	0.008349	-0.014036	0.150338	0.021020	0.002334	0.026452
1782835172.304436	-0.456204	0.021350	1.291245	0.008085	-0.013450	0.152559	0.027340	0.003689	0.000346
1782835172.315364	-0.456094	0.021445	1.291206	0.010003	-0.013644	0.154296	0.027340	0.003689	0.000346
1782835172.324363	-0.455813	0.021500	1.291077	0.010231	-0.012486	0.157009	0.014509	0.008411	-0.011788
1782835172.334410	-0.455666	0.021680	1.291034	0.009812	-0.011908	0.157640	0.014509	0.008411	-0.011788
1782835172.344805	-0.455666	0.021680	1.291034	0.009812	-0.011908	0.157640	0.023005	0.005785	-0.004974
1782835172.354407	-0.455582	0.021808	1.290895	0.010859	-0.012349	0.160744	0.023005	0.005785	-0.004974
1782835172.365479	-0.455576	0.022001	1.290768	0.009499	-0.013227	0.163288	0.027573	0.002286	-0.008711
1782835172.374491	-0.455362	0.022208	1.290442	0.008381	-0.013150	0.165412	0.027573	0.002286	-0.008711
1782835172.384404	-0.455185	0.022326	1.290193	0.010384	-0.010981	0.167552	0.017495	0.002038	0.000242
1782835172.394384	-0.454992	0.022266	1.290164	0.011182	-0.011003	0.169656	0.017495	0.002038	0.000242
1782835172.404511	-0.454980	0.022339	1.289945	0.010927	-0.010285	0.171023	0.013223	0.007402	0.005374
1782835172.414702	-0.454888	0.022687	1.289964	0.008966	-0.009200	0.173577	0.013223	0.007402	0.005374
1782835172.424593	-0.454756	0.022918	1.290044	0.009505	-0.008628	0.174818	0.024140	-0.000272	0.030070
1782835172.434373	-0.454711	0.023145	1.290039	0.006174	-0.009198	0.178191	0.024140	-0.000272	0.030070
1782835172.444454	-0.454711	0.023145	1.290039	0.006174	-0.009198	0.178191	0.003873	0.010571	0.022120
1782835172.454387	-0.454652	0.023373	1.290110	0.005852	-0.009743	0.181318	0.003873	0.010571	0.022120
1782835172.465809	-0.454760	0.023468	1.290471	0.010069	-0.009835	0.182227	0.019569	0.004967	0.051001
1782835172.475078	-0.454635	0.023482	1.290528	0.011484	-0.009761	0.185073	0.019569	0.004967	0.051001
1782835172.485162	-0.454434	0.023600	1.290933	0.011464	-0.010310	0.187720	0.019569	0.004967	0.051001
1782835172.494545	-0.454388	0.023837	1.291000	0.009160	-0.008673	0.188314	0.011879	0.009437	0.033805
1782835172.504905	-0.454299	0.024150	1.291282	0.011543	-0.008932	0.190597	0.004688	0.013661	0.041843
1782835172.514625	-0.454159	0.024150	1.291600	0.012340	-0.007203	0.192849	0.004688	0.013661	0.041843
1782835172.524807	-0.454095	0.024430	1.291585	0.007976	-0.008878	0.195727	0.017886	0.008588	0.046717
1782835172.534424	-0.454020	0.024539	1.291797	0.009220	-0.009685	0.197862	0.017886	0.008588	0.046717
1782835172.544412	-0.454020	0.024539	1.291797	0.009220	-0.009685	0.197862	0.011910	0.011802	0.031352
1782835172.554508	-0.453887	0.024670	1.292134	0.012317	-0.007364	0.199702	0.011910	0.011802	0.031352
1782835172.564681	-0.453808	0.024752	1.292297	0.012287	-0.007315	0.203206	0.003960	0.013432	0.025329
1782835172.575292	-0.453612	0.025158	1.292477	0.014119	-0.007435	0.204654	0.003960	0.013432	0.025329
1782835172.584404	-0.453511	0.025288	1.292492	0.015954	-0.006244	0.206276	0.016062	0.013538	0.023062
1782835172.594370	-0.453533	0.025335	1.292444	0.013108	-0.007051	0.209009	0.016062	0.013538	0.023062
1782835172.605403	-0.453378	0.025417	1.292535	0.013202	-0.006766	0.210617	0.016062	0.013538	0.023062
1782835172.614366	-0.453335	0.025603	1.292553	0.012580	-0.006533	0.213468	0.024675	0.004860	0.007413
1782835172.625945	-0.453160	0.025758	1.292466	0.011774	-0.007086	0.215742	0.015474	0.009698	0.002548
1782835172.634380	-0.453166	0.026142	1.292468	0.013319	-0.004817	0.216221	0.015474	0.009698	0.002548
1782835172.644382	-0.453166	0.026142	1.292468	0.013319	-0.004817	0.216221	0.018347	0.012000	-0.007653
1782835172.654455	-0.452991	0.026371	1.292588	0.011888	-0.004950	0.218689	0.018347	0.012000	-0.007653
1782835172.664708	-0.452722	0.026484	1.292461	0.010595	-0.006115	0.222143	0.026697	0.003642	0.000073
1782835172.675389	-0.452867	0.026674	1.292472	0.010145	-0.005899	0.224525	0.026697	0.003642	0.000073
1782835172.685254	-0.452681	0.026723	1.292475	0.013103	-0.007008	0.228043	0.026697	0.003642	0.000073
1782835172.699366	-0.452507	0.026867	1.292556	0.012966	-0.007425	0.229510	0.022061	0.005252	-0.000247
1782835172.704750	-0.452491	0.026985	1.292628	0.015675	-0.008663	0.230958	0.022061	0.005252	-0.000247
1782835172.714425	-0.452301	0.027271	1.292804	0.014824	-0.007588	0.233427	0.023879	0.006027	0.009331
1782835172.726217	-0.452301	0.027271	1.292804	0.014824	-0.007588	0.233427	0.031602	0.000756	0.016912
1782835172.735005	-0.451922	0.027677	1.293236	0.012579	-0.005563	0.237236	0.031602	0.000756	0.016912
1782835172.745029	-0.451922	0.027677	1.293236	0.012579	-0.005563	0.237236	0.031602	0.000756	0.016912
1782835172.754987	-0.451804	0.027861	1.293338	0.012383	-0.007428	0.240016	0.018334	0.008934	0.005591
1782835172.764789	-0.451682	0.028027	1.293549	0.013751	-0.007892	0.242105	0.026835	0.000045	0.034318
1782835172.774618	-0.451541	0.028062	1.293678	0.012130	-0.008900	0.245885	0.026835	0.000045	0.034318
1782835172.785188	-0.451568	0.028206	1.293936	0.011375	-0.007443	0.248460	0.026835	0.000045	0.034318
1782835172.794515	-0.451307	0.028397	1.294289	0.011707	-0.006270	0.249207	0.026624	-0.001624	0.030905
1782835172.805236	-0.451140	0.028485	1.294477	0.012206	-0.007427	0.250760	0.026624	-0.001624	0.030905
1782835172.814410	-0.450921	0.028756	1.294751	0.012938	-0.008279	0.254221	0.012592	0.006679	0.022554
1782835172.824434	-0.450747	0.029154	1.294920	0.014436	-0.007314	0.255281	0.026470	-0.004475	0.046451
1782835172.834793	-0.450564	0.029112	1.295072	0.013474	-0.009683	0.258205	0.026470	-0.004475	0.046451
1782835172.844402	-0.450564	0.029112	1.295072	0.013474	-0.009683	0.258205	0.026470	-0.004475	0.046451
1782835172.854328	-0.450455	0.029225	1.295125	0.011484	-0.010404	0.261474	0.017136	0.000368	0.024765
1782835172.871272	-0.450456	0.029293	1.295367	0.011900	-0.008562	0.263943	0.008367	0.007463	0.021011
1782835172.877673	-0.450221	0.029268	1.295444	0.010791	-0.008483	0.266996	0.008367	0.007463	0.021011
1782835172.886696	-0.450175	0.029561	1.295624	0.016352	-0.009876	0.269685	0.008367	0.007463	0.021011
1782835172.897744	-0.450044	0.029640	1.295718	0.014728	-0.009642	0.270568	0.021007	-0.002533	0.030291
1782835172.907178	-0.449789	0.029720	1.295757	0.014492	-0.009926	0.272894	0.024593	-0.000243	-0.013012
1782835172.914477	-0.449705	0.029856	1.295627	0.016844	-0.009909	0.272842	0.024593	-0.000243	-0.013012
1782835172.925081	-0.449611	0.029898	1.295496	0.016438	-0.011215	0.275378	0.011396	0.009533	-0.026675
1782835172.935191	-0.449611	0.029898	1.295496	0.016438	-0.011215	0.275378	0.011396	0.009533	-0.026675
1782835172.945041	-0.449548	0.030223	1.295454	0.015646	-0.009419	0.278454	0.011396	0.009533	-0.026675
1782835172.955102	-0.449398	0.030374	1.295249	0.014603	-0.010141	0.279843	0.014883	0.002279	-0.022801
1782835172.965827	-0.449242	0.030504	1.295125	0.012903	-0.009054	0.282336	0.014883	0.002279	-0.022801
1782835172.974367	-0.448946	0.030669	1.294993	0.011887	-0.007725	0.283673	0.022506	-0.001567	-0.016399
1782835172.986359	-0.448946	0.030669	1.294993	0.011887	-0.007725	0.283673	0.022506	-0.001567	-0.016399
1782835172.997660	-0.448915	0.030935	1.294485	0.013708	-0.009276	0.287682	0.010762	0.005662	-0.028217
1782835173.030284	-0.448681	0.031005	1.294435	0.012150	-0.007894	0.291249	0.010762	0.005662	-0.028217
1782835173.051662	-0.448452	0.031221	1.294242	0.014433	-0.008036	0.297176	0.014513	0.001866	0.000959
1782835173.058810	-0.448377	0.031368	1.294106	0.016250	-0.009378	0.299564	0.014513	0.001866	0.000959
1782835173.070709	-0.448403	0.031519	1.294124	0.016474	-0.009439	0.302209	0.016896	-0.004317	0.015925
1782835173.074969	-0.448209	0.031485	1.294196	0.016967	-0.008967	0.302560	0.016896	-0.004317	0.015925
1782835173.086329	-0.448163	0.031669	1.294338	0.015292	-0.009852	0.306312	0.004827	0.003387	0.011027
1782835173.094047	-0.447826	0.031744	1.294480	0.016441	-0.010342	0.308370	0.004827	0.003387	0.011027
1782835173.104536	-0.447733	0.031846	1.294672	0.016435	-0.010118	0.309646	0.004827	0.003387	0.011027
1782835173.114338	-0.447739	0.031994	1.295107	0.015146	-0.011059	0.311344	0.017325	-0.006383	0.040762
1782835173.126525	-0.447629	0.032137	1.295210	0.014842	-0.011237	0.314486	-0.000353	0.001239	0.014299
1782835173.133659	-0.447610	0.032178	1.295478	0.017046	-0.011985	0.316167	-0.000353	0.001239	0.014299
1782835173.143815	-0.447610	0.032178	1.295478	0.017046	-0.011985	0.316167	-0.000353	0.001239	0.014299
1782835173.154163	-0.447538	0.032096	1.295721	0.018591	-0.011445	0.319575	0.002875	0.000228	0.040314
1782835173.164364	-0.447259	0.032189	1.295858	0.017639	-0.009938	0.321710	0.012002	-0.006104	0.035714
1782835173.175397	-0.447297	0.032264	1.295965	0.017128	-0.009934	0.323165	0.012002	-0.006104	0.035714
1782835173.183977	-0.447178	0.032341	1.296204	0.017117	-0.009228	0.325042	0.012002	-0.006104	0.035714
1782835173.194029	-0.446803	0.032465	1.296370	0.016131	-0.008474	0.326930	-0.005164	0.003526	0.019812
1782835173.203906	-0.446979	0.032556	1.296323	0.015974	-0.010087	0.328648	0.000796	-0.002018	0.029817
1782835173.213701	-0.446722	0.032497	1.296375	0.014676	-0.010099	0.329462	0.000796	-0.002018	0.029817
1782835173.224479	-0.446590	0.032394	1.296302	0.014646	-0.010376	0.333318	0.000796	-0.002018	0.029817
1782835173.233919	-0.446590	0.032394	1.296302	0.014646	-0.010376	0.333318	0.009815	-0.006780	0.008437
1782835173.243898	-0.446412	0.032466	1.296290	0.015281	-0.008694	0.334088	0.009815	-0.006780	0.008437
1782835173.253827	-0.446412	0.032466	1.296290	0.015281	-0.008694	0.334088	0.004652	-0.004133	-0.023941
1782835173.265305	-0.446252	0.032641	1.296019	0.018074	-0.008732	0.336006	0.001456	-0.002003	-0.029072
1782835173.273962	-0.446229	0.032779	1.295714	0.017902	-0.009737	0.338605	0.001456	-0.002003	-0.029072
1782835173.283884	-0.446087	0.032729	1.295476	0.019036	-0.010441	0.340942	0.001456	-0.002003	-0.029072
1782835173.293493	-0.445891	0.032719	1.295027	0.017614	-0.011396	0.344382	0.005113	-0.000727	-0.043043
1782835173.303991	-0.445802	0.032829	1.294768	0.016370	-0.009536	0.345294	0.005113	-0.000727	-0.043043
1782835173.313655	-0.445555	0.032823	1.294498	0.015758	-0.007298	0.344910	-0.001625	-0.001726	-0.040674
1782835173.326553	-0.445688	0.032819	1.294056	0.015276	-0.009314	0.347778	0.011092	-0.007220	-0.027873
1782835173.333831	-0.445543	0.032900	1.293612	0.016941	-0.010253	0.349551	0.011092	-0.007220	-0.027873
1782835173.343739	-0.445543	0.032900	1.293612	0.016941	-0.010253	0.349551	0.011092	-0.007220	-0.027873
1782835173.353482	-0.445406	0.032900	1.293387	0.017271	-0.009374	0.351142	0.008287	-0.006581	-0.037410
1782835173.363775	-0.445258	0.032799	1.292915	0.017153	-0.010424	0.353914	0.000573	-0.003136	-0.021744
1782835173.373677	-0.445286	0.032830	1.292720	0.017001	-0.011166	0.356100	0.000573	-0.003136	-0.021744
1782835173.384054	-0.445167	0.032821	1.292611	0.015956	-0.010880	0.356280	0.000573	-0.003136	-0.021744
1782835173.393733	-0.445078	0.032867	1.292607	0.015567	-0.010801	0.357505	0.016234	-0.007316	-0.016005
1782835173.403505	-0.444932	0.032793	1.292589	0.014018	-0.010320	0.360224	0.016234	-0.007316	-0.016005
1782835173.413678	-0.444864	0.032823	1.292768	0.015593	-0.010737	0.360414	0.001831	-0.000884	-0.013582
1782835173.423494	-0.444720	0.032806	1.292894	0.016480	-0.010951	0.362112	0.019107	-0.010065	0.012896
1782835173.434420	-0.444720	0.032806	1.292894	0.016480	-0.010951	0.362112	0.019107	-0.010065	0.012896
1782835173.444311	-0.444697	0.032640	1.292961	0.016849	-0.010914	0.365362	0.000288	-0.004592	0.006490
1782835173.454216	-0.444413	0.032678	1.293386	0.015672	-0.011301	0.366820	0.000288	-0.004592	0.006490
1782835173.464147	-0.444413	0.032678	1.293386	0.015672	-0.011301	0.366820	0.009542	-0.009322	0.031100
1782835173.474106	-0.444211	0.032740	1.293706	0.014957	-0.011826	0.369216	0.009542	-0.009322	0.031100
1782835173.484151	-0.444189	0.032678	1.294044	0.017754	-0.012852	0.371790	0.009542	-0.009322	0.031100
1782835173.494175	-0.444245	0.032638	1.294351	0.014671	-0.011726	0.373278	0.003599	-0.008636	0.022336
1782835173.505122	-0.444148	0.032568	1.294677	0.015969	-0.011925	0.375735	0.003599	-0.008636	0.022336
1782835173.513654	-0.444008	0.032378	1.294977	0.014464	-0.011960	0.376268	-0.001996	-0.009152	0.028936
1782835173.526907	-0.444026	0.032348	1.295221	0.012056	-0.012119	0.379113	0.008276	-0.013834	0.025924
1782835173.534238	-0.443953	0.032379	1.295512	0.014374	-0.010935	0.380370	0.008276	-0.013834	0.025924
1782835173.544243	-0.443953	0.032379	1.295512	0.014374	-0.010935	0.380370	0.013049	-0.014226	0.011876
1782835173.554681	-0.443799	0.032304	1.295732	0.015033	-0.010856	0.381259	0.013049	-0.014226	0.011876
1782835173.564258	-0.443780	0.032224	1.295787	0.013557	-0.010640	0.384488	-0.005182	-0.006995	-0.004897
1782835173.573840	-0.443700	0.032112	1.295971	0.013620	-0.011425	0.386242	-0.005182	-0.006995	-0.004897
1782835173.584065	-0.443597	0.032074	1.296059	0.015408	-0.013524	0.388024	0.009595	-0.017244	0.002733
1782835173.593875	-0.443501	0.031906	1.296027	0.011442	-0.011858	0.391210	0.009595	-0.017244	0.002733
1782835173.603958	-0.443536	0.031939	1.296145	0.013285	-0.012338	0.392200	0.009595	-0.017244	0.002733
1782835173.614129	-0.443415	0.031817	1.296194	0.013029	-0.010976	0.393825	0.008562	-0.012489	-0.007085
1782835173.625202	-0.443271	0.031781	1.296065	0.013952	-0.010042	0.396942	-0.002558	-0.015735	-0.000323
1782835173.634201	-0.443274	0.031790	1.296000	0.014361	-0.009629	0.397187	-0.002558	-0.015735	-0.000323
1782835173.643542	-0.443274	0.031790	1.296000	0.014361	-0.009629	0.397187	0.004283	-0.016776	-0.008328
1782835173.654022	-0.443213	0.031780	1.295857	0.013096	-0.008674	0.398791	0.004283	-0.016776	-0.008328
1782835173.663599	-0.443185	0.031609	1.295563	0.011483	-0.009167	0.401947	0.008540	-0.013437	-0.030644
1782835173.673553	-0.443205	0.031526	1.295644	0.012182	-0.010596	0.403208	0.008540	-0.013437	-0.030644
1782835173.683824	-0.443202	0.031470	1.295481	0.014529	-0.010322	0.404707	-0.006112	-0.013212	-0.000682
1782835173.693541	-0.443089	0.031349	1.295351	0.013293	-0.008392	0.406105	-0.006112	-0.013212	-0.000682
1782835173.705693	-0.443197	0.031367	1.295370	0.013757	-0.007532	0.407428	-0.006112	-0.013212	-0.000682
1782835173.713644	-0.443169	0.031244	1.295318	0.013564	-0.007907	0.409749	-0.004860	-0.015707	-0.006435
1782835173.723592	-0.442982	0.031078	1.295217	0.014909	-0.007053	0.411599	0.003555	-0.016599	-0.020436
1782835173.733585	-0.443084	0.030915	1.295237	0.015295	-0.006654	0.413383	0.003555	-0.016599	-0.020436
1782835173.743578	-0.443084	0.030915	1.295237	0.015295	-0.006654	0.413383	0.003555	-0.016599	-0.020436
1782835173.753950	-0.443023	0.030862	1.295156	0.013338	-0.006907	0.415393	-0.001012	-0.010282	-0.017598
1782835173.765394	-0.442942	0.030786	1.295258	0.013116	-0.006336	0.417658	-0.004909	-0.012751	0.000237
1782835173.774561	-0.442969	0.030662	1.295145	0.011574	-0.006533	0.418889	-0.004909	-0.012751	0.000237
1782835173.785762	-0.443028	0.030528	1.295143	0.011725	-0.006795	0.421042	-0.009545	-0.010695	-0.003047
1782835173.794804	-0.442855	0.030399	1.295309	0.013010	-0.006235	0.421963	-0.009545	-0.010695	-0.003047
1782835173.804318	-0.442865	0.030370	1.295320	0.013250	-0.005965	0.424875	-0.000419	-0.013473	-0.008751
1782835173.814254	-0.442961	0.030364	1.295333	0.011746	-0.005574	0.426817	-0.000419	-0.013473	-0.008751
1782835173.824058	-0.442924	0.030257	1.295401	0.013187	-0.005225	0.427142	-0.005714	-0.007513	-0.003478
1782835173.833875	-0.442924	0.030257	1.295401	0.013187	-0.005225	0.427142	-0.005714	-0.007513	-0.003478
1782835173.845063	-0.442922	0.030031	1.295449	0.011226	-0.005256	0.432161	0.000373	-0.009384	0.000322
1782835173.853820	-0.442843	0.030042	1.295442	0.010635	-0.005452	0.434180	0.000373	-0.009384	0.000322
1782835173.863606	-0.442886	0.029930	1.295805	0.013616	-0.004200	0.435404	0.000373	-0.009384	0.000322
1782835173.874717	-0.442794	0.029870	1.295825	0.012851	-0.003305	0.437041	0.004932	-0.016911	0.008288
1782835173.883571	-0.442768	0.029864	1.295974	0.012512	-0.002253	0.439368	0.004932	-0.016911	0.008288
1782835173.895046	-0.442728	0.029867	1.296227	0.015184	-0.002445	0.440308	0.006287	-0.020329	0.010375
1782835173.903549	-0.442585	0.029768	1.296400	0.016901	-0.003507	0.442220	0.006287	-0.020329	0.010375
1782835173.913522	-0.442568	0.029767	1.296431	0.016425	-0.004069	0.443865	-0.005170	-0.008751	-0.004255
1782835173.924463	-0.442442	0.029723	1.296800	0.017069	-0.005548	0.445546	0.009645	-0.018440	0.019067
1782835173.933556	-0.442304	0.029579	1.296877	0.015544	-0.006018	0.447384	0.009645	-0.018440	0.019067
1782835173.944314	-0.442304	0.029579	1.296877	0.015544	-0.006018	0.447384	-0.001393	-0.005803	0.002264
1782835173.953555	-0.442182	0.029261	1.297119	0.015423	-0.005261	0.452069	-0.001393	-0.005803	0.002264
1782835173.965638	-0.442097	0.029347	1.297416	0.014655	-0.004129	0.453468	0.001683	-0.008947	0.003194
1782835173.974106	-0.441982	0.029282	1.297629	0.014861	-0.002408	0.455066	0.001683	-0.008947	0.003194
1782835173.983709	-0.441713	0.029206	1.297662	0.015961	-0.002655	0.455733	0.001683	-0.008947	0.003194
1782835173.993862	-0.441650	0.029341	1.297805	0.016100	-0.002107	0.455948	0.006012	-0.012744	0.001383
1782835174.003743	-0.441613	0.029330	1.297869	0.014880	-0.002316	0.457512	0.006205	-0.008753	-0.008432
1782835174.013785	-0.441514	0.029340	1.297889	0.012008	-0.002464	0.458931	0.006205	-0.008753	-0.008432
1782835174.024307	-0.441336	0.029251	1.298111	0.012021	-0.003065	0.460861	0.025333	-0.020882	0.012388
1782835174.034559	-0.441210	0.029174	1.298233	0.010424	-0.003180	0.463090	0.025333	-0.020882	0.012388
1782835174.044020	-0.441210	0.029174	1.298233	0.010424	-0.003180	0.463090	0.010795	-0.010257	-0.010071
1782835174.053710	-0.441086	0.029229	1.298350	0.010141	-0.001293	0.463482	0.010795	-0.010257	-0.010071
1782835174.104558	-0.440351	0.029216	1.298645	0.009485	-0.003550	0.469415	0.010369	-0.009373	-0.019103
1782835174.107766	-0.440351	0.029216	1.298645	0.009485	-0.003550	0.469415	0.010369	-0.009373	-0.019103
1782835174.119920	-0.440199	0.029180	1.298793	0.008894	-0.002885	0.470098	0.010369	-0.009373	-0.019103
1782835174.129130	-0.439943	0.029168	1.298825	0.011038	-0.003476	0.471078	0.009493	-0.004259	-0.013056
1782835174.138894	-0.439840	0.029279	1.298837	0.010290	-0.004037	0.472038	0.009493	-0.004259	-0.013056
1782835174.152311	-0.439576	0.029326	1.298988	0.010386	-0.004216	0.472258	0.024821	-0.015456	0.004391
1782835174.160020	-0.439576	0.029326	1.298988	0.010386	-0.004216	0.472258	0.024821	-0.015456	0.004391
1782835174.168793	-0.439304	0.029294	1.298969	0.009997	-0.005664	0.474652	0.026402	-0.011835	0.001582
1782835174.178271	-0.439157	0.029408	1.299082	0.008746	-0.007663	0.476633	0.026402	-0.011835	0.001582
1782835174.187739	-0.439005	0.029478	1.299015	0.012154	-0.008663	0.476844	0.009890	-0.004330	-0.007949
1782835174.199102	-0.438809	0.029430	1.299136	0.012435	-0.008886	0.478066	0.009890	-0.004330	-0.007949
1782835174.207862	-0.438657	0.029537	1.299133	0.012261	-0.008858	0.480778	0.015145	-0.010096	0.005859
1782835174.217960	-0.438483	0.029732	1.299227	0.011916	-0.009283	0.480375	0.015145	-0.010096	0.005859
1782835174.228758	-0.438316	0.029762	1.299363	0.010046	-0.009141	0.482095	0.023496	-0.011075	-0.008825
1782835174.237759	-0.438163	0.029815	1.299441	0.010549	-0.009271	0.483160	0.023496	-0.011075	-0.008825
1782835174.248688	-0.438093	0.029805	1.299393	0.009195	-0.010284	0.483018	0.006797	-0.004611	-0.009848
1782835174.258792	-0.438093	0.029805	1.299393	0.009195	-0.010284	0.483018	0.006797	-0.004611	-0.009848
1782835174.268502	-0.437963	0.029922	1.299632	0.006573	-0.011195	0.484400	0.018995	-0.010601	-0.005356
1782835174.278968	-0.437758	0.029875	1.299537	0.008854	-0.010663	0.486502	0.018995	-0.010601	-0.005356
1782835174.288980	-0.437601	0.029949	1.299649	0.009733	-0.012548	0.487568	0.019843	-0.009595	-0.017506
1782835174.298335	-0.437433	0.030057	1.299592	0.012126	-0.013051	0.488449	0.019843	-0.009595	-0.017506
1782835174.308796	-0.437230	0.030157	1.299539	0.012115	-0.011492	0.488970	0.013122	-0.008974	0.004447
1782835174.319573	-0.437178	0.030190	1.299415	0.011613	-0.011858	0.490610	0.013122	-0.008974	0.004447
1782835174.328609	-0.437171	0.030171	1.299443	0.012748	-0.012576	0.491128	0.018243	-0.007807	-0.008768
1782835174.337844	-0.437084	0.030303	1.299435	0.012315	-0.012153	0.492154	0.018243	-0.007807	-0.008768
1782835174.348494	-0.437084	0.030303	1.299435	0.012315	-0.012153	0.492154	0.015080	-0.009748	-0.015547
1782835174.358040	-0.437012	0.030438	1.299109	0.011507	-0.012400	0.495566	0.015080	-0.009748	-0.015547
1782835174.367965	-0.437012	0.030438	1.299109	0.011507	-0.012400	0.495566	-0.001686	-0.005295	-0.013979
1782835174.377870	-0.436903	0.030469	1.299165	0.012901	-0.011688	0.494605	-0.001686	-0.005295	-0.013979
1782835174.387960	-0.436822	0.030632	1.299057	0.011011	-0.011556	0.496570	0.015320	-0.007440	-0.014631
1782835174.399382	-0.436720	0.030713	1.298996	0.010317	-0.012223	0.498102	0.015320	-0.007440	-0.014631
1782835174.409093	-0.436856	0.030818	1.298895	0.007988	-0.010854	0.498758	0.011925	-0.009839	-0.012432
1782835174.419030	-0.436713	0.030981	1.298476	0.005828	-0.009384	0.501511	0.011925	-0.009839	-0.012432
1782835174.429817	-0.436558	0.030981	1.298379	0.004731	-0.008258	0.504124	-0.000690	-0.003961	-0.017642
1782835174.438376	-0.436580	0.031103	1.298407	0.007202	-0.008876	0.504266	-0.000690	-0.003961	-0.017642
1782835174.449666	-0.436580	0.031103	1.298407	0.007202	-0.008876	0.504266	0.009810	-0.000961	-0.018090
1782835174.458481	-0.436495	0.031124	1.298224	0.007566	-0.008167	0.505527	0.009810	-0.000961	-0.018090
1782835174.468720	-0.436464	0.031317	1.298136	0.008516	-0.007602	0.507429	0.012899	-0.008450	-0.015930
1782835174.478611	-0.436482	0.031326	1.297997	0.009216	-0.007154	0.507462	0.012899	-0.008450	-0.015930
1782835174.489384	-0.436484	0.031481	1.297926	0.007814	-0.007279	0.509874	0.006749	0.001093	-0.017592
1782835174.498570	-0.436395	0.031471	1.297817	0.007150	-0.007197	0.511020	0.006749	0.001093	-0.017592
1782835174.508800	-0.436367	0.031518	1.297763	0.007832	-0.007910	0.513755	0.015531	-0.004166	-0.020763
1782835174.519131	-0.436359	0.031783	1.297583	0.009111	-0.006939	0.515268	0.015531	-0.004166	-0.020763
1782835174.528666	-0.436299	0.031900	1.297562	0.008788	-0.006291	0.516232	0.016527	-0.008180	-0.011317
1782835174.537865	-0.436293	0.031923	1.297628	0.010276	-0.006608	0.517123	0.016527	-0.008180	-0.011317
1782835174.549322	-0.436293	0.031923	1.297628	0.010276	-0.006608	0.517123	0.013980	-0.002346	-0.013929
1782835174.558228	-0.436235	0.032140	1.297540	0.010753	-0.006178	0.518637	0.013980	-0.002346	-0.013929
1782835174.568776	-0.436112	0.032306	1.297553	0.011646	-0.005655	0.519713	0.019396	-0.004001	-0.002698
1782835174.577864	-0.436161	0.032297	1.297648	0.011330	-0.006131	0.521997	0.019396	-0.004001	-0.002698
1782835174.588226	-0.436324	0.032460	1.297617	0.007543	-0.005498	0.524584	0.012149	-0.006473	-0.002252
1782835174.598036	-0.436274	0.032792	1.297585	0.010311	-0.005465	0.526348	0.012149	-0.006473	-0.002252
1782835174.608197	-0.436272	0.032895	1.297761	0.013926	-0.005314	0.526673	0.006452	-0.000267	-0.004119
1782835174.617912	-0.436368	0.032928	1.297790	0.013142	-0.004613	0.530285	0.006452	-0.000267	-0.004119
1782835174.627829	-0.436544	0.033260	1.297980	0.011158	-0.004228	0.531091	0.015926	-0.006923	0.014160
1782835174.637706	-0.436459	0.033406	1.298336	0.013199	-0.003159	0.532892	0.015926	-0.006923	0.014160
1782835174.648992	-0.436459	0.033406	1.298336	0.013199	-0.003159	0.532892	0.005989	-0.002523	0.001764
1782835174.660129	-0.436472	0.033377	1.298431	0.010094	-0.004179	0.535449	0.005989	-0.002523	0.001764
1782835174.669131	-0.436480	0.033565	1.298450	0.008671	-0.004004	0.537671	0.006295	0.000534	0.005520
1782835174.677852	-0.436479	0.033603	1.298687	0.011140	-0.004251	0.538060	0.006295	0.000534	0.005520
1782835174.687800	-0.436422	0.033819	1.298664	0.009169	-0.003181	0.540038	0.017465	-0.010187	0.014384
1782835174.699430	-0.436264	0.033946	1.298693	0.011442	-0.003806	0.543926	0.017465	-0.010187	0.014384
1782835174.708772	-0.436375	0.034256	1.298953	0.013272	-0.003704	0.544197	0.002229	-0.000275	-0.006322
1782835174.720419	-0.436280	0.034371	1.299038	0.014300	-0.003739	0.546596	0.002229	-0.000275	-0.006322
1782835174.727955	-0.436249	0.034594	1.299097	0.013226	-0.003724	0.548371	0.010276	-0.003216	0.000551
1782835174.738056	-0.436416	0.034700	1.299164	0.012697	-0.003509	0.549809	0.010276	-0.003216	0.000551
1782835174.749423	-0.436416	0.034700	1.299164	0.012697	-0.003509	0.549809	0.018321	-0.009427	0.004508
1782835174.758779	-0.436340	0.034774	1.299058	0.012429	-0.004843	0.551376	0.018321	-0.009427	0.004508
1782835174.768097	-0.436230	0.034749	1.299017	0.009791	-0.004655	0.555515	0.002499	-0.001202	-0.015735
1782835174.779211	-0.436227	0.034835	1.299065	0.011251	-0.003915	0.555347	0.002499	-0.001202	-0.015735
1782835174.788830	-0.436127	0.035023	1.299010	0.013054	-0.003410	0.556621	0.010887	-0.002699	-0.007356
1782835174.797969	-0.435969	0.035198	1.298869	0.014651	-0.003351	0.559784	0.010887	-0.002699	-0.007356
1782835174.809353	-0.435977	0.035425	1.298714	0.015362	-0.002503	0.560183	0.019077	-0.013473	-0.008281
1782835174.819221	-0.435939	0.035517	1.298570	0.016593	-0.003492	0.561547	0.019077	-0.013473	-0.008281
1782835174.830336	-0.435862	0.035626	1.298340	0.015856	-0.002977	0.564289	0.004323	-0.000844	-0.019907
1782835174.837657	-0.435783	0.035666	1.298167	0.018089	-0.002822	0.565532	0.004323	-0.000844	-0.019907
1782835174.851965	-0.435783	0.035666	1.298167	0.018089	-0.002822	0.565532	0.013491	-0.006244	-0.016115
1782835174.860928	-0.435660	0.035771	1.297931	0.015814	-0.002702	0.566608	0.013491	-0.006244	-0.016115
1782835174.872777	-0.435573	0.036243	1.297469	0.015638	-0.000886	0.569053	0.019787	-0.014535	-0.016284
1782835174.879127	-0.435573	0.036243	1.297469	0.015638	-0.000886	0.569053	0.019787	-0.014535	-0.016284
1782835174.888634	-0.435579	0.036369	1.297357	0.015712	-0.000895	0.570869	0.007998	-0.003213	-0.026450
1782835174.899262	-0.435238	0.036535	1.296974	0.018405	-0.002174	0.573878	0.007998	-0.003213	-0.026450
1782835174.910903	-0.435106	0.036772	1.296580	0.017162	-0.001493	0.577847	0.021690	-0.014001	-0.017126
1782835174.921461	-0.435106	0.036772	1.296580	0.017162	-0.001493	0.577847	0.021690	-0.014001	-0.017126
1782835174.931638	-0.434898	0.036811	1.296262	0.016343	-0.002215	0.578899	0.023089	-0.014823	-0.016838
1782835174.937806	-0.434863	0.037034	1.296182	0.014839	-0.001371	0.580178	0.023089	-0.014823	-0.016838
1782835174.948375	-0.434863	0.037034	1.296182	0.014839	-0.001371	0.580178	0.024355	-0.009441	-0.023061
1782835174.958828	-0.434843	0.037182	1.296137	0.016011	-0.000827	0.581845	0.024355	-0.009441	-0.023061
1782835174.968649	-0.434700	0.037357	1.296008	0.015575	0.000273	0.583058	0.030283	-0.015583	-0.015659
1782835174.978060	-0.434528	0.037554	1.295918	0.018510	-0.000398	0.584971	0.030283	-0.015583	-0.015659
1782835174.989436	-0.434392	0.037602	1.295825	0.019241	-0.000060	0.586146	0.020821	-0.010495	-0.012056
1782835174.997949	-0.434222	0.037671	1.295843	0.017510	-0.001912	0.588472	0.020821	-0.010495	-0.012056
1782835175.008960	-0.433892	0.037854	1.295821	0.014449	-0.000846	0.592376	0.031403	-0.014910	-0.002325
1782835175.018669	-0.433766	0.037935	1.295824	0.016117	-0.001920	0.594239	0.031403	-0.014910	-0.002325
1782835175.030103	-0.433746	0.038000	1.296010	0.017244	-0.002929	0.595060	0.026613	-0.016553	0.008694
1782835175.039338	-0.433468	0.038037	1.296055	0.015108	-0.003337	0.596708	0.026613	-0.016553	0.008694
1782835175.048622	-0.433468	0.038037	1.296055	0.015108	-0.003337	0.596708	0.021688	-0.013371	0.015690
1782835175.057740	-0.433090	0.038201	1.296301	0.016018	-0.002681	0.598712	0.021688	-0.013371	0.015690
1782835175.068025	-0.432939	0.038217	1.296476	0.016731	-0.002666	0.599029	0.024460	-0.019354	0.029904
1782835175.083569	-0.432709	0.038238	1.296603	0.016466	-0.002365	0.600014	0.018262	-0.019812	0.036038
1782835175.089290	-0.432372	0.038516	1.296768	0.018688	-0.003683	0.602194	0.018262	-0.019812	0.036038
1782835175.098649	-0.432172	0.038546	1.297022	0.019420	-0.003508	0.604095	0.018262	-0.019812	0.036038
1782835175.108806	-0.431953	0.038577	1.297242	0.016523	-0.002619	0.606153	0.024863	-0.019380	0.032760
1782835175.117876	-0.431649	0.038724	1.297479	0.016032	-0.001887	0.607340	0.024863	-0.019380	0.032760
1782835175.128494	-0.431436	0.038823	1.297857	0.013744	-0.001105	0.610241	0.020897	-0.024017	0.036370
1782835175.138082	-0.431141	0.038806	1.298221	0.017409	-0.003196	0.609626	0.020897	-0.024017	0.036370
1782835175.147927	-0.431141	0.038806	1.298221	0.017409	-0.003196	0.609626	0.017603	-0.021792	0.033400
1782835175.158417	-0.430789	0.038919	1.298470	0.020454	-0.002629	0.611245	0.017603	-0.021792	0.033400
1782835175.168998	-0.430480	0.038961	1.298764	0.020836	-0.001589	0.612718	0.029736	-0.027737	0.023277
1782835175.179950	-0.430369	0.039013	1.298940	0.022649	-0.002476	0.613047	0.029736	-0.027737	0.023277
1782835175.192160	-0.429935	0.038956	1.298835	0.019417	-0.003097	0.616469	0.029736	-0.027737	0.023277
1782835175.200763	-0.429277	0.038961	1.298665	0.018217	-0.003006	0.618751	0.028098	-0.029773	0.005158
1782835175.208757	-0.429277	0.038961	1.298665	0.018217	-0.003006	0.618751	0.019524	-0.027351	-0.004604
1782835175.219807	-0.429277	0.038961	1.298665	0.018217	-0.003006	0.618751	0.019524	-0.027351	-0.004604
1782835175.230362	-0.428998	0.039099	1.298701	0.017004	-0.001051	0.621395	0.025738	-0.026034	-0.017996
1782835175.238884	-0.428156	0.039172	1.298248	0.016535	0.000640	0.621375	0.025738	-0.026034	-0.017996
1782835175.248647	-0.428156	0.039172	1.298248	0.016535	0.000640	0.621375	0.041496	-0.034630	-0.026685
1782835175.259615	-0.427873	0.039034	1.297679	0.014099	-0.001592	0.625992	0.031543	-0.031222	-0.049811
1782835175.269334	-0.427535	0.039088	1.297357	0.015486	-0.002721	0.626219	0.031543	-0.031222	-0.049811
1782835175.278293	-0.427177	0.039243	1.297074	0.018752	-0.002025	0.627062	0.031543	-0.031222	-0.049811
1782835175.287742	-0.426531	0.039266	1.296296	0.013611	0.000974	0.628178	0.023432	-0.027888	-0.050682
1782835175.298445	-0.426261	0.039462	1.295953	0.012537	0.000438	0.628657	0.023432	-0.027888	-0.050682
1782835175.309161	-0.425984	0.039383	1.295540	0.012297	0.000161	0.630548	0.040745	-0.035000	-0.032329
1782835175.318568	-0.425485	0.039388	1.294782	0.014113	-0.000761	0.632515	0.040745	-0.035000	-0.032329
1782835175.327923	-0.425294	0.039556	1.294441	0.013555	-0.002341	0.632899	0.030799	-0.032747	-0.037105
1782835175.338506	-0.425294	0.039556	1.294441	0.013555	-0.002341	0.632899	0.030799	-0.032747	-0.037105
1782835175.350284	-0.424886	0.039498	1.293930	0.012415	-0.002719	0.634820	0.027209	-0.029004	-0.008098
1782835175.358305	-0.424434	0.039528	1.293615	0.011775	-0.001606	0.636048	0.027209	-0.029004	-0.008098
1782835175.368146	-0.423862	0.039666	1.293382	0.011188	-0.000765	0.636973	0.028629	-0.029789	-0.007796
1782835175.377760	-0.423617	0.039766	1.293211	0.011208	-0.002254	0.637770	0.028629	-0.029789	-0.007796
1782835175.387761	-0.423163	0.039813	1.293187	0.010711	-0.001935	0.639303	0.024137	-0.028720	0.009623
1782835175.399314	-0.422653	0.039867	1.293067	0.009504	-0.002984	0.641355	0.024137	-0.028720	0.009623
1782835175.408868	-0.422290	0.039994	1.293164	0.010777	-0.003692	0.641365	0.041052	-0.032966	0.018982
1782835175.417954	-0.421924	0.040073	1.293221	0.007770	-0.003700	0.642112	0.041052	-0.032966	0.018982
1782835175.430213	-0.421570	0.040138	1.293206	0.009456	-0.004297	0.642439	0.035742	-0.029037	0.009605
1782835175.437613	-0.420884	0.040208	1.293408	0.008745	-0.003209	0.644142	0.035742	-0.029037	0.009605
1782835175.448034	-0.420884	0.040208	1.293408	0.008745	-0.003209	0.644142	0.035742	-0.029037	0.009605
1782835175.458709	-0.420387	0.040142	1.293417	0.006891	-0.003826	0.645715	0.039013	-0.028645	0.020364
1782835175.468668	-0.420060	0.040282	1.293572	0.010670	-0.004933	0.646398	0.048651	-0.030804	0.009088
1782835175.477783	-0.419632	0.040381	1.293852	0.010277	-0.003681	0.646501	0.048651	-0.030804	0.009088
1782835175.487735	-0.419275	0.040587	1.293993	0.009429	-0.004559	0.647226	0.048651	-0.030804	0.009088
1782835175.498662	-0.418674	0.040750	1.294308	0.007968	-0.002591	0.648681	0.036954	-0.027143	0.011433
1782835175.508929	-0.418203	0.041072	1.294522	0.012400	-0.004717	0.650378	0.043846	-0.028739	0.024835
1782835175.519202	-0.417732	0.041074	1.294582	0.010060	-0.005161	0.651150	0.043846	-0.028739	0.024835
1782835175.529277	-0.417360	0.041153	1.294655	0.010673	-0.006192	0.653182	0.051069	-0.028801	0.015307
1782835175.538143	-0.416921	0.041315	1.294988	0.012051	-0.005765	0.651840	0.051069	-0.028801	0.015307
1782835175.550063	-0.416921	0.041315	1.294988	0.012051	-0.005765	0.651840	0.034195	-0.025578	0.017551
1782835175.561340	-0.416446	0.041287	1.295205	0.012321	-0.006167	0.652367	0.034195	-0.025578	0.017551
1782835175.569389	-0.415966	0.041379	1.295363	0.011897	-0.005624	0.654235	0.040607	-0.025046	0.022993
1782835175.578766	-0.415617	0.041683	1.295699	0.011586	-0.005209	0.653415	0.040607	-0.025046	0.022993
1782835175.589160	-0.415125	0.041827	1.295972	0.011343	-0.006516	0.655243	0.040641	-0.028192	0.017976
1782835175.598641	-0.414587	0.042054	1.295982	0.008881	-0.008713	0.657431	0.040641	-0.028192	0.017976
1782835175.608922	-0.414123	0.042208	1.296231	0.008040	-0.009410	0.658135	0.027270	-0.020188	0.020371
1782835175.619825	-0.413816	0.042271	1.296276	0.007728	-0.008545	0.658216	0.027270	-0.020188	0.020371
1782835175.629890	-0.413259	0.042497	1.296514	0.008691	-0.008094	0.658273	0.035250	-0.021573	0.018791
1782835175.637616	-0.412839	0.042783	1.296595	0.008998	-0.007329	0.658990	0.035250	-0.021573	0.018791
1782835175.650154	-0.412839	0.042783	1.296595	0.008998	-0.007329	0.658990	0.035250	-0.021573	0.018791
1782835175.658815	-0.412480	0.042950	1.296678	0.009748	-0.008394	0.659777	0.041625	-0.026741	0.016608
1782835175.670547	-0.411917	0.043140	1.296590	0.011263	-0.008992	0.662048	0.024550	-0.016201	0.014753
1782835175.678586	-0.411622	0.043266	1.296588	0.009042	-0.008361	0.661973	0.024550	-0.016201	0.014753
1782835175.689105	-0.411332	0.043451	1.296670	0.010066	-0.009171	0.662824	0.028840	-0.016630	0.009569
1782835175.698335	-0.410702	0.043588	1.296759	0.012278	-0.008842	0.662784	0.028840	-0.016630	0.009569
1782835175.707753	-0.410242	0.044007	1.296721	0.012355	-0.010683	0.662277	0.038839	-0.019433	0.014830
1782835175.721477	-0.409902	0.044174	1.296558	0.007280	-0.008380	0.663036	0.038839	-0.019433	0.014830
1782835175.730192	-0.409557	0.044343	1.296589	0.008668	-0.008443	0.663829	0.038839	-0.019433	0.014830
1782835175.738631	-0.409148	0.044370	1.296508	0.008633	-0.008564	0.665841	0.046294	-0.024564	-0.000330
1782835175.751641	-0.409148	0.044370	1.296508	0.008633	-0.008564	0.665841	0.027864	-0.008965	-0.013308
1782835175.758687	-0.408830	0.044689	1.296555	0.010715	-0.009157	0.667154	0.027864	-0.008965	-0.013308
1782835175.769122	-0.408284	0.044951	1.296448	0.012302	-0.006983	0.666222	0.043227	-0.017219	-0.004112
1782835175.779176	-0.407844	0.045254	1.296128	0.011773	-0.006197	0.668346	0.043227	-0.017219	-0.004112
1782835175.789192	-0.407450	0.045404	1.296021	0.010932	-0.008133	0.667524	0.033476	-0.016332	0.004862
1782835175.798605	-0.407260	0.045712	1.295859	0.012121	-0.008541	0.667932	0.033476	-0.016332	0.004862
1782835175.809566	-0.406774	0.045804	1.295664	0.011698	-0.008611	0.670749	0.033963	-0.009357	-0.034039
1782835175.818645	-0.406459	0.046056	1.295646	0.010821	-0.008993	0.671801	0.033963	-0.009357	-0.034039
1782835175.828855	-0.406204	0.046322	1.295763	0.010062	-0.008360	0.671590	0.043383	-0.019570	-0.015707
1782835175.837990	-0.405754	0.046621	1.295595	0.014356	-0.010011	0.671886	0.043383	-0.019570	-0.015707
1782835175.848698	-0.405754	0.046621	1.295595	0.014356	-0.010011	0.671886	0.029811	-0.010848	0.016529
1782835175.857827	-0.405410	0.046822	1.295591	0.014333	-0.010910	0.671393	0.029811	-0.010848	0.016529
1782835175.867762	-0.405162	0.047041	1.295446	0.011284	-0.011364	0.672102	0.028388	-0.010389	-0.020278
1782835175.878331	-0.404713	0.047136	1.295444	0.011989	-0.011308	0.673150	0.028388	-0.010389	-0.020278
1782835175.889502	-0.404437	0.047299	1.295560	0.010876	-0.011347	0.674143	0.039998	-0.020383	0.015426
1782835175.897885	-0.404021	0.047581	1.295454	0.009311	-0.013712	0.676519	0.039998	-0.020383	0.015426
1782835175.907661	-0.403740	0.047900	1.295465	0.010564	-0.012584	0.677139	0.036488	-0.018764	0.005346
1782835175.929615	-0.403501	0.048107	1.295724	0.011973	-0.010723	0.676791	0.036488	-0.018764	0.005346
1782835175.935855	-0.402815	0.048513	1.295880	0.010238	-0.012990	0.678290	0.021390	-0.012133	0.002286
1782835175.951669	-0.402815	0.048513	1.295880	0.010238	-0.012990	0.678290	0.021390	-0.012133	0.002286
1782835175.963025	-0.402590	0.048719	1.296024	0.010281	-0.014308	0.677536	0.035290	-0.017515	0.024831
1782835175.976301	-0.401941	0.048859	1.296154	0.012336	-0.015563	0.679514	0.035104	-0.019207	0.032392
1782835175.988787	-0.401714	0.049116	1.296373	0.011204	-0.015075	0.680271	0.035104	-0.019207	0.032392
1782835175.998333	-0.401490	0.049250	1.296637	0.012909	-0.014250	0.679858	0.027934	-0.014102	0.011198
1782835176.004975	-0.401175	0.049368	1.296781	0.012831	-0.013858	0.678905	0.027934	-0.014102	0.011198
1782835176.013331	-0.401048	0.049549	1.296892	0.008934	-0.015142	0.680083	0.032039	-0.016726	0.028166
1782835176.022624	-0.400887	0.049738	1.296940	0.012516	-0.017638	0.680103	0.032039	-0.016726	0.028166
1782835176.027015	-0.400887	0.049738	1.296940	0.012516	-0.017638	0.680103	0.032039	-0.016726	0.028166
1782835176.034077	-0.400887	0.049738	1.296940	0.012516	-0.017638	0.680103	0.032039	-0.016726	0.028166
1782835176.038258	-0.400692	0.049846	1.297049	0.013100	-0.018302	0.679491	0.026831	-0.012912	0.007572
1782835176.051018	-0.400434	0.049921	1.296902	0.015049	-0.019700	0.681781	0.024386	-0.017354	0.001022
1782835176.058517	-0.400434	0.049921	1.296902	0.015049	-0.019700	0.681781	0.024386	-0.017354	0.001022
1782835176.068571	-0.399964	0.050086	1.297059	0.017432	-0.019394	0.680052	0.008390	-0.010684	-0.007798
1782835176.078643	-0.399964	0.050086	1.297059	0.017432	-0.019394	0.680052	0.008390	-0.010684	-0.007798
1782835176.091820	-0.399766	0.050329	1.296945	0.017695	-0.019937	0.680912	0.011695	-0.016429	0.013944
1782835176.098346	-0.399698	0.050374	1.296910	0.017707	-0.020560	0.680687	0.011695	-0.016429	0.013944
1782835176.108442	-0.399418	0.050446	1.296692	0.016017	-0.020974	0.680346	0.016895	-0.018267	0.004968
1782835176.119374	-0.399226	0.050445	1.296436	0.015917	-0.020653	0.682581	0.016895	-0.018267	0.004968
1782835176.128649	-0.399228	0.050561	1.296466	0.019227	-0.020191	0.681036	-0.001306	-0.013468	-0.000517
1782835176.139330	-0.399141	0.050628	1.296353	0.019673	-0.019278	0.680936	-0.001306	-0.013468	-0.000517
1782835176.148268	-0.399141	0.050628	1.296353	0.019673	-0.019278	0.680936	-0.000740	-0.011630	0.017597
1782835176.158984	-0.398894	0.050662	1.296236	0.017594	-0.017574	0.680617	-0.000740	-0.011630	0.017597
1782835176.168597	-0.398866	0.050658	1.296116	0.016155	-0.018913	0.681134	0.004711	-0.012373	-0.030136
1782835176.178073	-0.398739	0.050742	1.295964	0.016450	-0.019333	0.681243	0.004711	-0.012373	-0.030136
1782835176.188783	-0.398693	0.050741	1.295866	0.018313	-0.019533	0.681053	0.013649	-0.017112	-0.011913
1782835176.198925	-0.398599	0.050814	1.295571	0.016153	-0.020774	0.681102	0.013649	-0.017112	-0.011913
1782835176.210520	-0.398599	0.050814	1.295571	0.016153	-0.020774	0.681102	-0.007695	-0.013196	0.001981
1782835176.218659	-0.398356	0.050828	1.295200	0.017509	-0.017258	0.680399	-0.007695	-0.013196	0.001981
1782835176.228838	-0.398420	0.050931	1.294962	0.014317	-0.018799	0.680520	0.004005	-0.013346	0.004023
1782835176.238258	-0.398420	0.050931	1.294962	0.014317	-0.018799	0.680520	0.004005	-0.013346	0.004023
1782835176.254995	-0.398376	0.050762	1.294713	0.014380	-0.018923	0.680513	0.000585	-0.017491	-0.005003
1782835176.262658	-0.398378	0.050700	1.294598	0.013580	-0.018234	0.682233	0.000585	-0.017491	-0.005003
1782835176.270131	-0.398378	0.050700	1.294598	0.013580	-0.018234	0.682233	-0.007089	-0.011006	-0.003839
1782835176.279701	-0.398410	0.050745	1.294507	0.017610	-0.018763	0.682282	-0.007089	-0.011006	-0.003839
1782835176.289609	-0.398425	0.050739	1.294577	0.016015	-0.017859	0.681233	0.005754	-0.020609	0.006843
1782835176.299205	-0.398341	0.050735	1.294655	0.018138	-0.017945	0.681914	0.005754	-0.020609	0.006843
1782835176.312925	-0.398341	0.050735	1.294655	0.018138	-0.017945	0.681914	-0.002701	-0.018600	0.010131
1782835176.318628	-0.398438	0.050324	1.294749	0.016158	-0.019502	0.683873	-0.002701	-0.018600	0.010131
1782835176.328095	-0.398438	0.050324	1.294749	0.016158	-0.019502	0.683873	-0.014573	-0.011225	0.009925
1782835176.338634	-0.398363	0.050300	1.294909	0.017695	-0.018711	0.684146	-0.014573	-0.011225	0.009925
1782835176.348510	-0.398387	0.050125	1.295096	0.017985	-0.017408	0.684582	-0.000956	-0.024215	0.045970
1782835176.358517	-0.398406	0.049999	1.295305	0.017121	-0.016732	0.685588	-0.000956	-0.024215	0.045970
1782835176.369497	-0.398488	0.050066	1.295685	0.018440	-0.016625	0.684290	-0.017240	-0.011904	0.028212
1782835176.377940	-0.398578	0.049922	1.295894	0.017700	-0.016617	0.683857	-0.017240	-0.011904	0.028212
1782835176.390212	-0.398550	0.049826	1.296066	0.017343	-0.016662	0.686192	-0.024151	-0.012130	0.043396
1782835176.398656	-0.398568	0.049689	1.296182	0.015505	-0.015732	0.685830	-0.024151	-0.012130	0.043396
1782835176.408417	-0.398663	0.049503	1.296262	0.016266	-0.016701	0.685516	-0.015061	-0.018613	0.051624
1782835176.417935	-0.398627	0.049417	1.296655	0.017365	-0.017125	0.685802	-0.015061	-0.018613	0.051624
1782835176.428080	-0.398776	0.049206	1.296996	0.016409	-0.014443	0.685678	-0.014619	-0.018936	0.035211
1782835176.438987	-0.398776	0.049206	1.296996	0.016409	-0.014443	0.685678	-0.014619	-0.018936	0.035211
1782835176.449946	-0.398812	0.049116	1.297219	0.016872	-0.013122	0.685127	-0.027368	-0.015826	0.031164
1782835176.458520	-0.398863	0.048870	1.297456	0.015832	-0.012220	0.685105	-0.027368	-0.015826	0.031164
1782835176.471070	-0.399043	0.048597	1.297358	0.012927	-0.014009	0.685955	-0.027368	-0.015826	0.031164
1782835176.478475	-0.399161	0.048433	1.297396	0.014097	-0.013774	0.687339	-0.004394	-0.021607	0.009816
1782835176.491441	-0.399107	0.048370	1.297583	0.014874	-0.012471	0.686107	-0.018851	-0.016817	0.002115
1782835176.499187	-0.399243	0.048197	1.297479	0.015252	-0.012768	0.686408	-0.018851	-0.016817	0.002115
1782835176.510709	-0.399320	0.048140	1.297535	0.014181	-0.011999	0.686337	-0.010628	-0.026334	0.007637
1782835176.521780	-0.399435	0.047637	1.297065	0.015421	-0.013868	0.689296	-0.010628	-0.026334	0.007637
1782835176.529441	-0.399435	0.047637	1.297065	0.015421	-0.013868	0.689296	-0.014835	-0.023590	-0.008226
1782835176.540528	-0.399487	0.047470	1.297054	0.018377	-0.014072	0.688792	-0.014835	-0.023590	-0.008226
1782835176.550244	-0.399487	0.047470	1.297054	0.018377	-0.014072	0.688792	-0.030257	-0.011585	-0.010997
1782835176.560666	-0.399548	0.047253	1.296950	0.020068	-0.013612	0.688400	-0.030257	-0.011585	-0.010997
1782835176.569995	-0.399567	0.047201	1.296768	0.019847	-0.013937	0.688189	-0.018849	-0.024407	0.013316
1782835176.580755	-0.399807	0.047031	1.296584	0.018721	-0.013824	0.687569	-0.018849	-0.024407	0.013316
1782835176.590132	-0.399918	0.046845	1.296390	0.017437	-0.013690	0.688700	-0.014002	-0.024078	0.001949
1782835176.598609	-0.400002	0.046637	1.296246	0.015883	-0.012178	0.688444	-0.014002	-0.024078	0.001949
1782835176.612288	-0.400064	0.046535	1.296132	0.016720	-0.013042	0.688309	-0.030161	-0.014497	-0.009074
1782835176.624456	-0.400184	0.046444	1.296033	0.016300	-0.012133	0.687438	-0.030161	-0.014497	-0.009074
1782835176.629001	-0.400180	0.046179	1.295947	0.015479	-0.011623	0.686007	-0.013031	-0.025656	-0.006322
1782835176.639561	-0.400416	0.045871	1.295472	0.013611	-0.014029	0.688630	-0.013031	-0.025656	-0.006322
1782835176.649580	-0.400416	0.045871	1.295472	0.013611	-0.014029	0.688630	-0.010594	-0.023085	-0.003545
1782835176.659154	-0.400503	0.045605	1.295272	0.016925	-0.014090	0.687839	-0.010594	-0.023085	-0.003545
1782835176.667833	-0.400498	0.045435	1.295316	0.016402	-0.013689	0.688116	-0.023838	-0.019193	-0.007754
1782835176.677905	-0.400392	0.045175	1.295081	0.018474	-0.013409	0.688390	-0.023838	-0.019193	-0.007754
1782835176.690186	-0.400585	0.045010	1.295055	0.020419	-0.013343	0.687811	-0.021850	-0.019231	0.007308
1782835176.698074	-0.400748	0.044779	1.295033	0.022168	-0.013930	0.686812	-0.021850	-0.019231	0.007308
1782835176.710456	-0.400805	0.044526	1.294994	0.021898	-0.014800	0.688637	-0.009693	-0.026432	0.013641
1782835176.719580	-0.400811	0.044241	1.295144	0.018429	-0.013135	0.688962	-0.009693	-0.026432	0.013641
1782835176.727842	-0.401009	0.044126	1.295146	0.015146	-0.013193	0.689103	-0.023229	-0.025203	0.020158
1782835176.737854	-0.401001	0.043923	1.295383	0.015107	-0.011549	0.688332	-0.023229	-0.025203	0.020158
1782835176.748580	-0.401001	0.043923	1.295383	0.015107	-0.011549	0.688332	-0.028333	-0.019823	0.023654
1782835176.757783	-0.400979	0.043666	1.295616	0.015872	-0.009462	0.688879	-0.028333	-0.019823	0.023654
1782835176.767823	-0.401111	0.043504	1.295812	0.018191	-0.010878	0.689540	-0.012587	-0.032316	0.047787
1782835176.778741	-0.401112	0.043312	1.295979	0.018015	-0.010576	0.688656	-0.012587	-0.032316	0.047787
1782835176.789912	-0.401163	0.043140	1.296209	0.017408	-0.011466	0.689496	-0.025699	-0.023044	0.025162
1782835176.798219	-0.401196	0.042732	1.296258	0.016413	-0.013104	0.692842	-0.025699	-0.023044	0.025162
1782835176.807858	-0.401366	0.042421	1.296613	0.014553	-0.012239	0.691198	-0.029100	-0.022743	0.032371
1782835176.818907	-0.401441	0.042214	1.296924	0.013680	-0.010123	0.691155	-0.029100	-0.022743	0.032371
1782835176.827879	-0.401453	0.042091	1.297139	0.013354	-0.009841	0.691393	-0.016520	-0.031981	0.046625
1782835176.837650	-0.401613	0.041914	1.297340	0.013027	-0.008016	0.690644	-0.016520	-0.031981	0.046625
1782835176.851131	-0.401613	0.041914	1.297340	0.013027	-0.008016	0.690644	-0.022634	-0.027059	0.026720
1782835176.859120	-0.401744	0.041573	1.297490	0.013645	-0.008743	0.691372	-0.022634	-0.027059	0.026720
1782835176.868896	-0.401757	0.041323	1.297672	0.014452	-0.008865	0.692389	-0.034754	-0.021556	0.022701
1782835176.878210	-0.401925	0.041007	1.297744	0.016172	-0.010076	0.692891	-0.034754	-0.021556	0.022701
1782835176.889156	-0.401699	0.040757	1.297853	0.017065	-0.009434	0.692400	-0.029969	-0.026688	0.030578
1782835176.898742	-0.401583	0.040606	1.297943	0.017721	-0.009358	0.692224	-0.029969	-0.026688	0.030578
1782835176.910543	-0.401807	0.040366	1.297759	0.017154	-0.010477	0.693219	-0.020046	-0.030941	0.010410
1782835176.918092	-0.401746	0.040202	1.297691	0.017123	-0.010360	0.693134	-0.020046	-0.030941	0.010410
1782835176.927573	-0.401781	0.039813	1.297351	0.014971	-0.009351	0.693776	-0.017713	-0.031892	-0.003890
1782835176.937927	-0.401781	0.039813	1.297351	0.014971	-0.009351	0.693776	-0.017713	-0.031892	-0.003890
1782835176.948457	-0.401799	0.039479	1.297135	0.015820	-0.007375	0.692456	-0.023957	-0.030064	-0.012001
1782835176.958318	-0.401799	0.039479	1.297135	0.015820	-0.007375	0.692456	-0.023957	-0.030064	-0.012001
1782835176.968006	-0.401908	0.039306	1.296867	0.014357	-0.008658	0.693147	-0.028645	-0.028342	-0.026940
1782835176.977813	-0.401897	0.038817	1.296395	0.015647	-0.010783	0.694108	-0.028645	-0.028342	-0.026940
1782835176.987714	-0.402013	0.038579	1.296153	0.017394	-0.010515	0.694409	-0.018818	-0.034012	-0.009526
1782835176.998807	-0.402032	0.038446	1.295990	0.016876	-0.010352	0.694988	-0.018818	-0.034012	-0.009526
1782835177.011056	-0.402018	0.038158	1.295674	0.016906	-0.008703	0.693243	-0.012537	-0.039843	-0.003455
1782835177.019525	-0.402045	0.037968	1.295471	0.017120	-0.008849	0.693516	-0.012537	-0.039843	-0.003455
1782835177.028533	-0.402069	0.037684	1.295100	0.015985	-0.009975	0.695478	-0.031927	-0.032175	-0.011669
1782835177.037758	-0.402069	0.037684	1.295100	0.015985	-0.009975	0.695478	-0.031927	-0.032175	-0.011669
1782835177.049296	-0.402269	0.037389	1.294953	0.014865	-0.009781	0.696132	-0.024240	-0.034331	0.016309
1782835177.062969	-0.402199	0.037040	1.294793	0.016611	-0.010168	0.696887	-0.024240	-0.034331	0.016309
1782835177.068472	-0.402070	0.036673	1.294680	0.015467	-0.008406	0.697523	-0.013626	-0.038608	0.009575
1782835177.080233	-0.402076	0.036386	1.294537	0.013192	-0.006798	0.696026	-0.013626	-0.038608	0.009575
1782835177.087721	-0.402081	0.036121	1.294574	0.013540	-0.006950	0.695501	-0.029991	-0.032858	0.007660
1782835177.099355	-0.402007	0.035897	1.294474	0.012632	-0.007411	0.695851	-0.029991	-0.032858	0.007660
1782835177.112099	-0.401973	0.035548	1.294418	0.011537	-0.007552	0.695313	-0.019910	-0.039003	0.021757
1782835177.118832	-0.402017	0.035184	1.294364	0.012306	-0.008677	0.696126	-0.019910	-0.039003	0.021757
1782835177.128047	-0.401857	0.034915	1.294446	0.012327	-0.008246	0.697479	-0.009466	-0.040817	0.020605
1782835177.137973	-0.401854	0.034691	1.294521	0.013913	-0.007984	0.697269	-0.009466	-0.040817	0.020605
1782835177.149110	-0.401854	0.034691	1.294521	0.013913	-0.007984	0.697269	-0.014165	-0.042892	0.021759
1782835177.158139	-0.401823	0.034444	1.294657	0.016395	-0.009471	0.697403	-0.014165	-0.042892	0.021759
1782835177.168424	-0.401803	0.034266	1.294835	0.015326	-0.009458	0.697916	-0.024406	-0.032360	0.019400
1782835177.178212	-0.401753	0.033835	1.294814	0.013611	-0.010262	0.699560	-0.024406	-0.032360	0.019400
1782835177.187995	-0.401744	0.033455	1.294912	0.014417	-0.010870	0.701078	-0.014237	-0.041069	0.031244
1782835177.198558	-0.401674	0.033215	1.295253	0.013613	-0.007217	0.699514	-0.014237	-0.041069	0.031244
1782835177.207612	-0.401649	0.032878	1.295443	0.012287	-0.007068	0.700201	-0.006296	-0.044841	0.034423
1782835177.219251	-0.401649	0.032878	1.295443	0.012287	-0.007068	0.700201	-0.006296	-0.044841	0.034423
1782835177.229547	-0.401618	0.032436	1.295810	0.013115	-0.009450	0.699974	-0.023191	-0.032736	0.018567
1782835177.238388	-0.401567	0.031918	1.295911	0.013967	-0.009646	0.699408	-0.023191	-0.032736	0.018567
1782835177.248478	-0.401567	0.031918	1.295911	0.013967	-0.009646	0.699408	-0.017291	-0.039898	0.033147
1782835177.258288	-0.401552	0.031553	1.296055	0.013923	-0.011671	0.701254	-0.017291	-0.039898	0.033147
1782835177.268693	-0.401465	0.031286	1.296399	0.012770	-0.009058	0.700311	-0.002795	-0.042421	0.032988
1782835177.278558	-0.401259	0.031052	1.296634	0.013933	-0.009446	0.700445	-0.002795	-0.042421	0.032988
1782835177.287876	-0.401327	0.030732	1.296733	0.011706	-0.007686	0.700962	-0.015242	-0.034230	0.004403
1782835177.297892	-0.401324	0.030565	1.296988	0.008107	-0.007324	0.700396	-0.015242	-0.034230	0.004403
1782835177.307784	-0.401217	0.030173	1.296908	0.007735	-0.009915	0.703139	-0.020096	-0.035357	0.000648
1782835177.322970	-0.401117	0.029801	1.296935	0.007940	-0.010639	0.702770	-0.020096	-0.035357	0.000648
1782835177.328750	-0.401066	0.029484	1.297178	0.012083	-0.009739	0.701594	-0.005789	-0.038204	-0.003392
1782835177.338270	-0.400929	0.029265	1.297180	0.012261	-0.010058	0.702161	-0.005789	-0.038204	-0.003392
1782835177.349630	-0.400929	0.029265	1.297180	0.012261	-0.010058	0.702161	-0.002830	-0.041777	-0.014883
1782835177.361113	-0.400969	0.028935	1.297113	0.013466	-0.011324	0.703316	-0.002830	-0.041777	-0.014883
1782835177.368911	-0.401031	0.028778	1.297030	0.012692	-0.012076	0.703227	-0.007556	-0.043104	-0.005872
1782835177.380279	-0.400892	0.028475	1.296916	0.013166	-0.011699	0.704371	-0.007556	-0.043104	-0.005872
1782835177.388260	-0.400874	0.028201	1.297063	0.012202	-0.010454	0.704431	-0.015576	-0.034472	-0.014333
1782835177.400653	-0.400911	0.027960	1.297088	0.012688	-0.011104	0.704373	-0.015576	-0.034472	-0.014333
1782835177.408651	-0.400832	0.027822	1.297086	0.014393	-0.011742	0.704309	-0.012942	-0.035476	0.000429
1782835177.418236	-0.400770	0.027490	1.296963	0.012198	-0.011844	0.704334	-0.012942	-0.035476	0.000429
1782835177.494883	-0.400813	0.026697	1.297064	0.009916	-0.013007	0.704176	-0.018268	-0.030174	-0.010943
1782835177.572017	-0.400419	0.024983	1.297566	0.008948	-0.010974	0.704812	-0.018075	-0.033999	0.007375
1782835177.645479	-0.396609	0.023947	1.296749	0.031390	0.065134	0.676929	0.029711	-0.041416	0.047883
1782835177.716443	-0.385279	0.024430	1.289094	0.070963	0.194507	0.620037	0.143497	-0.068686	-0.066673
1782835177.791599	-0.364121	0.027451	1.264541	0.092925	0.328506	0.551053	0.377708	-0.117570	-0.207591
1782835177.857855	-0.335265	0.033390	1.231238	0.080745	0.392512	0.489038	0.714510	-0.151480	-0.275694
1782835177.931150	-0.293995	0.043494	1.192288	0.062344	0.387025	0.430038	0.887208	-0.131456	-0.291438
1782835178.002351	-0.239262	0.057916	1.151273	0.047189	0.314275	0.387212	1.147489	-0.126885	-0.356312
1782835178.073052	-0.162733	0.078082	1.102360	0.041879	0.182270	0.358338	1.248313	-0.137591	-0.463995
1782835178.159129	-0.092185	0.096103	1.057933	0.041473	0.055767	0.333602	1.197528	-0.130881	-0.728541
1782835178.244501	0.000621	0.118001	0.995294	0.029465	-0.086849	0.305114	1.035916	-0.128302	-0.825812
1782835178.329045	0.083310	0.135819	0.939141	0.019037	-0.170474	0.270625	0.829027	-0.093070	-0.739101
1782835178.400059	0.140203	0.146868	0.907832	0.010726	-0.171074	0.244437	0.634746	-0.039335	-0.441034
1782835178.497571	0.182409	0.154898	0.895129	0.008669	-0.112820	0.220224	0.528361	-0.016405	-0.161401
1782835178.576163	0.223619	0.162035	0.898676	0.029629	-0.009717	0.190288	0.485043	-0.006187	0.062979
1782835178.653480	0.253470	0.165311	0.908608	0.042392	0.065110	0.172619	0.492064	-0.011347	0.148295
1782835178.721466	0.281366	0.167118	0.919050	0.056856	0.093945	0.155841	0.571536	-0.037403	0.168619
1782835178.805026	0.318292	0.167115	0.931518	0.067932	0.092953	0.145107	0.624210	-0.064397	0.142852
1782835178.882792	0.366156	0.163829	0.941673	0.068129	0.052239	0.126939	0.679934	-0.103001	0.079982
1782835178.982559	0.404607	0.159895	0.944286	0.064419	0.008347	0.118205	0.684030	-0.134484	-0.027679
1782835179.055416	0.467121	0.150491	0.937636	0.037555	-0.049583	0.095361	0.620241	-0.147454	-0.167624
1782835179.140761	0.501147	0.143341	0.927149	0.021384	-0.071987	0.083128	0.547501	-0.176327	-0.206489
1782835179.245796	0.548074	0.129561	0.904017	0.002080	-0.081603	0.068150	0.401536	-0.170448	-0.205502
1782835179.316270	0.573225	0.119858	0.890309	-0.014629	-0.067658	0.063822	0.342733	-0.163540	-0.158533
1782835179.405417	0.592864	0.111194	0.880620	-0.021430	-0.042511	0.059122	0.278341	-0.141591	-0.078442
1782835179.480196	0.609681	0.103358	0.876631	-0.015732	-0.019273	0.055407	0.206943	-0.104349	0.031880
1782835179.615382	0.619600	0.099028	0.877977	-0.014588	-0.004372	0.050113	0.168954	-0.091967	0.090947
1782835179.713695	0.635589	0.092629	0.888806	0.002245	0.019070	0.045387	0.101460	-0.073916	0.133117
1782835179.783765	0.643031	0.089878	0.895175	0.009655	0.029382	0.042101	0.080054	-0.066928	0.108737
1782835179.853056	0.650450	0.087404	0.898996	0.010385	0.039163	0.038441	0.073846	-0.059776	0.027246
1782835179.928296	0.656984	0.085614	0.898233	0.011540	0.040779	0.032242	0.074747	-0.067939	-0.000016
1782835179.998909	0.664836	0.083033	0.893665	0.016360	0.037873	0.027665	0.069421	-0.067567	-0.039590
1782835180.072858	0.672749	0.080424	0.887762	0.013711	0.035907	0.026363	0.065795	-0.069012	-0.058290
1782835180.143497	0.679265	0.078130	0.883136	0.011266	0.030496	0.025580	0.035806	-0.070418	-0.041070
1782835180.215661	0.685762	0.075696	0.879949	0.006181	0.025801	0.024976	0.014703	-0.062459	-0.009472
1782835180.291097	0.693564	0.072266	0.879153	0.005609	0.023817	0.023030	0.009275	-0.065259	0.043146
1782835180.362571	0.698704	0.069423	0.880491	0.010203	0.026246	0.024107	-0.021431	-0.056498	0.077496
1782835180.463487	0.703423	0.067013	0.882857	0.003668	0.030989	0.024121	-0.015660	-0.058508	0.086752
1782835180.541316	0.710023	0.063125	0.885800	0.007126	0.041060	0.023882	-0.034102	-0.047932	0.047889
1782835180.615836	0.715074	0.060106	0.885427	0.006345	0.049801	0.023867	-0.031666	-0.043812	0.014192
1782835180.705246	0.721022	0.057207	0.881649	0.002725	0.051606	0.025338	-0.020282	-0.043280	-0.024041
1782835180.781610	0.727296	0.054436	0.875676	-0.002527	0.046803	0.027720	-0.029756	-0.035587	-0.038953
1782835180.854150	0.731917	0.052519	0.871621	0.001120	0.041507	0.029977	-0.011171	-0.030296	-0.023969
1782835180.925781	0.736684	0.051101	0.869388	0.001501	0.036585	0.031483	-0.009943	-0.029044	-0.001088
1782835180.995321	0.741349	0.049354	0.869511	0.004860	0.028987	0.037816	-0.025228	-0.024429	0.030696
1782835181.073148	0.744877	0.047562	0.873448	0.010807	0.019865	0.041863	-0.046020	-0.017960	0.088398
1782835181.140106	0.746744	0.046009	0.878216	0.009196	0.017574	0.045982	-0.069608	-0.014602	0.081201
1782835181.214723	0.747075	0.044259	0.883315	0.009517	0.021237	0.050206	-0.079316	-0.013609	0.083678
1782835181.283753	0.746101	0.042085	0.887991	0.010870	0.029112	0.048955	-0.096670	-0.024670	0.059287
1782835181.352886	0.744576	0.039561	0.889605	0.012078	0.035785	0.050943	-0.102192	-0.026845	0.025943
1782835181.425709	0.742449	0.036911	0.889433	0.012702	0.043215	0.051155	-0.106786	-0.035891	-0.000444
1782835181.501554	0.739608	0.033295	0.887355	0.007835	0.052393	0.052039	-0.109494	-0.037379	-0.028142
1782835181.598586	0.737441	0.029188	0.884389	0.009420	0.057528	0.051315	-0.098013	-0.037654	-0.049986
1782835181.672813	0.735513	0.023598	0.881440	0.007225	0.057096	0.057406	-0.085996	-0.039248	0.001379
1782835181.753843	0.735302	0.019981	0.881828	0.008115	0.054470	0.057791	-0.068834	-0.036724	0.022550
1782835181.854408	0.735590	0.015353	0.884605	0.005501	0.051725	0.059057	-0.045121	-0.036146	0.054485
1782835181.919065	0.736487	0.010257	0.890869	-0.000833	0.045290	0.059703	-0.054111	-0.021564	0.099433
1782835182.004030	0.737233	0.007230	0.896553	-0.009409	0.040400	0.057408	-0.053294	-0.011254	0.083419
1782835182.114118	0.737468	0.005047	0.900029	-0.011341	0.037091	0.055095	-0.053437	-0.002213	0.018377
1782835182.215797	0.736633	0.003196	0.898607	-0.000589	0.037900	0.050511	-0.070581	0.011635	-0.044158
1782835182.288678	0.734669	0.001992	0.889709	0.001325	0.042375	0.045380	-0.067275	0.016827	-0.108854
1782835182.354939	0.733332	0.001751	0.881572	0.008254	0.045021	0.042244	-0.056815	0.009933	-0.110371
1782835182.426060	0.731843	0.001563	0.874553	0.007470	0.047513	0.043357	-0.042951	0.012129	-0.076258
1782835182.498453	0.730844	0.001068	0.871188	0.010870	0.044773	0.044090	-0.029977	0.009372	-0.033927
1782835182.585499	0.730003	0.000586	0.873901	0.006452	0.039364	0.045530	-0.022608	0.015370	0.092940
1782835182.699617	0.729761	0.000436	0.885489	0.005187	0.034809	0.047679	-0.021260	0.021162	0.148061
1782835182.794546	0.728971	0.000856	0.905907	0.004445	0.033731	0.045667	-0.032596	0.031591	0.176512
1782835182.886556	0.727363	0.001212	0.919165	0.007194	0.034270	0.041348	-0.035902	0.029645	0.088060
1782835182.974044	0.724022	0.001594	0.924273	0.011421	0.037139	0.033313	-0.042902	0.020884	-0.060653
1782835183.042651	0.721345	0.001513	0.917398	0.015722	0.043071	0.026320	-0.027182	0.005818	-0.156879
1782835183.114786	0.718824	0.001375	0.904845	0.014909	0.044561	0.025775	-0.036986	0.009305	-0.220038
1782835183.191972	0.716185	0.000868	0.887456	0.011203	0.046619	0.023139	-0.031646	0.004175	-0.198295
1782835183.265654	0.713923	0.000045	0.873959	0.001891	0.044878	0.023901	-0.015944	0.007489	-0.126641
1782835183.339461	0.713193	-0.000225	0.868888	-0.002281	0.044259	0.019723	0.004326	0.012378	-0.011872
1782835183.414300	0.712818	-0.000000	0.872524	-0.006870	0.038672	0.018282	0.013510	0.021595	0.111226
1782835183.485974	0.713655	0.001207	0.885230	-0.005871	0.029541	0.018935	0.004765	0.043945	0.208199
1782835183.553104	0.713894	0.003420	0.902679	-0.004610	0.028576	0.017616	-0.010520	0.054852	0.216233
1782835183.625878	0.713731	0.005150	0.913903	0.002911	0.029514	0.016163	-0.008085	0.057301	0.125863
1782835183.696005	0.713080	0.007880	0.921613	0.012838	0.032960	0.013252	-0.021231	0.056347	0.026706
1782835183.774510	0.711819	0.010315	0.918663	0.016146	0.042519	0.009970	-0.013627	0.037038	-0.099779
1782835183.857408	0.710726	0.012069	0.905306	0.015419	0.049285	0.011328	0.012339	0.023546	-0.213749
1782835183.933996	0.709719	0.013517	0.887344	0.014926	0.049859	0.010684	0.017683	0.013590	-0.227149
1782835184.040322	0.709578	0.013881	0.872941	0.011988	0.041363	0.011173	0.028622	0.004300	-0.171054
1782835184.119401	0.710553	0.014039	0.863569	0.007679	0.025770	0.016045	0.020710	0.010483	0.006672
1782835184.193257	0.711755	0.014268	0.874198	-0.002160	0.016315	0.014696	0.015421	0.021916	0.179916
1782835184.294696	0.711426	0.015059	0.901032	-0.004466	0.016999	0.014280	-0.002210	0.029214	0.305995
1782835184.367246	0.709816	0.015830	0.920560	-0.003824	0.020416	0.013983	-0.010485	0.029615	0.234660
1782835184.442194	0.707271	0.017114	0.936841	0.005928	0.029418	0.013126	-0.022220	0.027723	0.134766
1782835184.514291	0.704191	0.018021	0.940465	0.010918	0.036616	0.016496	-0.019714	0.012745	-0.055360
1782835184.587123	0.700607	0.018788	0.930298	0.016460	0.048325	0.018878	-0.034743	0.007634	-0.243435
1782835184.660099	0.696964	0.019181	0.907987	0.017922	0.051286	0.022742	-0.016286	-0.007691	-0.341883
1782835184.735317	0.694522	0.018815	0.884941	0.016060	0.053164	0.024569	-0.002781	-0.013495	-0.331627
1782835184.820190	0.693227	0.018237	0.864311	0.010543	0.050617	0.024618	0.012616	-0.015414	-0.159437
1782835184.898012	0.693610	0.016889	0.858279	-0.000462	0.038240	0.026935	0.029257	-0.009193	0.024321
1782835184.995455	0.695500	0.016200	0.870680	-0.002214	0.027798	0.022961	0.037138	0.006770	0.237133
1782835185.091887	0.697962	0.016257	0.901744	0.002648	0.016814	0.016287	0.018520	0.016347	0.323344
1782835185.211251	0.698480	0.016308	0.930795	0.006872	0.018674	0.011015	0.003231	0.010853	0.255010
1782835185.273606	0.695643	0.016093	0.952248	0.018556	0.023056	0.005887	-0.022527	-0.009088	0.040282
1782835185.348296	0.693451	0.015125	0.950398	0.015798	0.032564	0.003728	-0.030086	-0.025362	-0.130740
1782835185.423586	0.689672	0.014084	0.933581	0.015251	0.043018	0.009261	-0.031704	-0.035052	-0.318444
1782835185.496322	0.685602	0.012359	0.906777	0.016000	0.048437	0.014150	-0.024345	-0.046959	-0.365505
1782835185.615719	0.682097	0.009875	0.878762	0.012961	0.047882	0.017712	-0.007067	-0.051017	-0.313663
1782835185.716982	0.679156	0.005575	0.856397	0.006730	0.037848	0.023630	-0.000787	-0.041903	-0.042777
1782835185.795415	0.679291	0.002010	0.868820	0.007738	0.022576	0.022888	0.012471	-0.026466	0.265579
1782835185.868122	0.679991	0.000082	0.896631	0.001246	0.018580	0.019134	-0.005256	-0.017762	0.402226
1782835185.943344	0.679514	-0.001757	0.925139	0.000831	0.018346	0.016740	-0.004412	-0.021162	0.408683
1782835186.025762	0.677789	-0.003548	0.948531	0.003077	0.019577	0.011383	-0.032163	-0.016971	0.257955
1782835186.112000	0.674773	-0.005599	0.961616	0.003135	0.031995	0.010566	-0.030537	-0.036971	0.052866
1782835186.180632	0.671100	-0.008050	0.949033	0.006424	0.049991	0.004490	-0.035467	-0.035598	-0.293105
1782835186.264674	0.668339	-0.009920	0.922130	-0.001364	0.061839	-0.002222	-0.011550	-0.039936	-0.479315
1782835186.355823	0.666049	-0.011546	0.874253	-0.000177	0.069288	-0.000250	0.018770	-0.036608	-0.540296
1782835186.424151	0.666707	-0.012805	0.834666	-0.008153	0.058630	-0.000466	0.063468	-0.023975	-0.338851
1782835186.489885	0.669376	-0.013597	0.822357	-0.007183	0.040163	0.000168	0.059086	-0.010615	-0.083986
1782835186.553070	0.674061	-0.013181	0.830534	-0.002323	0.020636	0.000065	0.092627	0.014320	0.267154
1782835186.632627	0.678912	-0.012131	0.851294	-0.003898	0.012345	-0.003435	0.073947	0.033293	0.448721
1782835186.695085	0.684509	-0.009990	0.891364	-0.006278	0.001979	-0.006208	0.049971	0.046425	0.496754
