时间(s)	位置x(m)	位置y(m)	位置z(m)	欧拉角roll(rad)	欧拉角pitch(rad)	欧拉角yaw(rad)	速度x(m/s)	速度y(m/s)	速度z(m/s)
1782835049.273672	-0.447781	0.078303	1.263760	0.021385	-0.007171	-0.018261	0.050483	-0.020518	-0.003277
1782835049.285383	-0.447290	0.077981	1.263609	0.020994	-0.006091	-0.017363	0.047480	-0.023179	-0.008417
1782835049.296632	-0.446993	0.077832	1.263434	0.017844	-0.009109	-0.017586	0.047480	-0.023179	-0.008417
1782835049.304289	-0.446788	0.077689	1.263372	0.017759	-0.008706	-0.018568	0.036907	-0.018537	-0.011986
1782835049.314270	-0.446533	0.077415	1.263080	0.020458	-0.010452	-0.015827	0.036907	-0.018537	-0.011986
1782835049.329794	-0.446214	0.077230	1.262985	0.018724	-0.010198	-0.011975	0.045048	-0.024612	0.021389
1782835049.335211	-0.446050	0.077031	1.263033	0.017617	-0.009167	-0.009508	0.045048	-0.024612	0.021389
1782835049.344666	-0.445827	0.077009	1.263143	0.017343	-0.008808	-0.007334	0.036329	-0.023862	0.021576
1782835049.354323	-0.445418	0.076841	1.263616	0.015806	-0.006404	-0.005617	0.036329	-0.023862	0.021576
1782835049.369969	-0.445205	0.076795	1.264158	0.015012	-0.005909	-0.004615	0.036329	-0.023862	0.021576
1782835049.374599	-0.444839	0.076603	1.264570	0.014344	-0.006337	-0.000253	0.044479	-0.025528	0.059709
1782835049.384907	-0.444839	0.076603	1.264570	0.014344	-0.006337	-0.000253	0.044479	-0.025528	0.059709
1782835049.394295	-0.444677	0.076360	1.265170	0.015089	-0.005801	0.002979	0.037258	-0.020509	0.072231
1782835049.404232	-0.444544	0.076378	1.266272	0.014453	-0.005948	0.005071	0.043562	-0.023806	0.109388
1782835049.415910	-0.444226	0.076069	1.267220	0.013269	-0.007053	0.005563	0.043562	-0.023806	0.109388
1782835049.423951	-0.443898	0.075957	1.268448	0.016597	-0.007003	0.010481	0.039361	-0.022580	0.117594
1782835049.433775	-0.443734	0.075721	1.269946	0.017326	-0.007141	0.011652	0.039361	-0.022580	0.117594
1782835049.445704	-0.443475	0.075449	1.271221	0.015218	-0.007494	0.016145	0.038136	-0.022357	0.139674
1782835049.454159	-0.443345	0.075181	1.272776	0.016511	-0.007800	0.017432	0.038136	-0.022357	0.139674
1782835049.463759	-0.443093	0.075031	1.274287	0.012413	-0.006086	0.019823	0.044699	-0.027473	0.146826
1782835049.473844	-0.442951	0.074824	1.276057	0.016421	-0.008383	0.023010	0.044699	-0.027473	0.146826
1782835049.484240	-0.442951	0.074824	1.276057	0.016421	-0.008383	0.023010	0.027368	-0.023301	0.146757
1782835049.494231	-0.442724	0.074682	1.277576	0.016265	-0.008472	0.024516	0.027368	-0.023301	0.146757
1782835049.503694	-0.442425	0.074582	1.279267	0.017941	-0.007935	0.026677	0.033570	-0.020582	0.141609
1782835049.514970	-0.442243	0.074086	1.280579	0.015029	-0.008199	0.032579	0.033570	-0.020582	0.141609
1782835049.523787	-0.442045	0.073986	1.282128	0.014843	-0.009473	0.033892	0.044643	-0.027839	0.126907
1782835049.533743	-0.441790	0.073903	1.283521	0.016590	-0.007937	0.036282	0.044643	-0.027839	0.126907
1782835049.545617	-0.441600	0.073519	1.284812	0.014676	-0.007842	0.038905	0.044643	-0.027839	0.126907
1782835049.554165	-0.441351	0.073547	1.285974	0.014278	-0.006950	0.040400	0.048634	-0.031482	0.095796
1782835049.563863	-0.441043	0.073219	1.287032	0.016417	-0.006895	0.042570	0.040627	-0.032900	0.082362
1782835049.574138	-0.441043	0.073219	1.287032	0.016417	-0.006895	0.042570	0.040627	-0.032900	0.082362
1782835049.585019	-0.440877	0.072869	1.287977	0.018260	-0.008993	0.046834	0.040627	-0.032900	0.082362
1782835049.593926	-0.440768	0.072741	1.288810	0.015243	-0.009834	0.049343	0.030187	-0.022717	0.072236
1782835049.606675	-0.440610	0.072601	1.289784	0.017505	-0.009319	0.049880	0.028588	-0.030175	0.058114
1782835049.614170	-0.440293	0.072380	1.290201	0.012995	-0.007703	0.053365	0.028588	-0.030175	0.058114
1782835049.624772	-0.440297	0.072084	1.290647	0.013797	-0.009600	0.056827	0.037223	-0.035000	0.039090
1782835049.633919	-0.439971	0.071741	1.290926	0.012881	-0.008633	0.059754	0.037223	-0.035000	0.039090
1782835049.643812	-0.439683	0.071746	1.291317	0.017007	-0.010341	0.062155	0.037223	-0.035000	0.039090
1782835049.654088	-0.439649	0.071484	1.291618	0.018517	-0.007543	0.063257	0.040381	-0.039884	0.016062
1782835049.665135	-0.439574	0.071265	1.291622	0.018419	-0.008347	0.068083	0.032870	-0.034994	0.007422
1782835049.673783	-0.439574	0.071265	1.291622	0.018419	-0.008347	0.068083	0.032870	-0.034994	0.007422
1782835049.684502	-0.439386	0.070957	1.291590	0.013865	-0.008554	0.070516	0.019030	-0.032843	-0.003951
1782835049.693936	-0.439255	0.070726	1.291412	0.014471	-0.008233	0.073348	0.019030	-0.032843	-0.003951
1782835049.704742	-0.438966	0.070582	1.291387	0.014564	-0.007244	0.075664	0.029165	-0.031380	0.004266
1782835049.714124	-0.438770	0.070361	1.291244	0.011471	-0.005973	0.077777	0.029165	-0.031380	0.004266
1782835049.723864	-0.438455	0.070256	1.290963	0.010952	-0.008504	0.080416	0.035950	-0.040234	0.004572
1782835049.734158	-0.438413	0.070038	1.290944	0.012059	-0.006398	0.082511	0.035950	-0.040234	0.004572
1782835049.745019	-0.438258	0.069794	1.290722	0.010996	-0.007264	0.086307	0.024153	-0.030931	-0.011722
1782835049.754688	-0.438174	0.069505	1.290589	0.011854	-0.006581	0.089771	0.024153	-0.030931	-0.011722
1782835049.765799	-0.437835	0.069270	1.290713	0.012983	-0.006245	0.092991	0.033227	-0.035069	0.005026
1782835049.773813	-0.437835	0.069270	1.290713	0.012983	-0.006245	0.092991	0.033227	-0.035069	0.005026
1782835049.783670	-0.437646	0.069100	1.290699	0.011358	-0.005331	0.095552	0.036477	-0.040335	0.010131
1782835049.793790	-0.437256	0.068941	1.290771	0.012697	-0.004600	0.096197	0.036477	-0.040335	0.010131
1782835049.807615	-0.437345	0.068738	1.290755	0.011503	-0.005153	0.099173	0.036477	-0.040335	0.010131
1782835049.814233	-0.437211	0.068605	1.290612	0.010676	-0.006530	0.102654	0.024875	-0.031196	0.008974
1782835049.825414	-0.436781	0.068301	1.290691	0.010262	-0.006281	0.104944	0.031571	-0.037472	0.024331
1782835049.833867	-0.436641	0.068157	1.290911	0.007040	-0.005181	0.108751	0.031571	-0.037472	0.024331
1782835049.844025	-0.436427	0.067800	1.290923	0.008244	-0.005106	0.112676	0.027618	-0.037315	0.023206
1782835049.854741	-0.436251	0.067737	1.291208	0.007713	-0.004531	0.114127	0.027618	-0.037315	0.023206
1782835049.864091	-0.435896	0.067503	1.291469	0.008123	-0.004615	0.116342	0.039438	-0.033237	0.020934
1782835049.873697	-0.435453	0.067396	1.291591	0.007932	-0.005775	0.119646	0.039438	-0.033237	0.020934
1782835049.884068	-0.435453	0.067396	1.291591	0.007932	-0.005775	0.119646	0.044204	-0.037746	0.019597
1782835049.893824	-0.435377	0.067118	1.291841	0.006393	-0.003772	0.121778	0.044204	-0.037746	0.019597
1782835049.905432	-0.435169	0.067067	1.291942	0.006610	-0.003730	0.123779	0.044204	-0.037746	0.019597
1782835049.914279	-0.434742	0.066849	1.292251	0.002809	-0.003197	0.128032	0.029856	-0.032133	0.042478
1782835049.923795	-0.434483	0.066695	1.292499	0.006047	-0.004599	0.131759	0.049964	-0.035671	0.023078
1782835049.934042	-0.434388	0.066611	1.292748	0.006525	-0.004442	0.135040	0.049964	-0.035671	0.023078
1782835049.943934	-0.434050	0.066515	1.293235	0.006632	-0.003631	0.136657	0.043348	-0.033628	0.028312
1782835049.953726	-0.433675	0.066501	1.293707	0.007710	-0.004374	0.139815	0.043348	-0.033628	0.028312
1782835049.965352	-0.433471	0.066271	1.293894	0.008708	-0.004786	0.142792	0.034997	-0.029865	0.034642
1782835049.973942	-0.433022	0.066226	1.294152	0.006872	-0.003344	0.145475	0.034997	-0.029865	0.034642
1782835049.984041	-0.433022	0.066226	1.294152	0.006872	-0.003344	0.145475	0.047531	-0.032648	0.038310
1782835049.993751	-0.432759	0.066170	1.294389	0.009125	-0.004779	0.147651	0.047531	-0.032648	0.038310
1782835050.003855	-0.432389	0.065977	1.294445	0.008749	-0.005647	0.151718	0.047531	-0.032648	0.038310
1782835050.015440	-0.432227	0.066019	1.294724	0.008596	-0.005483	0.155246	0.038904	-0.028059	0.027485
1782835050.024261	-0.431953	0.066025	1.295029	0.008251	-0.006217	0.157017	0.028681	-0.024738	0.038260
1782835050.033885	-0.431357	0.065882	1.295257	0.008275	-0.005047	0.159189	0.028681	-0.024738	0.038260
1782835050.044535	-0.431136	0.065902	1.295446	0.008263	-0.004200	0.161479	0.039832	-0.025166	0.041295
1782835050.054645	-0.430791	0.065962	1.295475	0.007177	-0.004285	0.164007	0.039832	-0.025166	0.041295
1782835050.063878	-0.430451	0.065780	1.295354	0.007401	-0.005460	0.166885	0.037910	-0.021995	0.017831
1782835050.074228	-0.430451	0.065780	1.295354	0.007401	-0.005460	0.166885	0.037910	-0.021995	0.017831
1782835050.083859	-0.430195	0.065760	1.295235	0.007817	-0.007428	0.169648	0.029162	-0.017374	0.007407
1782835050.093987	-0.429918	0.065843	1.295300	0.007673	-0.007069	0.172260	0.029162	-0.017374	0.007407
1782835050.103774	-0.429393	0.065756	1.295360	0.009217	-0.005817	0.173011	0.034521	-0.019162	0.007159
1782835050.113846	-0.429119	0.065776	1.294999	0.007522	-0.005829	0.175818	0.034521	-0.019162	0.007159
1782835050.124541	-0.428916	0.065959	1.294967	0.009194	-0.007583	0.177302	0.048185	-0.026679	0.001762
1782835050.133960	-0.428629	0.065852	1.294703	0.008893	-0.005518	0.179860	0.048185	-0.026679	0.001762
1782835050.144620	-0.428230	0.065753	1.294287	0.008324	-0.006264	0.184236	0.048185	-0.026679	0.001762
1782835050.153763	-0.427996	0.065872	1.294091	0.007608	-0.006769	0.186883	0.036637	-0.018475	-0.028402
1782835050.163757	-0.427704	0.066016	1.294084	0.009699	-0.006297	0.188541	0.034279	-0.014539	-0.029004
1782835050.173956	-0.427704	0.066016	1.294084	0.009699	-0.006297	0.188541	0.034279	-0.014539	-0.029004
1782835050.184672	-0.427147	0.065909	1.293658	0.011670	-0.005500	0.190031	0.048949	-0.022245	-0.017686
1782835050.193850	-0.426894	0.066165	1.293414	0.009644	-0.005816	0.191150	0.048949	-0.022245	-0.017686
1782835050.203791	-0.426618	0.066241	1.293050	0.011003	-0.006216	0.193841	0.039982	-0.019602	-0.028463
1782835050.213705	-0.426223	0.066198	1.292784	0.011426	-0.007650	0.196967	0.039982	-0.019602	-0.028463
1782835050.224305	-0.426002	0.066238	1.292554	0.011284	-0.008815	0.200431	0.025684	-0.014161	0.001840
1782835050.234419	-0.425830	0.066188	1.292467	0.012478	-0.009243	0.202589	0.025684	-0.014161	0.001840
1782835050.243751	-0.425561	0.066259	1.292441	0.012867	-0.008872	0.205058	0.047843	-0.022467	-0.006209
1782835050.253730	-0.425214	0.066355	1.292430	0.014756	-0.008253	0.207844	0.047843	-0.022467	-0.006209
1782835050.264436	-0.424968	0.066317	1.292437	0.016929	-0.008955	0.209725	0.033921	-0.014922	-0.002326
1782835050.273622	-0.424968	0.066317	1.292437	0.016929	-0.008955	0.209725	0.033921	-0.014922	-0.002326
1782835050.286121	-0.424597	0.066405	1.292391	0.014826	-0.009662	0.212714	0.040436	-0.021137	0.025479
1782835050.294318	-0.424308	0.066435	1.292511	0.016220	-0.009273	0.213820	0.040436	-0.021137	0.025479
1782835050.305387	-0.423817	0.066580	1.292600	0.014177	-0.008629	0.216373	0.034112	-0.020629	0.030689
1782835050.314072	-0.423732	0.066755	1.292727	0.011921	-0.009610	0.219561	0.034112	-0.020629	0.030689
1782835050.324009	-0.423440	0.066766	1.292941	0.012945	-0.010759	0.222008	0.028490	-0.010683	0.027838
1782835050.334898	-0.423306	0.066776	1.293509	0.015073	-0.009717	0.224081	0.028490	-0.010683	0.027838
1782835050.344732	-0.422877	0.066734	1.293867	0.014070	-0.010185	0.228150	0.028490	-0.010683	0.027838
1782835050.354351	-0.422604	0.066837	1.294226	0.013547	-0.007743	0.230149	0.043229	-0.020602	0.034439
1782835050.364117	-0.422357	0.066957	1.294820	0.014824	-0.009177	0.230914	0.033588	-0.015523	0.030290
1782835050.373836	-0.422206	0.067094	1.295208	0.013961	-0.009160	0.232809	0.033588	-0.015523	0.030290
1782835050.387498	-0.422206	0.067094	1.295208	0.013961	-0.009160	0.232809	0.033588	-0.015523	0.030290
1782835050.393839	-0.422051	0.067005	1.295616	0.016525	-0.008683	0.236381	0.042903	-0.018780	0.025659
1782835050.405594	-0.421860	0.066943	1.295904	0.016672	-0.009171	0.240302	0.042903	-0.018780	0.025659
1782835050.414636	-0.421594	0.067112	1.296205	0.014935	-0.010337	0.243599	0.042169	-0.021488	0.028476
1782835050.424692	-0.421241	0.067192	1.296511	0.014877	-0.008893	0.244976	0.035088	-0.019720	0.039421
1782835050.439200	-0.421047	0.067126	1.296894	0.014153	-0.007156	0.246911	0.035088	-0.019720	0.039421
1782835050.446923	-0.421047	0.067126	1.296894	0.014153	-0.007156	0.246911	0.029978	-0.017508	0.026194
1782835050.454149	-0.420672	0.067234	1.297511	0.018755	-0.007891	0.251269	0.029978	-0.017508	0.026194
1782835050.464088	-0.420457	0.067255	1.297725	0.018384	-0.009897	0.255051	0.027789	-0.012818	0.017710
1782835050.474202	-0.420230	0.067301	1.298061	0.017777	-0.011524	0.259373	0.027789	-0.012818	0.017710
1782835050.484153	-0.420230	0.067301	1.298061	0.017777	-0.011524	0.259373	0.021424	-0.020119	0.034108
1782835050.495327	-0.420050	0.067297	1.298252	0.018383	-0.010395	0.260991	0.021424	-0.020119	0.034108
1782835050.504784	-0.419833	0.067413	1.298594	0.015374	-0.009158	0.262748	0.033748	-0.019641	0.000914
1782835050.514264	-0.419588	0.067358	1.298682	0.016469	-0.007710	0.265262	0.033748	-0.019641	0.000914
1782835050.525092	-0.419552	0.067337	1.298808	0.014160	-0.007746	0.266415	0.025099	-0.016198	0.024616
1782835050.533963	-0.419162	0.067462	1.298657	0.013087	-0.006902	0.269233	0.025099	-0.016198	0.024616
1782835050.544599	-0.418947	0.067444	1.298545	0.012901	-0.007908	0.273414	0.022894	-0.019281	0.014216
1782835050.553869	-0.418850	0.067517	1.298449	0.013485	-0.007791	0.275288	0.022894	-0.019281	0.014216
1782835050.565595	-0.418620	0.067727	1.298585	0.014251	-0.008243	0.276988	0.014347	-0.015264	-0.000349
1782835050.573730	-0.418366	0.067856	1.298566	0.014691	-0.006595	0.277975	0.014347	-0.015264	-0.000349
1782835050.584495	-0.418366	0.067856	1.298566	0.014691	-0.006595	0.277975	0.014347	-0.015264	-0.000349
1782835050.593674	-0.418228	0.067706	1.298278	0.014040	-0.007233	0.281677	0.021103	-0.010982	-0.005885
1782835050.603640	-0.418038	0.067628	1.298031	0.014071	-0.008264	0.284103	0.021103	-0.010982	-0.005885
1782835050.614377	-0.417718	0.067574	1.297865	0.012521	-0.006986	0.285861	0.021065	-0.016949	-0.004049
1782835050.623672	-0.417529	0.067683	1.297550	0.014959	-0.006655	0.288426	0.022038	-0.018565	-0.023786
1782835050.633891	-0.417361	0.067858	1.297406	0.015380	-0.006195	0.289446	0.022038	-0.018565	-0.023786
1782835050.643664	-0.417182	0.067856	1.297247	0.015431	-0.007105	0.290883	0.030168	-0.016474	-0.022527
1782835050.653646	-0.416814	0.067698	1.296992	0.016140	-0.008003	0.294129	0.030168	-0.016474	-0.022527
1782835050.664946	-0.416743	0.067731	1.296853	0.014473	-0.006685	0.297369	0.016085	-0.016843	0.009304
1782835050.673707	-0.416573	0.067803	1.296556	0.013504	-0.007176	0.299403	0.016085	-0.016843	0.009304
1782835050.684177	-0.416573	0.067803	1.296556	0.013504	-0.007176	0.299403	0.022246	-0.018534	-0.001490
1782835050.693606	-0.416411	0.067763	1.296345	0.012639	-0.007459	0.302462	0.022246	-0.018534	-0.001490
1782835050.704664	-0.416230	0.067862	1.296340	0.013732	-0.007685	0.303278	0.012062	-0.016826	-0.001053
1782835050.715368	-0.415973	0.067812	1.296205	0.012383	-0.007955	0.305920	0.012062	-0.016826	-0.001053
1782835050.723969	-0.415671	0.067877	1.296047	0.015917	-0.007798	0.307949	0.035480	-0.020174	-0.019360
1782835050.733671	-0.415474	0.067936	1.295940	0.014226	-0.006379	0.310096	0.035480	-0.020174	-0.019360
1782835050.743698	-0.415317	0.067963	1.295745	0.016013	-0.006278	0.313043	0.035480	-0.020174	-0.019360
1782835050.753637	-0.415109	0.067994	1.295743	0.015460	-0.006605	0.314536	0.028810	-0.017084	-0.002667
1782835050.764096	-0.414810	0.068101	1.295760	0.014388	-0.005433	0.315493	0.016404	-0.011181	-0.002458
1782835050.774411	-0.414810	0.068101	1.295760	0.014388	-0.005433	0.315493	0.016404	-0.011181	-0.002458
1782835050.783843	-0.414635	0.068062	1.295548	0.014796	-0.007261	0.318891	0.016404	-0.011181	-0.002458
1782835050.793866	-0.414455	0.068025	1.295669	0.011663	-0.006406	0.321624	0.031706	-0.018642	0.016572
1782835050.804221	-0.414306	0.068073	1.295834	0.014381	-0.006167	0.322531	0.032529	-0.017246	0.003245
1782835050.813902	-0.413949	0.068034	1.295864	0.014559	-0.005706	0.325265	0.032529	-0.017246	0.003245
1782835050.824352	-0.413689	0.067951	1.295918	0.015045	-0.006378	0.327137	0.018962	-0.011725	0.009589
1782835050.834172	-0.413581	0.068100	1.296318	0.015037	-0.007896	0.328996	0.018962	-0.011725	0.009589
1782835050.843837	-0.413348	0.068162	1.296371	0.012757	-0.007762	0.331072	0.018962	-0.011725	0.009589
1782835050.855311	-0.413122	0.068104	1.296514	0.012256	-0.007887	0.332572	0.033029	-0.021459	0.026454
1782835050.864636	-0.412913	0.067867	1.296511	0.012959	-0.008957	0.335733	0.028856	-0.017754	0.007233
1782835050.875914	-0.412913	0.067867	1.296511	0.012959	-0.008957	0.335733	0.028856	-0.017754	0.007233
1782835050.885020	-0.412663	0.067931	1.296708	0.013199	-0.008918	0.337809	0.028856	-0.017754	0.007233
1782835050.893888	-0.412336	0.067754	1.296906	0.014530	-0.008138	0.338265	0.015463	-0.013159	0.003776
1782835050.903903	-0.412118	0.067802	1.296919	0.013214	-0.008866	0.339951	0.029543	-0.021512	0.023126
1782835050.913956	-0.411847	0.067808	1.296980	0.015011	-0.010309	0.341403	0.029543	-0.021512	0.023126
1782835050.926689	-0.411565	0.067869	1.297200	0.016514	-0.011663	0.343021	0.029978	-0.020847	0.006528
1782835050.934043	-0.411339	0.067804	1.297246	0.015954	-0.011706	0.345039	0.029978	-0.020847	0.006528
1782835050.945523	-0.411150	0.067869	1.297406	0.019030	-0.013247	0.347521	0.015777	-0.012741	-0.007264
1782835050.953982	-0.410881	0.067833	1.297420	0.019785	-0.013202	0.348105	0.015777	-0.012741	-0.007264
1782835050.964138	-0.410678	0.067950	1.297514	0.018826	-0.013404	0.349968	0.032395	-0.021975	0.003290
1782835050.973897	-0.410471	0.067992	1.297602	0.018057	-0.013748	0.351100	0.032395	-0.021975	0.003290
1782835050.984785	-0.410471	0.067992	1.297602	0.018057	-0.013748	0.351100	0.032395	-0.021975	0.003290
1782835050.993888	-0.410216	0.067959	1.297464	0.016338	-0.015062	0.352403	0.017500	-0.010051	-0.023340
1782835051.003877	-0.409986	0.067880	1.297279	0.015784	-0.014674	0.355445	0.017500	-0.010051	-0.023340
1782835051.014377	-0.409907	0.067826	1.297147	0.016169	-0.013759	0.356501	0.009464	-0.013514	-0.012719
1782835051.025713	-0.409604	0.067811	1.297087	0.018427	-0.015000	0.358260	0.033505	-0.025607	-0.007098
1782835051.033744	-0.409318	0.067738	1.297035	0.017714	-0.015243	0.360702	0.033505	-0.025607	-0.007098
1782835051.043622	-0.409121	0.067689	1.296899	0.016589	-0.014063	0.361789	0.033505	-0.025607	-0.007098
1782835051.053671	-0.408868	0.067690	1.296779	0.016081	-0.015793	0.362017	0.019172	-0.016508	-0.025884
1782835051.064744	-0.408769	0.067629	1.296796	0.014891	-0.015056	0.363903	0.006664	-0.017137	-0.008658
1782835051.074649	-0.408769	0.067629	1.296796	0.014891	-0.015056	0.363903	0.006664	-0.017137	-0.008658
1782835051.084597	-0.408621	0.067542	1.296655	0.013539	-0.015134	0.365392	0.030442	-0.028259	0.006475
1782835051.093825	-0.408311	0.067362	1.296417	0.014841	-0.016380	0.367353	0.030442	-0.028259	0.006475
1782835051.103674	-0.408189	0.067354	1.296620	0.016608	-0.015586	0.368697	0.010061	-0.018069	-0.011092
1782835051.113699	-0.407999	0.067243	1.296730	0.019449	-0.014013	0.370290	0.010061	-0.018069	-0.011092
1782835051.125155	-0.407793	0.067146	1.296587	0.021158	-0.013221	0.372893	0.007225	-0.014733	-0.007518
1782835051.134068	-0.407684	0.067229	1.296686	0.022582	-0.013492	0.373010	0.007225	-0.014733	-0.007518
1782835051.144276	-0.407587	0.067112	1.296701	0.020712	-0.013317	0.374425	0.015038	-0.021893	0.024671
1782835051.153681	-0.407428	0.067067	1.296769	0.016203	-0.013926	0.378000	0.015038	-0.021893	0.024671
1782835051.163894	-0.407428	0.067067	1.296769	0.016203	-0.013926	0.378000	0.017825	-0.024295	0.020963
1782835051.173660	-0.407397	0.067109	1.296970	0.017562	-0.013059	0.379129	0.017825	-0.024295	0.020963
1782835051.184075	-0.407165	0.066846	1.297145	0.016120	-0.012934	0.381429	0.017825	-0.024295	0.020963
1782835051.193774	-0.406774	0.066746	1.297248	0.014903	-0.011580	0.382174	0.002391	-0.015812	0.011292
1782835051.203675	-0.406590	0.066648	1.297433	0.016507	-0.010758	0.383208	0.002391	-0.015812	0.011292
1782835051.214116	-0.406598	0.066647	1.297525	0.016684	-0.010602	0.385070	0.008829	-0.023376	0.027527
1782835051.224150	-0.406459	0.066575	1.297861	0.014541	-0.010778	0.385879	0.017427	-0.027813	0.021299
1782835051.234529	-0.406266	0.066358	1.297974	0.013830	-0.011284	0.388005	0.017427	-0.027813	0.021299
1782835051.243739	-0.406186	0.066090	1.297949	0.012003	-0.011889	0.390979	0.002112	-0.015058	-0.003938
1782835051.253738	-0.406186	0.066090	1.297949	0.012003	-0.011889	0.390979	0.002112	-0.015058	-0.003938
1782835051.264232	-0.405694	0.066043	1.298338	0.014645	-0.010399	0.391572	0.003712	-0.020293	0.003284
1782835051.273657	-0.405694	0.066043	1.298338	0.014645	-0.010399	0.391572	0.003712	-0.020293	0.003284
1782835051.284091	-0.405574	0.065929	1.298308	0.013454	-0.010598	0.393337	0.003712	-0.020293	0.003284
1782835051.294094	-0.405513	0.065835	1.298247	0.014004	-0.011291	0.394784	0.019066	-0.030626	0.008737
1782835051.303803	-0.405368	0.065762	1.298067	0.014294	-0.012156	0.395671	0.011958	-0.023039	-0.014273
1782835051.313698	-0.405307	0.065534	1.297965	0.013867	-0.011880	0.398206	0.011958	-0.023039	-0.014273
1782835051.323775	-0.405096	0.065383	1.298095	0.014575	-0.010447	0.399823	0.000712	-0.018825	-0.018327
1782835051.333777	-0.404987	0.065356	1.297976	0.016135	-0.011100	0.400609	0.000712	-0.018825	-0.018327
1782835051.344253	-0.404846	0.065303	1.297955	0.015154	-0.009917	0.401793	0.000712	-0.018825	-0.018327
1782835051.353591	-0.404801	0.065165	1.297725	0.013261	-0.011169	0.401887	0.014168	-0.025587	0.000034
1782835051.364276	-0.404801	0.065165	1.297725	0.013261	-0.011169	0.401887	0.017057	-0.026173	-0.012759
1782835051.373698	-0.404670	0.065083	1.297674	0.013026	-0.011440	0.403048	0.017057	-0.026173	-0.012759
1782835051.383727	-0.404517	0.064848	1.297631	0.013582	-0.011417	0.405216	0.017057	-0.026173	-0.012759
1782835051.394068	-0.404315	0.064662	1.297496	0.012864	-0.009150	0.407979	0.005026	-0.018351	-0.025867
1782835051.403814	-0.404109	0.064579	1.297337	0.016996	-0.008317	0.409259	0.005026	-0.018351	-0.025867
1782835051.413651	-0.403895	0.064466	1.297268	0.015202	-0.007207	0.409365	0.012509	-0.027731	-0.001921
1782835051.423757	-0.403840	0.064287	1.297219	0.015890	-0.008464	0.411167	0.017556	-0.030376	-0.001916
1782835051.433748	-0.403752	0.064240	1.297068	0.015434	-0.010735	0.412544	0.017556	-0.030376	-0.001916
1782835051.444108	-0.403539	0.064030	1.297060	0.016380	-0.009480	0.413271	0.017556	-0.030376	-0.001916
1782835051.453714	-0.403384	0.063749	1.297030	0.015877	-0.009639	0.413939	0.001935	-0.022124	-0.012885
1782835051.463897	-0.403384	0.063749	1.297030	0.015877	-0.009639	0.413939	0.012365	-0.030880	0.014571
1782835051.473790	-0.403099	0.063673	1.297114	0.014939	-0.009484	0.417172	0.012365	-0.030880	0.014571
1782835051.483709	-0.403118	0.063634	1.297189	0.015946	-0.009713	0.417696	0.012365	-0.030880	0.014571
1782835051.494339	-0.402976	0.063520	1.297282	0.015531	-0.010282	0.417231	0.011185	-0.030769	0.012728
1782835051.504188	-0.402801	0.063388	1.297252	0.015884	-0.011105	0.419071	0.011185	-0.030769	0.012728
1782835051.514138	-0.402661	0.063212	1.297238	0.016132	-0.012515	0.421566	-0.003205	-0.023905	0.010202
1782835051.525885	-0.402661	0.063212	1.297238	0.016132	-0.012515	0.421566	0.006187	-0.032923	0.025342
1782835051.534064	-0.402439	0.062698	1.297333	0.016054	-0.012778	0.423341	0.006187	-0.032923	0.025342
1782835051.544454	-0.402242	0.062572	1.297513	0.015340	-0.011354	0.423609	0.006187	-0.032923	0.025342
1782835051.554583	-0.402242	0.062572	1.297513	0.015340	-0.011354	0.423609	0.013095	-0.035277	0.021514
1782835051.564311	-0.402242	0.062572	1.297513	0.015340	-0.011354	0.423609	-0.004679	-0.028323	-0.002506
1782835051.574244	-0.402242	0.062572	1.297513	0.015340	-0.011354	0.423609	-0.004679	-0.028323	-0.002506
1782835051.585164	-0.401892	0.061903	1.297535	0.014023	-0.010972	0.427797	-0.004679	-0.028323	-0.002506
1782835051.594502	-0.401856	0.061699	1.297408	0.013440	-0.012349	0.428539	-0.003486	-0.025525	0.008852
1782835051.604535	-0.401790	0.061362	1.297374	0.013018	-0.010594	0.430453	-0.003486	-0.025525	0.008852
1782835051.614517	-0.401555	0.061138	1.297272	0.011592	-0.009061	0.430289	0.011281	-0.039067	0.011427
1782835051.624172	-0.401486	0.061136	1.297164	0.014413	-0.009677	0.432123	0.001824	-0.029659	-0.012602
1782835051.633811	-0.401359	0.060893	1.296949	0.012886	-0.009465	0.432748	0.001824	-0.029659	-0.012602
1782835051.643672	-0.401240	0.060576	1.296752	0.013727	-0.010706	0.434918	0.001824	-0.029659	-0.012602
1782835051.654236	-0.401252	0.060382	1.296578	0.013525	-0.010582	0.436655	-0.005045	-0.031112	-0.016095
1782835051.664688	-0.401252	0.060382	1.296578	0.013525	-0.010582	0.436655	0.007914	-0.035580	0.001293
1782835051.673698	-0.401017	0.059914	1.296335	0.020646	-0.010995	0.438297	0.007914	-0.035580	0.001293
1782835051.683700	-0.401017	0.059914	1.296335	0.020646	-0.010995	0.438297	0.007914	-0.035580	0.001293
1782835051.693790	-0.400891	0.059620	1.295992	0.021672	-0.012253	0.440454	0.011974	-0.039285	-0.019111
1782835051.705225	-0.400740	0.059393	1.295791	0.020076	-0.012212	0.441365	0.011974	-0.039285	-0.019111
1782835051.714213	-0.400683	0.059125	1.295635	0.021365	-0.013306	0.441710	-0.004243	-0.033383	-0.021139
1782835051.723688	-0.400539	0.058893	1.295624	0.020460	-0.013176	0.443907	0.005701	-0.038813	0.001582
1782835051.733734	-0.400539	0.058893	1.295624	0.020460	-0.013176	0.443907	0.005701	-0.038813	0.001582
1782835051.746781	-0.400439	0.058665	1.295596	0.019649	-0.013394	0.445717	0.005701	-0.038813	0.001582
1782835051.754333	-0.400393	0.058205	1.295439	0.019127	-0.013358	0.446015	0.007099	-0.039860	-0.009698
1782835051.764320	-0.400393	0.058205	1.295439	0.019127	-0.013358	0.446015	0.007099	-0.039860	-0.009698
1782835051.774904	-0.400313	0.057420	1.295445	0.017242	-0.012381	0.449405	-0.007411	-0.036360	0.003110
1782835051.785639	-0.400313	0.057420	1.295445	0.017242	-0.012381	0.449405	-0.007411	-0.036360	0.003110
1782835051.799773	-0.400151	0.057197	1.295424	0.014067	-0.012733	0.451009	0.001119	-0.040465	0.015914
1782835051.812321	-0.400030	0.056821	1.295425	0.014768	-0.013267	0.453061	0.001119	-0.040465	0.015914
1782835051.832274	-0.399893	0.055896	1.295858	0.013853	-0.010460	0.455373	-0.014762	-0.037155	0.022228
1782835051.838700	-0.399893	0.055896	1.295858	0.013853	-0.010460	0.455373	-0.014762	-0.037155	0.022228
1782835051.843709	-0.399959	0.055672	1.295960	0.015250	-0.011235	0.457047	-0.014762	-0.037155	0.022228
1782835051.850165	-0.399959	0.055672	1.295960	0.015250	-0.011235	0.457047	-0.004573	-0.040200	0.016960
1782835051.853605	-0.399832	0.055322	1.296010	0.015361	-0.013743	0.458509	-0.004573	-0.040200	0.016960
1782835051.863969	-0.399832	0.055322	1.296010	0.015361	-0.013743	0.458509	-0.000805	-0.040959	0.011396
1782835051.874462	-0.399866	0.055001	1.296090	0.015011	-0.012096	0.460612	-0.000805	-0.040959	0.011396
1782835051.884192	-0.399764	0.054594	1.296141	0.016340	-0.012542	0.463319	-0.000805	-0.040959	0.011396
1782835051.894531	-0.399728	0.054249	1.296058	0.013298	-0.011161	0.466231	-0.008406	-0.037848	0.008365
1782835051.905341	-0.399711	0.054086	1.296327	0.013773	-0.008529	0.466220	-0.008406	-0.037848	0.008365
1782835051.914158	-0.399687	0.053799	1.296346	0.013678	-0.008977	0.465858	-0.003058	-0.034861	-0.002329
1782835051.927465	-0.399651	0.053611	1.296440	0.012549	-0.008707	0.467942	0.007226	-0.041700	-0.001798
1782835051.933978	-0.399620	0.053305	1.296512	0.011333	-0.008251	0.469293	0.007226	-0.041700	-0.001798
1782835051.946294	-0.399643	0.052994	1.296510	0.008284	-0.008624	0.470687	0.007226	-0.041700	-0.001798
1782835051.956372	-0.399498	0.052677	1.296577	0.006986	-0.007863	0.473204	0.002624	-0.040855	-0.007320
1782835051.963839	-0.399569	0.052429	1.296602	0.010229	-0.007573	0.473193	0.002624	-0.040855	-0.007320
1782835051.973893	-0.399569	0.052429	1.296602	0.010229	-0.007573	0.473193	-0.005494	-0.031549	-0.013560
1782835051.985047	-0.399473	0.052134	1.296789	0.010298	-0.007213	0.474982	0.003906	-0.039652	0.004807
1782835051.994565	-0.399428	0.051920	1.297098	0.011339	-0.007421	0.476388	0.003906	-0.039652	0.004807
1782835052.003954	-0.399492	0.051650	1.297086	0.008397	-0.008734	0.477692	0.002110	-0.039978	0.003189
1782835052.013989	-0.399607	0.051322	1.297182	0.006043	-0.009671	0.479017	0.002110	-0.039978	0.003189
1782835052.025301	-0.399697	0.051025	1.297343	0.008262	-0.010249	0.479571	-0.011729	-0.031583	-0.003042
1782835052.033895	-0.399630	0.050851	1.297524	0.008875	-0.009172	0.481306	-0.011729	-0.031583	-0.003042
1782835052.043936	-0.399679	0.050642	1.297606	0.005518	-0.008563	0.482769	-0.011729	-0.031583	-0.003042
1782835052.054047	-0.399735	0.050532	1.297927	0.010846	-0.009163	0.481591	-0.002166	-0.036308	0.021645
1782835052.063908	-0.399781	0.050352	1.298055	0.010105	-0.008336	0.482935	-0.003836	-0.033578	0.014560
1782835052.073833	-0.399781	0.050352	1.298055	0.010105	-0.008336	0.482935	-0.003836	-0.033578	0.014560
1782835052.086384	-0.399712	0.049892	1.298195	0.005234	-0.007832	0.485744	-0.018089	-0.027815	0.012842
1782835052.095210	-0.399687	0.049620	1.298268	0.005801	-0.008089	0.486868	-0.018089	-0.027815	0.012842
1782835052.109171	-0.399663	0.049289	1.298423	0.007855	-0.008753	0.487160	-0.009978	-0.029134	0.029053
1782835052.114149	-0.399653	0.049098	1.298530	0.009992	-0.009247	0.488701	-0.009978	-0.029134	0.029053
1782835052.124248	-0.399595	0.048975	1.298612	0.007911	-0.008273	0.489097	-0.003165	-0.032047	0.016544
1782835052.133836	-0.399559	0.048856	1.298657	0.009817	-0.008948	0.489555	-0.003165	-0.032047	0.016544
1782835052.143869	-0.399545	0.048687	1.298730	0.011468	-0.009488	0.490452	-0.018646	-0.022113	-0.003335
1782835052.154292	-0.399551	0.048376	1.298732	0.012239	-0.009937	0.491543	-0.018646	-0.022113	-0.003335
1782835052.164729	-0.399551	0.048376	1.298732	0.012239	-0.009937	0.491543	-0.013869	-0.026860	0.008172
1782835052.173913	-0.399596	0.048283	1.298648	0.011900	-0.009249	0.492085	-0.013869	-0.026860	0.008172
1782835052.183808	-0.399499	0.048215	1.298743	0.012756	-0.009074	0.491675	-0.013869	-0.026860	0.008172
1782835052.193878	-0.399568	0.047957	1.298699	0.010619	-0.006625	0.491791	0.003269	-0.027394	0.003952
1782835052.205263	-0.399590	0.047860	1.298428	0.010424	-0.008087	0.494381	0.003269	-0.027394	0.003952
1782835052.214339	-0.399633	0.047585	1.298470	0.011755	-0.007635	0.493765	-0.003649	-0.024810	-0.014927
1782835052.224100	-0.399584	0.047374	1.298174	0.010187	-0.007714	0.496247	-0.010464	-0.024708	-0.020967
1782835052.234299	-0.399693	0.047312	1.297994	0.009932	-0.007817	0.496791	-0.010464	-0.024708	-0.020967
1782835052.244104	-0.399623	0.047121	1.298099	0.011500	-0.007424	0.496664	-0.010464	-0.024708	-0.020967
1782835052.255071	-0.399619	0.047062	1.297849	0.013507	-0.008000	0.498155	0.004760	-0.024449	-0.025120
1782835052.270896	-0.399539	0.046940	1.297543	0.012469	-0.008017	0.498310	0.009447	-0.029520	-0.033522
1782835052.276321	-0.399620	0.046689	1.297320	0.014360	-0.009091	0.499257	0.009447	-0.029520	-0.033522
1782835052.285919	-0.399620	0.046689	1.297320	0.014360	-0.009091	0.499257	0.009447	-0.029520	-0.033522
1782835052.294807	-0.399645	0.046502	1.297042	0.011632	-0.008128	0.501756	0.003024	-0.026747	-0.023657
1782835052.306080	-0.399542	0.046300	1.297023	0.010565	-0.006328	0.502865	0.003024	-0.026747	-0.023657
1782835052.313759	-0.399517	0.046242	1.296700	0.009703	-0.006898	0.502656	-0.004289	-0.018703	-0.023174
1782835052.327313	-0.399579	0.046435	1.296718	0.010651	-0.007918	0.502935	0.007622	-0.027922	0.002815
1782835052.335394	-0.399569	0.046221	1.296804	0.011384	-0.006568	0.504173	0.007622	-0.027922	0.002815
1782835052.345222	-0.399611	0.046061	1.296757	0.009775	-0.006580	0.505651	0.007622	-0.027922	0.002815
1782835052.353808	-0.399538	0.045988	1.296553	0.008804	-0.008523	0.507614	-0.001276	-0.025427	0.000771
1782835052.364988	-0.399696	0.045915	1.296939	0.013823	-0.009149	0.507688	-0.001276	-0.025427	0.000771
1782835052.374228	-0.399619	0.045808	1.297073	0.014026	-0.008464	0.508635	-0.007375	-0.017834	0.009880
1782835052.383907	-0.399619	0.045808	1.297073	0.014026	-0.008464	0.508635	-0.007375	-0.017834	0.009880
1782835052.395074	-0.399515	0.045731	1.297323	0.014425	-0.007526	0.511123	0.009862	-0.026770	0.027408
1782835052.403646	-0.399410	0.045768	1.297605	0.015503	-0.008657	0.510914	0.009862	-0.026770	0.027408
1782835052.413817	-0.399403	0.045647	1.297692	0.011907	-0.007342	0.510420	-0.000895	-0.017131	0.005493
1782835052.423657	-0.399280	0.045701	1.297871	0.013767	-0.009044	0.511743	0.004147	-0.020238	0.013307
1782835052.433898	-0.399184	0.045576	1.297962	0.013864	-0.009802	0.513303	0.004147	-0.020238	0.013307
1782835052.444070	-0.399103	0.045578	1.298157	0.011302	-0.009482	0.515182	0.004147	-0.020238	0.013307
1782835052.453677	-0.399103	0.045578	1.298157	0.011302	-0.009482	0.515182	0.016713	-0.021391	0.018559
1782835052.463879	-0.399040	0.045596	1.298398	0.011547	-0.009642	0.517026	0.008346	-0.019889	0.003992
1782835052.474175	-0.398880	0.045499	1.298894	0.010970	-0.005013	0.516608	0.008346	-0.019889	0.003992
1782835052.483853	-0.398887	0.045513	1.298896	0.010671	-0.006746	0.517850	0.008346	-0.019889	0.003992
1782835052.499813	-0.398856	0.045559	1.299006	0.008578	-0.007022	0.518240	-0.002016	-0.014702	0.005133
1782835052.503979	-0.398779	0.045350	1.299008	0.008156	-0.007365	0.519493	0.004255	-0.016971	0.013155
1782835052.514208	-0.398733	0.045329	1.299028	0.007636	-0.007739	0.520846	0.004255	-0.016971	0.013155
1782835052.524185	-0.398657	0.045441	1.299147	0.011036	-0.008955	0.521349	0.010216	-0.020280	0.014208
1782835052.534283	-0.398596	0.045492	1.299361	0.011257	-0.008099	0.521013	0.010216	-0.020280	0.014208
1782835052.544313	-0.398573	0.045636	1.299187	0.011150	-0.007614	0.523190	0.000675	-0.018551	0.019706
1782835052.553943	-0.398610	0.045530	1.299123	0.012422	-0.009297	0.524407	0.000675	-0.018551	0.019706
1782835052.565164	-0.398610	0.045530	1.299123	0.012422	-0.009297	0.524407	-0.006993	-0.010187	0.009228
1782835052.574569	-0.398305	0.045592	1.299104	0.011642	-0.008874	0.526302	-0.006993	-0.010187	0.009228
1782835052.585148	-0.398305	0.045592	1.299104	0.011642	-0.008874	0.526302	-0.006993	-0.010187	0.009228
1782835052.595060	-0.398284	0.045737	1.299106	0.011962	-0.008072	0.527084	-0.005872	-0.007790	0.004732
1782835052.607406	-0.398291	0.045837	1.298932	0.011624	-0.008252	0.526821	0.007126	-0.017435	0.015148
1782835052.613790	-0.398223	0.045939	1.298750	0.011892	-0.007323	0.527373	0.007126	-0.017435	0.015148
1782835052.625537	-0.398168	0.045999	1.298565	0.012310	-0.007784	0.529375	0.008067	-0.011967	-0.016549
1782835052.637520	-0.398094	0.046122	1.298325	0.011962	-0.006927	0.530714	0.008067	-0.011967	-0.016549
1782835052.644644	-0.397949	0.046148	1.298235	0.011358	-0.005098	0.529940	0.008067	-0.011967	-0.016549
1782835052.654266	-0.397949	0.046148	1.298235	0.011358	-0.005098	0.529940	-0.002313	-0.005953	-0.033932
1782835052.665941	-0.397803	0.046188	1.297809	0.010884	-0.005377	0.530346	0.009273	-0.011260	-0.013429
1782835052.674752	-0.397714	0.046407	1.296995	0.010246	-0.008194	0.531689	0.009273	-0.011260	-0.013429
1782835052.684429	-0.397714	0.046407	1.296995	0.010246	-0.008194	0.531689	0.010448	-0.011917	-0.017168
1782835052.694697	-0.397613	0.046429	1.296736	0.010884	-0.007991	0.531872	0.010448	-0.011917	-0.017168
1782835052.704711	-0.397391	0.046465	1.296402	0.010032	-0.006833	0.532886	0.010448	-0.011917	-0.017168
1782835052.725354	-0.397479	0.046549	1.296270	0.012175	-0.007141	0.531973	-0.000735	-0.000938	-0.033110
1782835052.733967	-0.397335	0.046586	1.296055	0.012066	-0.006930	0.531836	-0.000735	-0.000938	-0.033110
1782835052.738521	-0.397210	0.046694	1.295744	0.011454	-0.008320	0.533644	0.002036	-0.008066	-0.027295
1782835052.744472	-0.397284	0.046750	1.295505	0.013260	-0.008752	0.533494	0.014990	-0.005438	-0.015665
1782835052.753944	-0.397102	0.046907	1.295316	0.014243	-0.009646	0.534321	0.014990	-0.005438	-0.015665
1782835052.764080	-0.397031	0.047034	1.295456	0.013415	-0.008361	0.534634	0.018887	-0.012266	-0.016193
1782835052.774008	-0.396841	0.047121	1.295414	0.017156	-0.007340	0.535567	0.018887	-0.012266	-0.016193
1782835052.783975	-0.396841	0.047121	1.295414	0.017156	-0.007340	0.535567	0.003952	-0.004221	0.009361
1782835052.820896	-0.396681	0.047545	1.295558	0.015671	-0.007960	0.537180	0.013321	-0.006433	0.002309
1782835052.826241	-0.396512	0.047596	1.295360	0.014446	-0.010066	0.539138	0.001442	-0.005963	0.019830
1782835052.836681	-0.396531	0.047666	1.295576	0.014587	-0.010862	0.541226	0.001442	-0.005963	0.019830
1782835052.845517	-0.396419	0.047841	1.296066	0.015925	-0.008222	0.540305	0.004255	-0.005015	0.012017
1782835052.854111	-0.396314	0.047993	1.296337	0.019634	-0.009092	0.540400	0.004255	-0.005015	0.012017
1782835052.864750	-0.396140	0.048098	1.296684	0.019891	-0.010777	0.541702	0.019953	-0.011358	0.039597
1782835052.875258	-0.396140	0.048098	1.296684	0.019891	-0.010777	0.541702	0.019953	-0.011358	0.039597
1782835052.885265	-0.396141	0.048103	1.296947	0.018668	-0.009696	0.540872	0.007368	-0.004775	0.020027
1782835052.893999	-0.396036	0.048158	1.297249	0.021774	-0.012091	0.541382	0.007368	-0.004775	0.020027
1782835052.904923	-0.395871	0.048281	1.297458	0.020014	-0.011485	0.544236	0.011350	-0.008953	0.015923
1782835052.914103	-0.395741	0.048267	1.298048	0.018364	-0.008356	0.545165	0.011350	-0.008953	0.015923
1782835052.924679	-0.395655	0.048299	1.298168	0.018994	-0.007729	0.545067	0.003878	-0.009142	0.013853
1782835052.934653	-0.395456	0.048519	1.298507	0.017945	-0.006788	0.546209	0.003878	-0.009142	0.013853
1782835052.945362	-0.395302	0.048663	1.298664	0.016058	-0.006756	0.546822	0.015489	-0.010757	0.019576
1782835052.953980	-0.395266	0.048575	1.298696	0.015351	-0.008177	0.548010	0.015489	-0.010757	0.019576
1782835052.965261	-0.395266	0.048575	1.298696	0.015351	-0.008177	0.548010	0.022920	-0.018687	0.009812
1782835052.973887	-0.394945	0.048812	1.298903	0.017114	-0.007251	0.548837	0.022920	-0.018687	0.009812
1782835052.987161	-0.394929	0.048839	1.299198	0.017495	-0.007598	0.548681	0.017290	-0.016850	0.001602
1782835052.993959	-0.394847	0.048968	1.299250	0.017240	-0.007490	0.549278	0.017290	-0.016850	0.001602
1782835053.004187	-0.394761	0.049101	1.299388	0.018435	-0.009380	0.550035	0.013104	-0.016078	0.000155
1782835053.013987	-0.394549	0.048948	1.299357	0.019596	-0.009342	0.551141	0.013104	-0.016078	0.000155
1782835053.024038	-0.394549	0.048948	1.299357	0.019596	-0.009342	0.551141	0.006321	-0.013383	-0.013217
1782835053.034453	-0.394336	0.049096	1.299382	0.020958	-0.008901	0.551600	0.006321	-0.013383	-0.013217
1782835053.045478	-0.394112	0.049193	1.299297	0.024073	-0.010231	0.552021	0.020844	-0.021157	0.010381
1782835053.053941	-0.394112	0.049193	1.299297	0.024073	-0.010231	0.552021	0.020844	-0.021157	0.010381
1782835053.065771	-0.394017	0.049161	1.299087	0.020955	-0.010452	0.553347	0.018950	-0.022960	-0.001929
1782835053.073858	-0.393820	0.049065	1.299047	0.021888	-0.009946	0.553928	0.018950	-0.022960	-0.001929
1782835053.085962	-0.393820	0.049065	1.299047	0.021888	-0.009946	0.553928	0.010813	-0.017443	-0.017513
1782835053.093857	-0.393239	0.049077	1.298844	0.021318	-0.007545	0.555518	0.010813	-0.017443	-0.017513
1782835053.105058	-0.393239	0.049077	1.298844	0.021318	-0.007545	0.555518	0.007366	-0.022380	0.002403
1782835053.114024	-0.393239	0.049077	1.298844	0.021318	-0.007545	0.555518	0.007366	-0.022380	0.002403
1782835053.123898	-0.393239	0.049077	1.298844	0.021318	-0.007545	0.555518	0.018477	-0.030375	0.015934
1782835053.134278	-0.393055	0.049203	1.298766	0.022057	-0.009952	0.555788	0.018477	-0.030375	0.015934
1782835053.144924	-0.393055	0.049203	1.298766	0.022057	-0.009952	0.555788	0.008843	-0.025668	-0.001685
1782835053.153862	-0.392491	0.049107	1.298496	0.020941	-0.010433	0.558269	0.008843	-0.025668	-0.001685
1782835053.164774	-0.392074	0.048941	1.298516	0.020056	-0.010240	0.557991	0.006009	-0.027539	-0.002990
1782835053.174032	-0.392074	0.048941	1.298516	0.020056	-0.010240	0.557991	0.006009	-0.027539	-0.002990
1782835053.184411	-0.391936	0.048998	1.298294	0.020410	-0.011244	0.560320	0.006009	-0.027539	-0.002990
1782835053.194219	-0.391685	0.048953	1.298247	0.020872	-0.010915	0.560607	0.017501	-0.028839	-0.002435
1782835053.204729	-0.391685	0.048953	1.298247	0.020872	-0.010915	0.560607	0.017501	-0.028839	-0.002435
1782835053.213911	-0.391685	0.048953	1.298247	0.020872	-0.010915	0.560607	0.021591	-0.036757	-0.009312
1782835053.223959	-0.390921	0.048765	1.298006	0.020855	-0.010381	0.561421	0.014948	-0.036720	-0.009753
1782835053.233901	-0.390743	0.048673	1.297932	0.021548	-0.011336	0.562488	0.014948	-0.036720	-0.009753
1782835053.244744	-0.390491	0.048470	1.297800	0.018050	-0.011020	0.563892	0.014948	-0.036720	-0.009753
1782835053.253823	-0.390491	0.048470	1.297800	0.018050	-0.011020	0.563892	0.008832	-0.027933	-0.022442
1782835053.264557	-0.390377	0.048390	1.297779	0.016675	-0.011793	0.565105	0.019317	-0.037502	-0.011799
1782835053.274231	-0.390155	0.048343	1.297741	0.018587	-0.011502	0.564771	0.019317	-0.037502	-0.011799
1782835053.284062	-0.390155	0.048343	1.297741	0.018587	-0.011502	0.564771	0.019317	-0.037502	-0.011799
1782835053.294435	-0.389596	0.048073	1.297764	0.018240	-0.011436	0.565352	0.024193	-0.039725	-0.007585
1782835053.304102	-0.389596	0.048073	1.297764	0.018240	-0.011436	0.565352	0.011634	-0.032048	-0.019149
1782835053.313883	-0.388947	0.047852	1.297461	0.019679	-0.012862	0.567034	0.011634	-0.032048	-0.019149
1782835053.323938	-0.388657	0.047634	1.297476	0.020361	-0.012851	0.568849	0.020645	-0.041372	0.007109
1782835053.333951	-0.388657	0.047634	1.297476	0.020361	-0.012851	0.568849	0.020645	-0.041372	0.007109
1782835053.344796	-0.388358	0.047512	1.297730	0.019612	-0.011822	0.567978	0.024539	-0.042399	0.008171
1782835053.353898	-0.388234	0.047402	1.297865	0.019850	-0.011166	0.568600	0.024539	-0.042399	0.008171
1782835053.364042	-0.387949	0.047190	1.297969	0.014590	-0.012218	0.571154	0.011838	-0.039524	0.004874
1782835053.373962	-0.387949	0.047190	1.297969	0.014590	-0.012218	0.571154	0.011838	-0.039524	0.004874
1782835053.384246	-0.387725	0.047025	1.298098	0.012378	-0.013124	0.572029	0.007466	-0.037309	0.023960
1782835053.395386	-0.387475	0.046873	1.298281	0.014430	-0.013651	0.571275	0.007466	-0.037309	0.023960
1782835053.403914	-0.387077	0.046466	1.298543	0.013364	-0.011816	0.573695	0.020925	-0.043663	0.022935
1782835053.414868	-0.386752	0.046478	1.298747	0.013496	-0.011967	0.573729	0.020925	-0.043663	0.022935
1782835053.424281	-0.386598	0.046390	1.299166	0.014534	-0.011569	0.572372	0.016361	-0.043905	0.022750
1782835053.434270	-0.386257	0.046143	1.299268	0.015121	-0.011629	0.573198	0.016361	-0.043905	0.022750
1782835053.445090	-0.386099	0.045913	1.299177	0.013943	-0.012570	0.576307	0.016361	-0.043905	0.022750
1782835053.455148	-0.385983	0.045745	1.299417	0.013509	-0.013738	0.576904	0.006144	-0.035513	0.016995
1782835053.464048	-0.385983	0.045745	1.299417	0.013509	-0.013738	0.576904	0.008932	-0.035715	0.013478
1782835053.474019	-0.385397	0.045688	1.299971	0.015995	-0.010410	0.577379	0.008932	-0.035715	0.013478
1782835053.484024	-0.385397	0.045688	1.299971	0.015995	-0.010410	0.577379	0.008932	-0.035715	0.013478
1782835053.495771	-0.385120	0.045564	1.300200	0.013104	-0.012697	0.576891	0.019713	-0.042404	0.034176
1782835053.505637	-0.384947	0.045518	1.300315	0.014044	-0.012130	0.577272	0.019713	-0.042404	0.034176
1782835053.514467	-0.384573	0.045115	1.300276	0.011853	-0.010880	0.579028	0.019241	-0.041366	0.015060
1782835053.523998	-0.384308	0.044909	1.300443	0.010892	-0.010563	0.580045	0.003963	-0.029087	-0.004096
1782835053.534475	-0.384154	0.044771	1.300592	0.011150	-0.009810	0.580001	0.003963	-0.029087	-0.004096
1782835053.545496	-0.383838	0.044694	1.300689	0.011950	-0.009793	0.579690	0.009078	-0.039549	0.002551
1782835053.554971	-0.383637	0.044366	1.300472	0.011992	-0.011653	0.581981	0.009078	-0.039549	0.002551
1782835053.563883	-0.383425	0.044128	1.300434	0.011781	-0.012222	0.581874	0.025664	-0.044329	0.007377
1782835053.574368	-0.383425	0.044128	1.300434	0.011781	-0.012222	0.581874	0.025664	-0.044329	0.007377
1782835053.584229	-0.383201	0.043937	1.300300	0.013269	-0.012060	0.581189	0.018512	-0.038207	-0.025323
1782835053.594073	-0.382911	0.043897	1.300261	0.014707	-0.011716	0.581282	0.018512	-0.038207	-0.025323
1782835053.604334	-0.382669	0.043747	1.300311	0.015405	-0.012083	0.581838	0.005064	-0.038231	-0.026486
1782835053.614044	-0.382536	0.043603	1.300030	0.014610	-0.014069	0.581437	0.005064	-0.038231	-0.026486
1782835053.623894	-0.382259	0.043396	1.299888	0.014754	-0.014854	0.583719	0.016975	-0.043090	-0.014941
1782835053.633998	-0.381934	0.043226	1.299821	0.014073	-0.014222	0.582805	0.016975	-0.043090	-0.014941
1782835053.644208	-0.381739	0.042918	1.299631	0.019356	-0.014721	0.582494	0.024927	-0.047223	-0.025932
1782835053.654271	-0.381315	0.042685	1.299294	0.016048	-0.012161	0.582712	0.024927	-0.047223	-0.025932
1782835053.664164	-0.381117	0.042430	1.299089	0.014903	-0.012051	0.582615	0.013041	-0.046735	-0.019273
1782835053.673954	-0.381117	0.042430	1.299089	0.014903	-0.012051	0.582615	0.013041	-0.046735	-0.019273
1782835053.684590	-0.380984	0.042237	1.298833	0.013401	-0.014525	0.583271	0.004576	-0.040563	-0.013756
1782835053.693888	-0.380744	0.041967	1.298693	0.010714	-0.014409	0.585289	0.004576	-0.040563	-0.013756
1782835053.705099	-0.380527	0.041802	1.298710	0.010196	-0.013664	0.584374	0.006197	-0.044047	-0.005878
1782835053.714254	-0.380293	0.041573	1.298747	0.008679	-0.013696	0.584785	0.006197	-0.044047	-0.005878
1782835053.724193	-0.380142	0.041449	1.298645	0.010098	-0.015042	0.584507	0.013601	-0.051794	0.012238
1782835053.735228	-0.379732	0.041144	1.298675	0.010780	-0.014653	0.584451	0.013601	-0.051794	0.012238
1782835053.744533	-0.379639	0.040845	1.298635	0.007861	-0.014478	0.587251	-0.000887	-0.042111	-0.003148
1782835053.754727	-0.379411	0.040598	1.298693	0.008942	-0.014884	0.588388	-0.000887	-0.042111	-0.003148
1782835053.764716	-0.379411	0.040598	1.298693	0.008942	-0.014884	0.588388	-0.003143	-0.043524	0.007194
1782835053.774756	-0.379078	0.040326	1.298817	0.012358	-0.015403	0.587648	-0.003143	-0.043524	0.007194
1782835053.784425	-0.378896	0.040241	1.298924	0.012062	-0.015687	0.587560	0.012043	-0.050760	0.020700
1782835053.795165	-0.378757	0.040058	1.298952	0.012120	-0.015079	0.589163	0.012043	-0.050760	0.020700
1782835053.805437	-0.378669	0.039786	1.299109	0.012169	-0.015204	0.587646	0.002891	-0.040718	-0.006920
1782835053.815175	-0.378420	0.039559	1.299081	0.012388	-0.016748	0.589878	0.002891	-0.040718	-0.006920
1782835053.825346	-0.378297	0.039170	1.299073	0.008754	-0.016783	0.591188	0.002891	-0.040718	-0.006920
1782835053.836126	-0.378229	0.038851	1.299301	0.009558	-0.016043	0.590448	-0.005584	-0.041057	-0.005994
1782835053.843975	-0.377871	0.038647	1.299452	0.009255	-0.015177	0.591306	0.004078	-0.043940	0.005524
1782835053.854290	-0.377611	0.038449	1.299560	0.008808	-0.014528	0.589849	0.004078	-0.043940	0.005524
1782835053.864002	-0.377611	0.038449	1.299560	0.008808	-0.014528	0.589849	0.007711	-0.046442	-0.006975
1782835053.874962	-0.377469	0.037826	1.299448	0.007054	-0.017373	0.593016	0.007711	-0.046442	-0.006975
1782835053.884333	-0.377469	0.037826	1.299448	0.007054	-0.017373	0.593016	0.000086	-0.043564	-0.008794
1782835053.894069	-0.377214	0.037484	1.299524	0.010294	-0.018444	0.593437	0.000086	-0.043564	-0.008794
1782835053.904202	-0.377043	0.037328	1.299575	0.009403	-0.018142	0.594170	-0.004674	-0.039326	0.000558
1782835053.913906	-0.377011	0.037058	1.299629	0.012712	-0.018510	0.593905	-0.004674	-0.039326	0.000558
1782835053.924443	-0.376911	0.036852	1.299602	0.011387	-0.017663	0.594171	0.004329	-0.040811	0.004066
1782835053.934478	-0.376835	0.036707	1.299647	0.010848	-0.019304	0.596281	0.004329	-0.040811	0.004066
1782835053.944017	-0.376816	0.036466	1.299667	0.008507	-0.018446	0.596297	0.005488	-0.044041	0.017780
1782835053.954171	-0.376697	0.036151	1.299753	0.010143	-0.017028	0.595278	0.005488	-0.044041	0.017780
1782835053.964008	-0.376605	0.035974	1.299947	0.008197	-0.015157	0.597135	-0.011883	-0.035152	0.012159
1782835053.974225	-0.376605	0.035974	1.299947	0.008197	-0.015157	0.597135	-0.011883	-0.035152	0.012159
1782835053.984433	-0.376458	0.035852	1.300077	0.008249	-0.014596	0.597183	-0.012509	-0.034759	0.017644
1782835053.994148	-0.376452	0.035564	1.300259	0.006971	-0.015079	0.596232	-0.012509	-0.034759	0.017644
1782835054.004065	-0.376250	0.035176	1.300233	0.007788	-0.013691	0.598411	-0.002648	-0.041894	0.038009
1782835054.014005	-0.376270	0.034946	1.300191	0.008963	-0.015408	0.599090	-0.002648	-0.041894	0.038009
1782835054.024051	-0.376162	0.034644	1.300379	0.008862	-0.013886	0.600453	-0.008176	-0.036632	0.021566
1782835054.034342	-0.376026	0.034665	1.300581	0.010617	-0.012162	0.600004	-0.008176	-0.036632	0.021566
1782835054.044044	-0.375939	0.034394	1.300511	0.009399	-0.012265	0.600157	-0.016817	-0.030255	0.002305
1782835054.054309	-0.375992	0.034269	1.300308	0.007783	-0.012657	0.600593	-0.016817	-0.030255	0.002305
1782835054.064168	-0.375944	0.034090	1.300306	0.006572	-0.012655	0.601163	-0.017561	-0.030869	-0.002791
1782835054.073894	-0.375944	0.034090	1.300306	0.006572	-0.012655	0.601163	-0.017561	-0.030869	-0.002791
1782835054.084190	-0.375768	0.033796	1.300216	0.007814	-0.011680	0.600851	0.000100	-0.040762	-0.003425
1782835054.094181	-0.375756	0.033698	1.300057	0.008907	-0.010860	0.601101	0.000100	-0.040762	-0.003425
1782835054.104363	-0.375753	0.033625	1.300054	0.009356	-0.010912	0.600892	-0.002560	-0.035841	-0.038261
1782835054.114130	-0.375635	0.033363	1.299726	0.009244	-0.012191	0.602287	-0.002560	-0.035841	-0.038261
1782835054.123848	-0.375533	0.033168	1.299396	0.008749	-0.012220	0.603462	-0.014038	-0.030806	-0.039160
1782835054.133873	-0.375515	0.032856	1.299147	0.013220	-0.011428	0.602356	-0.014038	-0.030806	-0.039160
1782835054.145315	-0.375409	0.032744	1.298823	0.014501	-0.010373	0.602200	-0.015328	-0.032397	-0.033333
1782835054.154455	-0.375276	0.032590	1.298263	0.010796	-0.009825	0.602796	-0.015328	-0.032397	-0.033333
1782835054.163915	-0.375276	0.032590	1.298263	0.010796	-0.009825	0.602796	0.000224	-0.034592	-0.030026
1782835054.173943	-0.375226	0.032395	1.298034	0.009920	-0.010295	0.602187	0.000224	-0.034592	-0.030026
1782835054.183998	-0.375189	0.032228	1.297580	0.012322	-0.011176	0.604795	-0.013459	-0.024048	-0.028109
1782835054.195397	-0.375218	0.032026	1.297351	0.012488	-0.011238	0.604950	-0.013459	-0.024048	-0.028109
1782835054.204053	-0.375143	0.031966	1.297305	0.012949	-0.010950	0.604837	-0.011945	-0.022116	-0.025304
1782835054.213957	-0.375151	0.031857	1.297235	0.013604	-0.011342	0.605631	-0.011945	-0.022116	-0.025304
1782835054.223844	-0.375038	0.031637	1.297005	0.012711	-0.011735	0.606931	0.005290	-0.033906	0.000175
1782835054.233849	-0.375044	0.031466	1.297029	0.010743	-0.011440	0.605973	0.005290	-0.033906	0.000175
1782835054.244098	-0.375066	0.031308	1.297038	0.010733	-0.013232	0.607207	-0.009498	-0.026433	0.001805
1782835054.254175	-0.374866	0.031178	1.297134	0.011449	-0.013716	0.607833	-0.009498	-0.026433	0.001805
1782835054.263923	-0.374765	0.030999	1.297233	0.012457	-0.013796	0.609055	-0.014324	-0.022350	0.021686
1782835054.274093	-0.374765	0.030999	1.297233	0.012457	-0.013796	0.609055	-0.014324	-0.022350	0.021686
1782835054.284024	-0.374713	0.030817	1.297423	0.012268	-0.012592	0.610414	-0.003453	-0.029493	0.036303
1782835054.294378	-0.374767	0.030859	1.297824	0.012048	-0.011703	0.609206	-0.003453	-0.029493	0.036303
1782835054.304473	-0.374565	0.030900	1.298034	0.011376	-0.010598	0.609050	-0.016632	-0.017284	0.015000
1782835054.314168	-0.374519	0.030650	1.298192	0.010878	-0.011083	0.609132	-0.016632	-0.017284	0.015000
1782835054.323952	-0.374542	0.030481	1.298414	0.010198	-0.012862	0.611403	-0.012589	-0.023172	0.029420
1782835054.334096	-0.374524	0.030407	1.298810	0.008886	-0.010936	0.611585	-0.012589	-0.023172	0.029420
1782835054.343771	-0.374253	0.030165	1.299163	0.008938	-0.011035	0.611576	0.003314	-0.024651	0.030032
1782835054.354281	-0.374227	0.030012	1.299450	0.007933	-0.009995	0.613572	0.003314	-0.024651	0.030032
1782835054.363844	-0.374147	0.030070	1.299793	0.011251	-0.010714	0.611978	-0.001378	-0.018827	-0.000830
1782835054.373843	-0.374147	0.030070	1.299793	0.011251	-0.010714	0.611978	-0.001378	-0.018827	-0.000830
1782835054.384087	-0.373967	0.029946	1.299878	0.011166	-0.011966	0.613391	-0.009182	-0.018962	-0.000185
1782835054.393887	-0.373921	0.029793	1.299976	0.009308	-0.012838	0.614946	-0.009182	-0.018962	-0.000185
1782835054.405324	-0.373844	0.029766	1.300170	0.011623	-0.014469	0.614935	-0.000385	-0.018187	-0.006407
1782835054.413873	-0.373770	0.029708	1.300328	0.013402	-0.014468	0.614320	-0.000385	-0.018187	-0.006407
1782835054.423856	-0.373571	0.029720	1.300352	0.012609	-0.013984	0.614815	0.005211	-0.023924	-0.015200
1782835054.433841	-0.373603	0.029597	1.300373	0.012503	-0.014353	0.615713	0.005211	-0.023924	-0.015200
1782835054.443928	-0.373629	0.029528	1.300298	0.012305	-0.014225	0.615924	0.005742	-0.024783	-0.007250
1782835054.454259	-0.373446	0.029373	1.300258	0.011887	-0.012933	0.616370	0.005742	-0.024783	-0.007250
1782835054.464433	-0.373439	0.029510	1.300392	0.011413	-0.012392	0.616493	0.000749	-0.016809	-0.017713
1782835054.473817	-0.373439	0.029510	1.300392	0.011413	-0.012392	0.616493	0.000749	-0.016809	-0.017713
1782835054.483838	-0.373274	0.029550	1.300304	0.012479	-0.012102	0.615511	-0.008682	-0.010610	-0.021533
1782835054.493842	-0.373246	0.029434	1.300264	0.010992	-0.012103	0.616289	-0.008682	-0.010610	-0.021533
1782835054.506189	-0.373210	0.029196	1.300015	0.013605	-0.015553	0.619410	0.003255	-0.023011	0.002617
1782835054.516042	-0.373166	0.029168	1.300088	0.014528	-0.014463	0.618959	0.003255	-0.023011	0.002617
1782835054.524349	-0.372989	0.029179	1.300273	0.014035	-0.011717	0.618792	0.005361	-0.019196	-0.004597
1782835054.534254	-0.372909	0.029121	1.300223	0.013476	-0.012596	0.618994	0.005361	-0.019196	-0.004597
1782835054.544760	-0.372933	0.029166	1.300363	0.013625	-0.012310	0.619344	0.004569	-0.016688	0.001195
1782835054.554141	-0.372883	0.029192	1.300380	0.014077	-0.013382	0.617984	0.004569	-0.016688	0.001195
1782835054.566252	-0.372750	0.029035	1.300385	0.011027	-0.015238	0.621366	-0.008006	-0.014102	0.011309
1782835054.574510	-0.372750	0.029035	1.300385	0.011027	-0.015238	0.621366	-0.008006	-0.014102	0.011309
1782835054.585146	-0.372702	0.028944	1.300442	0.011739	-0.015898	0.621563	-0.003070	-0.007843	-0.001741
1782835054.594190	-0.372726	0.029021	1.300762	0.011935	-0.013629	0.620862	-0.003070	-0.007843	-0.001741
1782835054.605369	-0.372621	0.028983	1.300750	0.012240	-0.015092	0.621065	-0.010721	-0.012486	0.017935
1782835054.614742	-0.372497	0.028918	1.300715	0.010374	-0.013706	0.623049	-0.010721	-0.012486	0.017935
1782835054.624373	-0.372603	0.028928	1.300677	0.011895	-0.013911	0.623249	-0.014166	-0.011000	0.021238
1782835054.633928	-0.372503	0.028985	1.300855	0.011829	-0.013651	0.624119	-0.014166	-0.011000	0.021238
1782835054.645289	-0.372293	0.028953	1.301137	0.014225	-0.013039	0.624719	-0.013389	-0.004211	0.011798
1782835054.653852	-0.372256	0.029048	1.301256	0.012235	-0.011539	0.623328	-0.013389	-0.004211	0.011798
1782835054.664263	-0.372271	0.029050	1.301144	0.012343	-0.011770	0.624821	-0.003800	-0.006414	-0.021872
1782835054.674010	-0.372139	0.029005	1.301227	0.011786	-0.011963	0.625624	-0.003800	-0.006414	-0.021872
1782835054.684692	-0.372139	0.029005	1.301227	0.011786	-0.011963	0.625624	-0.003800	-0.006414	-0.021872
1782835054.693889	-0.372056	0.028938	1.301221	0.012346	-0.011863	0.626602	0.002240	-0.012357	-0.001502
1782835054.703897	-0.371994	0.029048	1.301261	0.012948	-0.011375	0.626307	0.002240	-0.012357	-0.001502
1782835054.715178	-0.371905	0.029168	1.301332	0.013347	-0.010825	0.625211	0.010115	-0.018726	0.002962
1782835054.724656	-0.371850	0.029112	1.301153	0.012535	-0.011280	0.626951	0.004691	-0.012005	-0.015913
1782835054.734088	-0.371807	0.029132	1.301206	0.012639	-0.012494	0.627772	0.004691	-0.012005	-0.015913
1782835054.744314	-0.371701	0.029030	1.301422	0.015076	-0.013720	0.627266	-0.008046	-0.006680	-0.012297
1782835054.753981	-0.371615	0.029126	1.301356	0.012165	-0.012498	0.628355	-0.008046	-0.006680	-0.012297
1782835054.765601	-0.371615	0.029126	1.301356	0.012165	-0.012498	0.628355	0.006977	-0.009184	-0.010311
1782835054.774494	-0.371484	0.029187	1.301419	0.014145	-0.013550	0.628321	0.006977	-0.009184	-0.010311
1782835054.786272	-0.371464	0.029331	1.301466	0.013018	-0.011812	0.628722	0.009515	-0.014694	0.004171
1782835054.801750	-0.371337	0.029233	1.301273	0.011818	-0.013668	0.631255	0.009515	-0.014694	0.004171
1782835054.809664	-0.371337	0.029233	1.301273	0.011818	-0.013668	0.631255	-0.005567	-0.011076	0.007112
1782835054.815442	-0.371188	0.029391	1.301454	0.013985	-0.012291	0.629802	-0.005567	-0.011076	0.007112
1782835054.835327	-0.371121	0.029371	1.301639	0.013615	-0.012696	0.630400	-0.006056	-0.011457	0.015630
1782835054.853196	-0.370977	0.029443	1.301765	0.015338	-0.013238	0.631269	0.002515	-0.011784	0.016001
1782835054.873851	-0.370909	0.029460	1.301778	0.014539	-0.013320	0.632556	0.002515	-0.011784	0.016001
1782835054.885004	-0.370837	0.029443	1.301829	0.014474	-0.012619	0.633846	0.000292	-0.006127	-0.000718
1782835054.894645	-0.370617	0.029716	1.302127	0.016051	-0.012254	0.632860	-0.003826	-0.010307	0.010446
1782835054.899877	-0.370617	0.029716	1.302127	0.016051	-0.012254	0.632860	-0.003826	-0.010307	0.010446
1782835054.913249	-0.370408	0.029561	1.302103	0.013744	-0.011529	0.635779	0.016411	-0.017786	0.006077
1782835054.921144	-0.370408	0.029561	1.302103	0.013744	-0.011529	0.635779	0.016411	-0.017786	0.006077
1782835054.930542	-0.370377	0.029588	1.301965	0.015438	-0.012039	0.637460	-0.001862	-0.010427	0.011719
1782835054.943491	-0.370254	0.029663	1.302102	0.018694	-0.009736	0.638009	-0.001862	-0.010427	0.011719
1782835054.951123	-0.370015	0.029778	1.302095	0.017905	-0.008941	0.638281	0.008646	-0.016441	0.010765
1782835054.960598	-0.370076	0.029984	1.302000	0.016453	-0.010070	0.637629	0.008646	-0.016441	0.010765
1782835054.969467	-0.369942	0.029865	1.301937	0.015275	-0.009698	0.639717	0.001322	-0.010052	-0.008355
1782835054.983420	-0.369884	0.029771	1.301766	0.013326	-0.010059	0.642130	0.016640	-0.015972	-0.009559
1782835054.989277	-0.369884	0.029771	1.301766	0.013326	-0.010059	0.642130	0.016640	-0.015972	-0.009559
1782835054.999688	-0.369921	0.029903	1.301746	0.013307	-0.010436	0.641940	0.016640	-0.015972	-0.009559
1782835055.010345	-0.369775	0.029895	1.301789	0.013703	-0.008104	0.642165	-0.000125	-0.009774	-0.000735
1782835055.020906	-0.369777	0.029974	1.301663	0.012353	-0.010769	0.642181	0.003567	-0.004555	-0.038811
1782835055.029505	-0.369757	0.029971	1.301479	0.011713	-0.011712	0.643279	0.003567	-0.004555	-0.038811
1782835055.039735	-0.369730	0.029990	1.301318	0.012096	-0.012333	0.643854	0.003567	-0.004555	-0.038811
1782835055.049761	-0.369606	0.030046	1.301312	0.013219	-0.012585	0.644407	-0.001533	-0.005174	-0.018972
1782835055.060128	-0.369523	0.030098	1.301254	0.012899	-0.012688	0.645293	0.015445	-0.014784	-0.009245
1782835055.068420	-0.369432	0.030193	1.301342	0.014373	-0.011786	0.644382	0.015445	-0.014784	-0.009245
1782835055.079405	-0.369432	0.030193	1.301342	0.014373	-0.011786	0.644382	0.015445	-0.014784	-0.009245
1782835055.089748	-0.369497	0.030094	1.301178	0.013173	-0.013668	0.644881	0.008495	-0.002523	0.002965
1782835055.100109	-0.369387	0.030136	1.300916	0.012516	-0.016091	0.645808	0.008495	-0.002523	0.002965
1782835055.110078	-0.369299	0.030155	1.300999	0.014062	-0.015509	0.645868	0.012606	-0.006398	-0.017890
1782835055.120790	-0.369153	0.030183	1.301002	0.013881	-0.014848	0.646081	-0.001890	-0.005487	-0.001053
1782835055.129821	-0.369117	0.030155	1.300923	0.015078	-0.016308	0.646468	-0.001890	-0.005487	-0.001053
1782835055.140512	-0.368996	0.030285	1.300815	0.017111	-0.016093	0.646680	-0.001890	-0.005487	-0.001053
1782835055.150390	-0.369025	0.030249	1.300941	0.016293	-0.017093	0.646916	0.002080	-0.000823	-0.004789
1782835055.159400	-0.368943	0.030128	1.300719	0.016795	-0.017056	0.648591	-0.003848	-0.004106	-0.006271
1782835055.169648	-0.368943	0.030128	1.300719	0.016795	-0.017056	0.648591	-0.003848	-0.004106	-0.006271
1782835055.180908	-0.368965	0.030174	1.300809	0.016725	-0.017465	0.648512	-0.007970	-0.002090	-0.002765
1782835055.192199	-0.368862	0.030311	1.300885	0.019614	-0.016771	0.647863	-0.007970	-0.002090	-0.002765
1782835055.200288	-0.368821	0.030311	1.300820	0.019260	-0.016717	0.648793	-0.007970	-0.002090	-0.002765
1782835055.209509	-0.368798	0.030300	1.300835	0.018891	-0.017463	0.650110	-0.004564	-0.001019	-0.001984
1782835055.220938	-0.368832	0.030250	1.300854	0.020153	-0.017580	0.650134	-0.005745	-0.003788	0.000299
1782835055.229480	-0.368733	0.030283	1.300906	0.018249	-0.016842	0.650871	-0.005745	-0.003788	0.000299
1782835055.245341	-0.368680	0.030282	1.300941	0.018262	-0.016179	0.652233	-0.005745	-0.003788	0.000299
1782835055.251208	-0.368780	0.030327	1.301328	0.020902	-0.014548	0.652932	0.007480	-0.012992	0.029920
1782835055.258986	-0.368780	0.030327	1.301328	0.020902	-0.014548	0.652932	0.007480	-0.012992	0.029920
1782835055.269143	-0.368816	0.030296	1.301237	0.020680	-0.014923	0.654666	-0.004685	-0.007602	0.011223
1782835055.385696	-0.368737	0.030082	1.301597	0.022000	-0.014310	0.655815	-0.016787	-0.002781	0.011571
1782835055.465528	-0.368440	0.029492	1.301144	0.020623	-0.011035	0.656491	-0.013444	-0.008366	-0.023534
1782835055.536275	-0.363901	0.029946	1.296074	0.040235	0.081098	0.629929	0.044798	-0.016013	-0.003447
1782835055.605918	-0.351409	0.032087	1.284247	0.064797	0.219248	0.570355	0.183655	-0.039777	-0.119234
1782835055.681126	-0.332150	0.036722	1.261455	0.075796	0.326779	0.511218	0.478832	-0.082239	-0.211113
1782835055.754356	-0.302693	0.044370	1.230635	0.070533	0.383067	0.452366	0.788214	-0.086343	-0.278122
1782835055.824667	-0.251586	0.058597	1.188519	0.060800	0.363211	0.388981	0.989669	-0.077539	-0.266586
1782835055.908763	-0.183133	0.077254	1.145288	0.053559	0.262315	0.343847	1.175739	-0.078430	-0.366085
1782835055.983492	-0.103787	0.097849	1.099214	0.049938	0.123472	0.316376	1.237841	-0.101236	-0.585445
1782835056.100600	-0.021661	0.117224	1.046368	0.044955	-0.014751	0.290188	1.127679	-0.116304	-0.799156
1782835056.173746	0.087201	0.140039	0.966950	0.026358	-0.156240	0.254068	0.872052	-0.100908	-0.868533
1782835056.243315	0.140741	0.149765	0.927032	0.017431	-0.200988	0.228814	0.625119	-0.069803	-0.664496
1782835056.314614	0.188325	0.157583	0.895560	0.018096	-0.168631	0.207502	0.478036	-0.020688	-0.372851
1782835056.384644	0.217841	0.161915	0.882113	0.021469	-0.098829	0.188008	0.425847	-0.018175	-0.157572
1782835056.468704	0.241311	0.164703	0.876973	0.034603	-0.006456	0.170556	0.423110	-0.024324	-0.048203
1782835056.541615	0.270845	0.166202	0.875733	0.049193	0.066827	0.153520	0.448762	-0.034579	-0.022002
1782835056.610280	0.300603	0.165501	0.878542	0.060387	0.111162	0.139598	0.509577	-0.054307	0.075843
1782835056.687599	0.331187	0.163077	0.885839	0.068539	0.109017	0.127384	0.606257	-0.091140	0.175414
1782835056.761817	0.372267	0.158201	0.900280	0.065945	0.069725	0.112146	0.662690	-0.116252	0.207237
1782835056.834663	0.410557	0.152309	0.915749	0.054598	0.019441	0.100812	0.688011	-0.141232	0.204384
1782835056.906787	0.460481	0.142423	0.935005	0.035529	-0.046009	0.082170	0.655619	-0.160085	0.121737
1782835056.979228	0.494835	0.133261	0.944980	0.020722	-0.078976	0.067564	0.558755	-0.172713	0.032894
1782835057.052465	0.524522	0.123722	0.949755	0.009997	-0.095374	0.057084	0.500972	-0.188305	-0.015939
1782835057.157695	0.552870	0.111561	0.949540	-0.002509	-0.089054	0.049253	0.379841	-0.188879	-0.034237
1782835057.271845	0.579100	0.097055	0.940275	-0.012980	-0.063426	0.037190	0.247067	-0.161013	-0.114669
1782835057.345227	0.596883	0.084020	0.919367	-0.022474	-0.023663	0.023054	0.142752	-0.127477	-0.202245
1782835057.415410	0.606125	0.075640	0.895325	-0.025633	0.011153	0.007746	0.141479	-0.124543	-0.226888
1782835057.489640	0.612157	0.070435	0.875280	-0.017371	0.035534	0.002259	0.118093	-0.095415	-0.263955
1782835057.564090	0.617870	0.066326	0.858016	-0.009623	0.045663	-0.003433	0.125976	-0.096823	-0.194683
1782835057.644232	0.624862	0.062537	0.847178	-0.002503	0.049395	-0.004689	0.127412	-0.091532	-0.059418
1782835057.714942	0.637534	0.057083	0.848789	0.004671	0.040720	-0.003215	0.140829	-0.090836	0.118577
1782835057.792290	0.645422	0.054213	0.859309	0.009962	0.027729	-0.000015	0.120155	-0.085236	0.257199
1782835057.934516	0.656515	0.050305	0.880175	0.002107	0.018100	0.003172	0.095988	-0.077379	0.303067
1782835058.067721	0.675817	0.042918	0.916521	-0.006799	0.011284	-0.008182	0.011826	-0.053457	0.087581
1782835058.146522	0.682051	0.040217	0.912956	-0.003740	0.018658	-0.022546	-0.021832	-0.047556	-0.134624
1782835058.216013	0.685268	0.038176	0.891034	0.004724	0.029548	-0.029969	-0.021982	-0.061852	-0.290935
1782835058.337520	0.686347	0.037009	0.870713	0.004192	0.039683	-0.032319	-0.025434	-0.060885	-0.331523
1782835058.466489	0.689755	0.033843	0.826000	0.002316	0.056519	-0.037856	-0.035584	-0.045217	-0.192281
1782835058.563001	0.697073	0.030216	0.818870	-0.002948	0.056800	-0.038959	-0.004353	-0.035058	0.124709
1782835058.637233	0.706337	0.028200	0.842006	0.000622	0.048737	-0.039885	0.025190	-0.022145	0.416396
1782835058.709838	0.715567	0.026012	0.884946	0.001464	0.035626	-0.039193	0.006741	-0.009802	0.555353
1782835058.780532	0.721396	0.024534	0.921387	0.003680	0.024025	-0.041455	-0.001291	-0.009997	0.508179
1782835058.852614	0.725497	0.022936	0.951178	0.008153	0.019253	-0.044197	-0.035252	-0.007894	0.386459
1782835058.925514	0.728017	0.021015	0.967756	0.007335	0.019979	-0.046317	-0.062156	-0.017165	0.077049
1782835059.003544	0.728432	0.019150	0.959210	0.007195	0.028821	-0.046900	-0.078701	-0.030250	-0.176296
1782835059.074309	0.727844	0.017198	0.932429	0.004973	0.040658	-0.045161	-0.076612	-0.043598	-0.436283
1782835059.147655	0.726831	0.015262	0.892792	0.001844	0.052116	-0.042279	-0.056701	-0.043615	-0.644835
1782835059.217505	0.723753	0.012490	0.835582	-0.002636	0.053957	-0.038357	-0.055321	-0.047536	-0.542911
1782835059.288764	0.721667	0.010219	0.803676	-0.011245	0.043161	-0.031463	-0.067455	-0.034094	-0.297163
1782835059.363931	0.720486	0.007865	0.793349	-0.012205	0.028866	-0.028203	-0.065566	-0.020928	0.120529
1782835059.465628	0.720207	0.006246	0.811275	-0.006851	0.020062	-0.024969	-0.064178	0.007703	0.479486
1782835059.574663	0.719447	0.005229	0.868181	-0.003715	0.018687	-0.022760	-0.103946	0.021349	0.672685
1782835059.649275	0.715144	0.004413	0.930987	0.005246	0.025727	-0.019507	-0.134984	0.023621	0.510734
1782835059.715029	0.708862	0.003777	0.967706	0.011194	0.038154	-0.019205	-0.133998	0.004192	0.261138
1782835059.786105	0.703936	0.002941	0.975411	0.014257	0.052959	-0.020689	-0.129294	-0.005539	0.024219
1782835059.863412	0.697361	0.002148	0.966378	0.010806	0.069425	-0.013907	-0.111354	-0.015799	-0.187623
1782835059.932722	0.692290	0.001102	0.942402	0.004597	0.083682	-0.011569	-0.072196	-0.021442	-0.423226
1782835060.005922	0.686990	0.000122	0.900738	-0.002038	0.082211	-0.006452	-0.046892	-0.012860	-0.544907
1782835060.079392	0.683447	-0.000562	0.857662	-0.005627	0.068674	-0.005646	-0.030063	0.007690	-0.492612
1782835060.153193	0.682562	-0.000770	0.831492	-0.008080	0.049912	-0.006894	-0.024334	0.020559	-0.280354
1782835060.231771	0.683213	-0.000413	0.824057	0.001446	0.027050	-0.008955	-0.009332	0.030734	0.122564
1782835060.300356	0.685588	-0.000215	0.845946	0.009699	0.012470	-0.012801	-0.017919	0.043828	0.438451
1782835060.371148	0.686709	-0.000837	0.880135	0.015402	0.013492	-0.008050	-0.018676	0.033563	0.570791
1782835060.446010	0.686891	-0.001689	0.919026	0.017711	0.018860	-0.007819	-0.047897	0.022657	0.517299
1782835060.515238	0.684767	-0.003511	0.959037	0.019083	0.030387	-0.006262	-0.061622	0.012707	0.358169
1782835060.615350	0.682898	-0.005183	0.970612	0.015896	0.042222	-0.007716	-0.053776	-0.007656	0.092415
1782835060.725702	0.679262	-0.008094	0.958678	0.003611	0.064952	-0.006224	-0.041150	-0.013177	-0.323455
1782835060.806614	0.676564	-0.011341	0.891990	-0.006171	0.090229	-0.013253	0.037813	-0.013514	-0.668118
1782835060.932525	0.677192	-0.012636	0.832159	-0.012455	0.088157	-0.020767	0.099567	0.008383	-0.736008
1782835061.042642	0.684601	-0.010881	0.761609	-0.017924	0.025262	-0.035234	0.102465	0.065154	-0.206382
1782835061.115877	0.692286	-0.005391	0.778671	-0.005212	-0.043482	-0.047761	0.076741	0.103913	0.388129
1782835061.192550	0.693331	-0.000411	0.837642	0.011531	-0.067470	-0.054285	0.029721	0.113190	0.870567
1782835061.264647	0.688319	0.003313	0.904913	0.025745	-0.060549	-0.056989	-0.052552	0.108646	1.017263
1782835061.350270	0.675525	0.006454	0.980896	0.033564	-0.039939	-0.057758	-0.161537	0.097976	0.879532
1782835061.445397	0.658322	0.008136	1.038291	0.046577	-0.009525	-0.056255	-0.230470	0.037904	0.546032
1782835061.528147	0.632072	0.008302	1.075895	0.045804	0.050782	-0.045092	-0.275316	-0.008430	0.145372
1782835061.620320	0.609075	0.006544	1.077415	0.026187	0.115343	-0.035517	-0.237126	-0.031535	-0.048758
1782835061.699111	0.589468	0.004511	1.049496	-0.003034	0.163509	-0.022517	-0.114991	-0.049592	-0.401549
1782835061.816002	0.576525	0.003157	1.003530	-0.026307	0.177155	-0.011996	0.015810	-0.015010	-0.639933
1782835061.889611	0.569670	0.004117	0.912463	-0.044125	0.127041	-0.002875	0.129105	0.056756	-0.701125
1782835061.963614	0.573331	0.007913	0.869130	-0.035855	0.072590	0.001083	0.161433	0.093178	-0.607060
1782835062.036089	0.580499	0.013339	0.840928	-0.011660	0.016938	0.002132	0.138378	0.114733	-0.282053
1782835062.115635	0.590945	0.021935	0.837738	0.024641	-0.033952	-0.003497	0.107774	0.113190	0.145891
1782835062.189925	0.597854	0.027014	0.866963	0.049769	-0.038036	-0.003090	0.087036	0.101414	0.479447
1782835062.263259	0.601657	0.028880	0.906380	0.060227	-0.021637	-0.000022	0.051419	0.072916	0.608635
1782835062.334778	0.603388	0.028120	0.946788	0.057249	0.001286	0.000673	0.024740	0.022101	0.549345
1782835062.402986	0.603643	0.024920	0.979890	0.054609	0.026455	-0.000140	0.013292	-0.032151	0.263656
1782835062.475633	0.603332	0.021143	0.990290	0.040158	0.048142	-0.004020	0.005520	-0.056220	0.066884
1782835062.550157	0.602830	0.015676	0.983207	0.010457	0.069109	-0.010533	0.022105	-0.070371	-0.176295
1782835062.627485	0.603617	0.010538	0.958031	-0.013564	0.083155	-0.016210	0.085104	-0.070414	-0.421330
1782835062.703604	0.606331	0.006037	0.920359	-0.026457	0.084982	-0.018758	0.131117	-0.042083	-0.497176
1782835062.783946	0.611717	0.003545	0.881188	-0.031156	0.062885	-0.020480	0.145800	0.003445	-0.444434
1782835062.855523	0.619077	0.003974	0.855758	-0.021674	0.023640	-0.028833	0.142357	0.032544	-0.249074
1782835062.973441	0.626095	0.006174	0.850732	-0.008313	-0.004179	-0.034231	0.135395	0.063561	0.040987
1782835063.072479	0.638178	0.012744	0.893731	0.017495	-0.034456	-0.044354	0.082238	0.051184	0.450632
1782835063.143553	0.639345	0.014294	0.929030	0.030763	-0.032266	-0.044402	0.019238	0.028180	0.538012
1782835063.216135	0.636209	0.014136	0.969949	0.033361	-0.017220	-0.038463	-0.029554	0.007977	0.467226
1782835063.285971	0.630775	0.012441	0.999278	0.031772	0.010606	-0.031169	-0.067905	-0.023381	0.275412
1782835063.361146	0.624815	0.010224	1.007113	0.022886	0.043124	-0.021165	-0.073353	-0.047478	0.023091
1782835063.433769	0.619136	0.007772	0.995983	0.010918	0.067594	-0.017983	-0.021225	-0.074102	-0.297737
1782835063.510512	0.612568	0.004708	0.955576	-0.003499	0.095400	-0.008803	0.025289	-0.064607	-0.541741
1782835063.583460	0.609555	0.003089	0.913733	-0.021333	0.095736	-0.007676	0.071203	-0.023565	-0.644341
1782835063.653912	0.609022	0.002675	0.873207	-0.025660	0.078171	-0.005639	0.089501	0.013654	-0.519226
1782835063.741555	0.612228	0.004302	0.842993	-0.018764	0.044144	-0.009540	0.105855	0.039266	-0.224367
1782835063.812086	0.618701	0.008936	0.843686	0.002557	-0.000092	-0.017925	0.100899	0.069317	0.170229
1782835063.887472	0.623529	0.012753	0.869226	0.017999	-0.016264	-0.023834	0.088476	0.078110	0.513482
1782835064.054258	0.628269	0.016242	0.915406	0.029803	-0.015150	-0.031179	0.050782	0.062719	0.600295
1782835064.172115	0.628608	0.017026	0.993648	0.051363	0.016959	-0.027410	-0.024507	-0.016392	0.210973
1782835064.247300	0.625048	0.012386	0.995287	0.049583	0.055998	-0.015642	-0.013053	-0.086304	-0.241543
1782835064.320972	0.622879	0.006822	0.963979	0.030518	0.084968	-0.006179	0.019281	-0.105281	-0.490958
1782835064.413554	0.622233	0.001937	0.926366	0.004428	0.097074	-0.001605	0.080663	-0.115672	-0.582352
1782835064.528039	0.624867	-0.004621	0.872289	-0.026547	0.075763	-0.000969	0.100540	-0.054267	-0.515753
1782835064.606797	0.634338	-0.006703	0.832128	-0.047098	0.013865	-0.007125	0.114734	0.032944	-0.079361
