时间(s)	位置x(m)	位置y(m)	位置z(m)	欧拉角roll(rad)	欧拉角pitch(rad)	欧拉角yaw(rad)	速度x(m/s)	速度y(m/s)	速度z(m/s)
1782835025.267597	-0.456681	0.033646	1.267957	0.006804	-0.013331	-0.035844	0.011991	0.002470	0.022468
1782835025.280780	-0.456693	0.033938	1.268219	0.004097	-0.011099	-0.036482	0.011991	0.002470	0.022468
1782835025.288609	-0.456608	0.034115	1.268282	0.004662	-0.011812	-0.035749	0.001586	0.009105	0.012531
1782835025.297750	-0.456608	0.034115	1.268282	0.004662	-0.011812	-0.035749	0.001586	0.009105	0.012531
1782835025.309651	-0.456658	0.034282	1.268479	0.004311	-0.012382	-0.033279	-0.001798	0.014155	0.016114
1782835025.318264	-0.456658	0.034282	1.268479	0.004311	-0.012382	-0.033279	0.014490	0.005589	0.046915
1782835025.330780	-0.456524	0.034513	1.268631	0.002891	-0.011616	-0.031236	0.014490	0.005589	0.046915
1782835025.338296	-0.456657	0.034605	1.269098	0.006679	-0.007993	-0.029844	0.014490	0.005589	0.046915
1782835025.348953	-0.456521	0.034749	1.269370	0.010438	-0.008346	-0.028271	-0.000814	0.010896	0.037530
1782835025.360754	-0.456612	0.035046	1.269829	0.008711	-0.008142	-0.026850	-0.000814	0.010896	0.037530
1782835025.368685	-0.456640	0.035317	1.270173	0.008560	-0.008663	-0.025107	0.000616	0.015415	0.065314
1782835025.379857	-0.456631	0.035530	1.270838	0.007053	-0.006820	-0.023336	0.009168	0.008482	0.075362
1782835025.387677	-0.456586	0.035638	1.271427	0.008605	-0.005558	-0.020687	0.009168	0.008482	0.075362
1782835025.399193	-0.456586	0.035638	1.271427	0.008605	-0.005558	-0.020687	0.009168	0.008482	0.075362
1782835025.407899	-0.456770	0.035840	1.272224	0.009727	-0.006997	-0.016513	0.007581	0.013654	0.074863
1782835025.417938	-0.456819	0.035953	1.272890	0.008964	-0.005255	-0.014729	0.007581	0.013654	0.074863
1782835025.428638	-0.456738	0.036240	1.273907	0.013150	-0.005742	-0.013925	-0.001004	0.017891	0.090413
1782835025.438726	-0.456666	0.036373	1.274898	0.012184	-0.003750	-0.012511	-0.001004	0.017891	0.090413
1782835025.447847	-0.456596	0.036686	1.276142	0.013966	-0.005534	-0.010409	0.018327	0.008070	0.097345
1782835025.457624	-0.456471	0.036786	1.277090	0.014762	-0.004604	-0.009114	0.018327	0.008070	0.097345
1782835025.467982	-0.456434	0.037021	1.278151	0.010326	-0.003356	-0.005145	0.007705	0.012494	0.101429
1782835025.481921	-0.456417	0.037131	1.279584	0.016110	-0.003646	-0.005171	0.023420	0.006996	0.118311
1782835025.488009	-0.456384	0.037315	1.280732	0.018106	-0.004154	-0.003366	0.023420	0.006996	0.118311
1782835025.498053	-0.456384	0.037315	1.280732	0.018106	-0.004154	-0.003366	0.023420	0.006996	0.118311
1782835025.508569	-0.456325	0.037264	1.281831	0.016892	-0.003550	0.000018	0.024596	0.007500	0.104963
1782835025.517648	-0.456239	0.037374	1.283338	0.019701	-0.004403	0.001584	0.024596	0.007500	0.104963
1782835025.528026	-0.456096	0.037728	1.284317	0.016646	-0.002502	0.004459	0.021159	0.003862	0.107863
1782835025.538794	-0.456064	0.037967	1.285727	0.015314	0.000165	0.006432	0.021159	0.003862	0.107863
1782835025.549178	-0.456001	0.038079	1.286571	0.015928	-0.003214	0.009405	0.016797	0.010469	0.093959
1782835025.559342	-0.455868	0.038118	1.287518	0.018367	-0.002854	0.013296	0.016797	0.010469	0.093959
1782835025.568785	-0.455852	0.038248	1.288744	0.019287	-0.003094	0.013041	0.027264	-0.000686	0.094785
1782835025.578876	-0.455528	0.038280	1.289498	0.018625	-0.002236	0.015352	0.027264	-0.000686	0.094785
1782835025.590014	-0.455414	0.038360	1.290344	0.020197	-0.000798	0.017813	0.034901	-0.003573	0.072089
1782835025.597848	-0.455419	0.038532	1.291016	0.020684	-0.003868	0.020952	0.034901	-0.003573	0.072089
1782835025.609670	-0.455419	0.038532	1.291016	0.020684	-0.003868	0.020952	0.026399	0.001793	0.032055
1782835025.617927	-0.455368	0.038613	1.291561	0.019710	-0.002012	0.023316	0.026399	0.001793	0.032055
1782835025.629393	-0.455020	0.038727	1.292244	0.019264	-0.000872	0.025335	0.021964	0.004836	0.015893
1782835025.638787	-0.454849	0.038772	1.292670	0.022631	-0.002260	0.025503	0.021964	0.004836	0.015893
1782835025.649559	-0.454686	0.038703	1.292849	0.019476	-0.002361	0.028493	0.020589	-0.005937	0.027945
1782835025.658338	-0.454483	0.038660	1.292923	0.018043	-0.002764	0.032565	0.020589	-0.005937	0.027945
1782835025.667971	-0.454393	0.038588	1.293298	0.019884	-0.003398	0.033312	0.035033	-0.011921	0.035982
1782835025.678007	-0.453967	0.038721	1.293388	0.021179	-0.002694	0.036262	0.035033	-0.011921	0.035982
1782835025.691571	-0.453760	0.038738	1.293419	0.022247	-0.003800	0.037486	0.030669	-0.006614	0.000858
1782835025.701088	-0.453760	0.038738	1.293419	0.022247	-0.003800	0.037486	0.022612	-0.008096	-0.006908
1782835025.707840	-0.453605	0.038740	1.293388	0.022356	-0.004483	0.038601	0.022612	-0.008096	-0.006908
1782835025.717762	-0.453432	0.038888	1.293421	0.017061	-0.005792	0.043275	0.022612	-0.008096	-0.006908
1782835025.728142	-0.453235	0.038897	1.293374	0.019085	-0.005307	0.043937	0.038483	-0.013333	-0.003203
1782835025.737897	-0.453065	0.038905	1.293447	0.017829	-0.004110	0.045304	0.038483	-0.013333	-0.003203
1782835025.752164	-0.452539	0.038774	1.293029	0.018467	-0.006551	0.050861	0.041455	-0.017556	-0.021903
1782835025.759655	-0.452539	0.038774	1.293029	0.018467	-0.006551	0.050861	0.041455	-0.017556	-0.021903
1782835025.770360	-0.452395	0.038698	1.293035	0.016934	-0.007454	0.053036	0.033096	-0.019240	-0.007555
1782835025.780876	-0.452274	0.038496	1.292877	0.017064	-0.006575	0.055397	0.033096	-0.019240	-0.007555
1782835025.790794	-0.451910	0.038382	1.292755	0.015200	-0.006371	0.058230	0.029402	-0.015234	-0.007310
1782835025.809797	-0.451910	0.038382	1.292755	0.015200	-0.006371	0.058230	0.038390	-0.024168	0.016240
1782835025.814375	-0.451410	0.038440	1.292844	0.015859	-0.006075	0.061191	0.038390	-0.024168	0.016240
1782835025.826051	-0.451068	0.038379	1.292765	0.014655	-0.005952	0.063991	0.029123	-0.021595	0.013802
1782835025.832558	-0.450825	0.038139	1.292737	0.014757	-0.005463	0.068224	0.029123	-0.021595	0.013802
1782835025.839727	-0.450825	0.038139	1.292737	0.014757	-0.005463	0.068224	0.029123	-0.021595	0.013802
1782835025.849137	-0.450643	0.038101	1.292836	0.014041	-0.005198	0.070332	0.020955	-0.013336	0.027437
1782835025.858385	-0.450420	0.038091	1.292858	0.011711	-0.006446	0.072992	0.020955	-0.013336	0.027437
1782835025.867975	-0.450091	0.037858	1.292932	0.013715	-0.005477	0.074993	0.037812	-0.026780	0.041201
1782835025.878928	-0.449588	0.037771	1.292941	0.013361	-0.006331	0.078262	0.037812	-0.026780	0.041201
1782835025.887928	-0.449357	0.037874	1.293155	0.013842	-0.007264	0.080249	0.025036	-0.014563	0.012852
1782835025.899664	-0.449357	0.037874	1.293155	0.013842	-0.007264	0.080249	0.025036	-0.014563	0.012852
1782835025.909122	-0.448977	0.037613	1.293339	0.013916	-0.005955	0.082012	0.029441	-0.019981	0.021296
1782835025.918062	-0.448714	0.037466	1.293157	0.014060	-0.008489	0.084472	0.047086	-0.021920	0.024240
1782835025.928753	-0.448508	0.037460	1.293207	0.010831	-0.008619	0.086939	0.047086	-0.021920	0.024240
1782835025.939148	-0.448230	0.037322	1.293362	0.012834	-0.008932	0.088296	0.047086	-0.021920	0.024240
1782835025.948808	-0.447826	0.037125	1.293387	0.011364	-0.006329	0.091597	0.043067	-0.019322	-0.009183
1782835025.958775	-0.447392	0.037121	1.293503	0.012635	-0.004745	0.093406	0.043067	-0.019322	-0.009183
1782835025.970772	-0.446812	0.036869	1.293385	0.008850	-0.005509	0.098008	0.035217	-0.018756	-0.003781
1782835025.977863	-0.446812	0.036869	1.293385	0.008850	-0.005509	0.098008	0.035217	-0.018756	-0.003781
1782835025.988317	-0.446470	0.036664	1.293255	0.008885	-0.006751	0.101020	0.052576	-0.024604	-0.003480
1782835025.997787	-0.446470	0.036664	1.293255	0.008885	-0.006751	0.101020	0.052576	-0.024604	-0.003480
1782835026.009354	-0.446278	0.036603	1.293260	0.009922	-0.008493	0.102654	0.047881	-0.023995	-0.006103
1782835026.018104	-0.445794	0.036658	1.293039	0.010636	-0.006928	0.103701	0.047881	-0.023995	-0.006103
1782835026.028658	-0.445543	0.036483	1.293076	0.011425	-0.006568	0.106071	0.037042	-0.019014	0.003649
1782835026.038505	-0.445171	0.036292	1.292993	0.010866	-0.007670	0.108800	0.037042	-0.019014	0.003649
1782835026.048997	-0.444812	0.036298	1.292960	0.011865	-0.007219	0.109957	0.042661	-0.019157	0.010997
1782835026.059826	-0.444494	0.036162	1.293048	0.011266	-0.008116	0.112009	0.042661	-0.019157	0.010997
1782835026.069140	-0.444183	0.036127	1.292967	0.010708	-0.008153	0.115751	0.045271	-0.024417	0.022568
1782835026.079496	-0.443739	0.036144	1.293262	0.005919	-0.007354	0.119403	0.027288	-0.014763	0.019137
1782835026.089032	-0.443739	0.036144	1.293262	0.005919	-0.007354	0.119403	0.027288	-0.014763	0.019137
1782835026.097817	-0.443043	0.035954	1.293447	0.011036	-0.007522	0.123145	0.027288	-0.014763	0.019137
1782835026.108897	-0.443043	0.035954	1.293447	0.011036	-0.007522	0.123145	0.035491	-0.010305	0.004928
1782835026.119221	-0.442690	0.035976	1.293629	0.010744	-0.005838	0.124108	0.035491	-0.010305	0.004928
1782835026.129244	-0.442327	0.036050	1.293618	0.009222	-0.007165	0.126461	0.045337	-0.020547	0.033672
1782835026.137840	-0.441844	0.035956	1.293793	0.007301	-0.006704	0.128987	0.045337	-0.020547	0.033672
1782835026.150678	-0.441563	0.035834	1.293958	0.008794	-0.007710	0.132055	0.032711	-0.006610	0.012532
1782835026.157630	-0.441158	0.035796	1.294072	0.008018	-0.007676	0.134291	0.032711	-0.006610	0.012532
1782835026.167816	-0.440791	0.035841	1.294471	0.008452	-0.006233	0.135175	0.042183	-0.018140	0.031169
1782835026.181629	-0.440531	0.035706	1.294736	0.006031	-0.004583	0.137505	0.052340	-0.017276	0.023552
1782835026.187570	-0.440207	0.035739	1.294832	0.007216	-0.006171	0.141267	0.052340	-0.017276	0.023552
1782835026.197969	-0.440207	0.035739	1.294832	0.007216	-0.006171	0.141267	0.052340	-0.017276	0.023552
1782835026.209747	-0.439481	0.035693	1.294998	0.008354	-0.009215	0.144271	0.038147	-0.009489	0.000184
1782835026.219620	-0.439481	0.035693	1.294998	0.008354	-0.009215	0.144271	0.038147	-0.009489	0.000184
1782835026.228116	-0.438983	0.035578	1.294943	0.008283	-0.008725	0.146439	0.037089	-0.011033	0.007731
1782835026.237866	-0.438548	0.035633	1.295192	0.007493	-0.008780	0.148095	0.037089	-0.011033	0.007731
1782835026.248129	-0.438226	0.035708	1.295294	0.007827	-0.009811	0.148318	0.053677	-0.016595	0.011263
1782835026.258924	-0.438001	0.035781	1.295368	0.011583	-0.010830	0.150301	0.053677	-0.016595	0.011263
1782835026.267680	-0.437658	0.035729	1.295150	0.008520	-0.010478	0.153416	0.040084	-0.013404	-0.005239
1782835026.278025	-0.437354	0.035744	1.295208	0.006376	-0.011086	0.155553	0.040084	-0.013404	-0.005239
1782835026.288411	-0.437078	0.035795	1.295350	0.006638	-0.011268	0.157263	0.033389	-0.008714	0.000067
1782835026.299103	-0.437078	0.035795	1.295350	0.006638	-0.011268	0.157263	0.033389	-0.008714	0.000067
1782835026.308397	-0.436668	0.035757	1.295144	0.007461	-0.009901	0.159265	0.042950	-0.010501	0.005054
1782835026.320255	-0.436369	0.035867	1.295204	0.008511	-0.010035	0.160719	0.042950	-0.010501	0.005054
1782835026.329126	-0.435974	0.035892	1.295209	0.009712	-0.010655	0.161449	0.041153	-0.011847	0.019148
1782835026.338889	-0.435500	0.036069	1.295088	0.008402	-0.011471	0.165945	0.037655	-0.011036	0.022018
1782835026.347690	-0.435246	0.035939	1.295136	0.008156	-0.011029	0.167520	0.037655	-0.011036	0.022018
1782835026.357669	-0.435044	0.035973	1.294932	0.006424	-0.011890	0.171126	0.037655	-0.011036	0.022018
1782835026.367781	-0.434711	0.036163	1.295107	0.006248	-0.011438	0.172931	0.027806	-0.001934	0.004163
1782835026.377779	-0.434333	0.036246	1.295308	0.008342	-0.011855	0.173916	0.027806	-0.001934	0.004163
1782835026.388981	-0.434114	0.036402	1.295244	0.008498	-0.012207	0.175763	0.040888	-0.007893	0.014052
1782835026.399267	-0.434114	0.036402	1.295244	0.008498	-0.012207	0.175763	0.046560	-0.009782	0.002095
1782835026.408484	-0.433899	0.036482	1.295186	0.007957	-0.011645	0.177004	0.046560	-0.009782	0.002095
1782835026.420039	-0.433609	0.036502	1.295097	0.007090	-0.012016	0.178907	0.033042	-0.000696	-0.018424
1782835026.428343	-0.433220	0.036652	1.294866	0.006122	-0.011851	0.182374	0.033042	-0.000696	-0.018424
1782835026.438872	-0.432887	0.036599	1.294858	0.006668	-0.011222	0.184732	0.033042	-0.000696	-0.018424
1782835026.448895	-0.432680	0.036752	1.295049	0.007122	-0.009119	0.185868	0.043024	-0.004993	-0.003321
1782835026.461060	-0.432371	0.037012	1.294939	0.007836	-0.008595	0.187957	0.046779	-0.005450	-0.012087
1782835026.468730	-0.432171	0.037041	1.294957	0.007351	-0.008949	0.190468	0.046779	-0.005450	-0.012087
1782835026.480151	-0.431861	0.037324	1.294679	0.009067	-0.011272	0.192757	0.046779	-0.005450	-0.012087
1782835026.487897	-0.431674	0.037307	1.294910	0.008747	-0.010222	0.193886	0.033790	-0.002126	-0.003737
1782835026.497616	-0.431493	0.037305	1.294913	0.008449	-0.010529	0.196074	0.033790	-0.002126	-0.003737
1782835026.509753	-0.431493	0.037305	1.294913	0.008449	-0.010529	0.196074	0.037379	-0.002675	0.009959
1782835026.521150	-0.431263	0.037420	1.294840	0.008522	-0.011676	0.199601	0.037379	-0.002675	0.009959
1782835026.528624	-0.430910	0.037729	1.295132	0.008171	-0.010570	0.199478	0.038599	-0.003361	0.017138
1782835026.540820	-0.430699	0.037790	1.295173	0.008862	-0.010488	0.200980	0.023945	-0.001377	0.025128
1782835026.548398	-0.430332	0.038048	1.295114	0.007565	-0.010263	0.204046	0.023945	-0.001377	0.025128
1782835026.561583	-0.430211	0.038056	1.295266	0.008198	-0.010824	0.207571	0.022680	0.008096	0.024446
1782835026.567863	-0.429985	0.038220	1.295396	0.008706	-0.010667	0.208308	0.022680	0.008096	0.024446
1782835026.579314	-0.429805	0.038449	1.295587	0.010082	-0.010331	0.210510	0.022680	0.008096	0.024446
1782835026.588967	-0.429556	0.038559	1.295792	0.009114	-0.009516	0.211276	0.035389	-0.000839	0.036541
1782835026.597780	-0.429179	0.038818	1.295959	0.007409	-0.009340	0.213466	0.035389	-0.000839	0.036541
1782835026.609958	-0.429179	0.038818	1.295959	0.007409	-0.009340	0.213466	0.030654	0.002348	0.023303
1782835026.618483	-0.429004	0.039041	1.296227	0.009822	-0.010198	0.214697	0.030654	0.002348	0.023303
1782835026.629097	-0.428926	0.039014	1.296413	0.009558	-0.009268	0.217193	0.024560	0.011060	0.008351
1782835026.638077	-0.428817	0.039142	1.296449	0.009189	-0.009514	0.222244	0.041579	-0.002457	0.015278
1782835026.650563	-0.428469	0.039409	1.296688	0.012238	-0.009788	0.222591	0.041579	-0.002457	0.015278
1782835026.659292	-0.428252	0.039537	1.296820	0.014477	-0.008356	0.224178	0.045501	-0.000731	-0.008073
1782835026.667837	-0.427731	0.039702	1.296978	0.015060	-0.007658	0.226635	0.045501	-0.000731	-0.008073
1782835026.679912	-0.427725	0.040011	1.297103	0.016050	-0.007402	0.227159	0.045501	-0.000731	-0.008073
1782835026.687607	-0.427496	0.040151	1.297033	0.014873	-0.008541	0.229806	0.027955	0.008494	-0.024611
1782835026.698162	-0.427496	0.040151	1.297033	0.014873	-0.008541	0.229806	0.027955	0.008494	-0.024611
1782835026.709086	-0.427127	0.040224	1.296984	0.017073	-0.008618	0.232847	0.037540	-0.001929	-0.018411
1782835026.720355	-0.427127	0.040224	1.296984	0.017073	-0.008618	0.232847	0.037540	-0.001929	-0.018411
1782835026.728017	-0.426938	0.040442	1.297143	0.018341	-0.009184	0.234514	0.046199	-0.002601	-0.016226
1782835026.737865	-0.426660	0.040514	1.297012	0.018037	-0.007548	0.234571	0.046199	-0.002601	-0.016226
1782835026.750322	-0.426559	0.040802	1.297021	0.015320	-0.007895	0.237185	0.028703	0.002421	-0.020396
1782835026.759083	-0.426434	0.041023	1.297023	0.016210	-0.008606	0.239618	0.034105	-0.003105	-0.002841
1782835026.768223	-0.426207	0.041109	1.297103	0.016261	-0.008537	0.240786	0.034105	-0.003105	-0.002841
1782835026.777765	-0.425947	0.041171	1.297073	0.015604	-0.010467	0.243892	0.039273	-0.004396	0.000725
1782835026.788013	-0.425787	0.041253	1.296987	0.017346	-0.009889	0.245793	0.039273	-0.004396	0.000725
1782835026.798520	-0.425787	0.041253	1.296987	0.017346	-0.009889	0.245793	0.039273	-0.004396	0.000725
1782835026.809838	-0.425541	0.041432	1.297360	0.018463	-0.009320	0.245586	0.024430	-0.002912	0.002015
1782835026.817589	-0.425351	0.041486	1.297359	0.019597	-0.009867	0.247845	0.023475	0.001263	0.014193
1782835026.828751	-0.425031	0.041584	1.297504	0.017631	-0.010540	0.250952	0.023475	0.001263	0.014193
1782835026.837736	-0.424899	0.041656	1.297760	0.017740	-0.011417	0.251787	0.031700	-0.004600	0.017910
1782835026.848609	-0.424755	0.041704	1.297847	0.015752	-0.010920	0.254130	0.031700	-0.004600	0.017910
1782835026.858443	-0.424459	0.041703	1.298075	0.015548	-0.009727	0.256204	0.031700	-0.004600	0.017910
1782835026.868500	-0.424373	0.041841	1.298230	0.015487	-0.009850	0.257802	0.027931	-0.003640	0.014751
1782835026.878145	-0.424151	0.041977	1.298568	0.019088	-0.012008	0.258900	0.027931	-0.003640	0.014751
1782835026.888135	-0.424151	0.041977	1.298568	0.019088	-0.012008	0.258900	0.022854	-0.000074	0.006674
1782835026.901455	-0.423884	0.042023	1.298697	0.019527	-0.011255	0.259194	0.033904	-0.005448	0.016927
1782835026.908955	-0.423684	0.042098	1.298723	0.018992	-0.011075	0.261070	0.033904	-0.005448	0.016927
1782835026.918210	-0.423537	0.042225	1.298865	0.015123	-0.011777	0.264509	0.033904	-0.005448	0.016927
1782835026.928359	-0.423248	0.042250	1.298844	0.017186	-0.011827	0.265901	0.031233	-0.006431	0.005689
1782835026.943812	-0.423040	0.042158	1.298835	0.017477	-0.011474	0.268968	0.019432	0.002619	-0.014354
1782835026.950368	-0.422888	0.042271	1.299026	0.016517	-0.010750	0.270580	0.019432	0.002619	-0.014354
1782835026.960134	-0.422753	0.042484	1.299255	0.018985	-0.011164	0.270403	0.033634	-0.008956	-0.006266
1782835026.968725	-0.422544	0.042442	1.299274	0.017053	-0.011854	0.273100	0.033634	-0.008956	-0.006266
1782835026.978350	-0.422340	0.042396	1.299272	0.015643	-0.011945	0.275458	0.033634	-0.008956	-0.006266
1782835026.989951	-0.422340	0.042396	1.299272	0.015643	-0.011945	0.275458	0.040773	-0.010689	-0.023224
1782835026.998051	-0.422249	0.042682	1.299194	0.015563	-0.011594	0.277442	0.040773	-0.010689	-0.023224
1782835027.009694	-0.421822	0.042534	1.299290	0.015655	-0.010265	0.278846	0.024373	-0.000687	-0.041170
1782835027.017889	-0.421611	0.042574	1.299290	0.011611	-0.007462	0.280874	0.024373	-0.000687	-0.041170
1782835027.029354	-0.421521	0.042679	1.299152	0.012947	-0.007979	0.281063	0.027699	-0.006974	-0.023516
1782835027.039633	-0.421407	0.042798	1.298997	0.013522	-0.007147	0.282038	0.037334	-0.014279	-0.011201
1782835027.048047	-0.421288	0.042631	1.298731	0.011520	-0.009392	0.284517	0.037334	-0.014279	-0.011201
1782835027.058587	-0.420981	0.042755	1.298530	0.012278	-0.011031	0.286640	0.018686	-0.006513	-0.025477
1782835027.067797	-0.420972	0.042735	1.298718	0.013751	-0.010399	0.287590	0.018686	-0.006513	-0.025477
1782835027.085173	-0.420606	0.042719	1.298770	0.015354	-0.009757	0.288848	0.018686	-0.006513	-0.025477
1782835027.088907	-0.420359	0.042756	1.298762	0.014543	-0.009857	0.290443	0.016481	-0.005135	-0.002549
1782835027.099376	-0.420359	0.042756	1.298762	0.014543	-0.009857	0.290443	0.016481	-0.005135	-0.002549
1782835027.108929	-0.420303	0.042777	1.298874	0.015291	-0.009707	0.291004	0.026225	-0.010914	0.019258
1782835027.117791	-0.420200	0.042789	1.298916	0.015536	-0.010647	0.291555	0.026225	-0.010914	0.019258
1782835027.130245	-0.419945	0.042711	1.298943	0.014363	-0.011125	0.294938	0.015625	-0.008227	0.009812
1782835027.139185	-0.419881	0.042744	1.299068	0.013911	-0.010520	0.296166	0.015625	-0.008227	0.009812
1782835027.149135	-0.419757	0.042699	1.299127	0.014772	-0.011373	0.298352	0.007584	-0.003234	0.022644
1782835027.157876	-0.419458	0.042817	1.299406	0.016578	-0.012689	0.300816	0.007584	-0.003234	0.022644
1782835027.167633	-0.419379	0.042734	1.299590	0.017834	-0.012973	0.301598	0.020453	-0.010684	0.013835
1782835027.181952	-0.419165	0.042888	1.299728	0.016545	-0.013451	0.304370	0.020453	-0.010684	0.013835
1782835027.188426	-0.419240	0.042993	1.299800	0.019097	-0.013686	0.305485	0.015784	-0.008918	0.000974
1782835027.197870	-0.419240	0.042993	1.299800	0.019097	-0.013686	0.305485	0.015784	-0.008918	0.000974
1782835027.210944	-0.419081	0.042842	1.299950	0.017099	-0.013645	0.306989	0.011747	-0.007910	-0.006399
1782835027.219580	-0.419019	0.042833	1.299892	0.015507	-0.014202	0.310942	0.011747	-0.007910	-0.006399
1782835027.228816	-0.418807	0.042834	1.300130	0.015011	-0.011605	0.311002	0.023418	-0.008916	-0.019734
1782835027.238225	-0.418794	0.042806	1.300190	0.016851	-0.011323	0.312852	0.023418	-0.008916	-0.019734
1782835027.249753	-0.418597	0.042756	1.300268	0.014378	-0.011065	0.313450	0.026364	-0.015531	-0.021207
1782835027.258660	-0.418615	0.042818	1.300154	0.014646	-0.010308	0.314553	0.026364	-0.015531	-0.021207
1782835027.267591	-0.418439	0.042855	1.300002	0.012538	-0.011094	0.316881	0.020503	-0.013876	-0.021257
1782835027.277789	-0.418439	0.042855	1.300002	0.012538	-0.011094	0.316881	0.020503	-0.013876	-0.021257
1782835027.289182	-0.418335	0.042650	1.299980	0.012076	-0.011329	0.321799	0.018097	-0.007385	-0.022863
1782835027.299174	-0.418335	0.042650	1.299980	0.012076	-0.011329	0.321799	0.018097	-0.007385	-0.022863
1782835027.309338	-0.418270	0.042699	1.299917	0.013586	-0.011598	0.323187	0.024749	-0.017199	0.000994
1782835027.318246	-0.418051	0.042691	1.300008	0.014493	-0.010711	0.323011	0.024749	-0.017199	0.000994
1782835027.329072	-0.418083	0.042563	1.299705	0.011584	-0.012748	0.327345	0.010421	-0.010941	-0.011952
1782835027.341137	-0.418083	0.042563	1.299705	0.011584	-0.012748	0.327345	0.010421	-0.010941	-0.011952
1782835027.348022	-0.418021	0.042612	1.299702	0.009902	-0.012600	0.329162	0.005426	-0.004375	-0.001862
1782835027.357766	-0.417928	0.042493	1.299702	0.010784	-0.011827	0.331404	0.005426	-0.004375	-0.001862
1782835027.367767	-0.417695	0.042536	1.299828	0.009348	-0.010626	0.333818	0.016833	-0.014113	0.013881
1782835027.378462	-0.417695	0.042536	1.299828	0.009348	-0.010626	0.333818	0.016833	-0.014113	0.013881
1782835027.387741	-0.417612	0.042607	1.299858	0.010693	-0.010730	0.336269	0.001219	-0.005773	-0.001040
1782835027.398981	-0.417612	0.042607	1.299858	0.010693	-0.010730	0.336269	0.001103	-0.001380	0.002260
1782835027.409334	-0.417581	0.042680	1.299795	0.011548	-0.008828	0.337375	0.001103	-0.001380	0.002260
1782835027.419465	-0.417472	0.042772	1.299776	0.009533	-0.009348	0.339454	0.001103	-0.001380	0.002260
1782835027.430780	-0.417444	0.042777	1.299679	0.006763	-0.009854	0.341991	0.017165	-0.007912	0.013013
1782835027.485632	-0.416926	0.042758	1.299158	0.011548	-0.010209	0.351242	0.024429	-0.009013	-0.016264
1782835027.491452	-0.416926	0.042758	1.299158	0.011548	-0.010209	0.351242	0.024429	-0.009013	-0.016264
1782835027.504394	-0.416913	0.042853	1.299106	0.011699	-0.009563	0.352854	0.024429	-0.009013	-0.016264
1782835027.510527	-0.416933	0.042959	1.298975	0.011019	-0.009012	0.354791	0.020914	-0.007942	-0.043375
1782835027.519930	-0.416821	0.042960	1.298799	0.010907	-0.006725	0.355816	0.020914	-0.007942	-0.043375
1782835027.530507	-0.416778	0.043168	1.298587	0.010027	-0.007749	0.357166	0.009959	0.000680	-0.055427
1782835027.544672	-0.416885	0.043324	1.298209	0.009237	-0.009481	0.357850	0.016688	-0.006893	-0.034434
1782835027.550099	-0.416629	0.043189	1.298031	0.006880	-0.009350	0.360190	0.016688	-0.006893	-0.034434
1782835027.562718	-0.416708	0.043162	1.297481	0.010468	-0.010749	0.361907	0.016688	-0.006893	-0.034434
1782835027.570149	-0.416658	0.043246	1.297317	0.011153	-0.010287	0.363542	0.021842	-0.010396	-0.032340
1782835027.582311	-0.416582	0.043363	1.297187	0.013562	-0.009695	0.363952	0.021842	-0.010396	-0.032340
1782835027.591892	-0.416582	0.043363	1.297187	0.013562	-0.009695	0.363952	0.004291	-0.000621	-0.039446
1782835027.602072	-0.416496	0.043437	1.296988	0.014561	-0.009194	0.365682	0.014327	-0.008051	-0.014504
1782835027.611037	-0.416372	0.043532	1.296672	0.011812	-0.009972	0.367703	0.014327	-0.008051	-0.014504
1782835027.621192	-0.416421	0.043690	1.296516	0.012781	-0.010856	0.368137	0.015047	-0.004554	-0.021251
1782835027.629877	-0.416356	0.043736	1.296381	0.012729	-0.011673	0.368634	0.015047	-0.004554	-0.021251
1782835027.639994	-0.416263	0.043684	1.296355	0.011920	-0.011208	0.372376	0.007636	-0.000219	-0.021222
1782835027.651590	-0.416245	0.043757	1.296390	0.013320	-0.012203	0.372816	0.007636	-0.000219	-0.021222
1782835027.661914	-0.416295	0.043851	1.296428	0.013282	-0.012153	0.374536	0.022224	-0.005694	-0.002011
1782835027.669379	-0.416278	0.043932	1.296723	0.010144	-0.010195	0.375922	0.022224	-0.005694	-0.002011
1782835027.680919	-0.416252	0.044042	1.296824	0.010921	-0.009383	0.377615	0.004754	0.002283	-0.016854
1782835027.689334	-0.416252	0.044042	1.296824	0.010921	-0.009383	0.377615	0.004754	0.002283	-0.016854
1782835027.700650	-0.416231	0.044195	1.296956	0.009861	-0.009733	0.378215	0.007040	-0.001826	0.007875
1782835027.710475	-0.416224	0.044309	1.297085	0.010552	-0.010554	0.379226	0.007040	-0.001826	0.007875
1782835027.719673	-0.416252	0.044431	1.297431	0.010832	-0.010488	0.381281	0.014648	-0.006199	0.021799
1782835027.729424	-0.416291	0.044381	1.297675	0.011625	-0.010074	0.384134	0.014648	-0.006199	0.021799
1782835027.739945	-0.416370	0.044464	1.297932	0.009678	-0.010809	0.386199	-0.001439	0.003276	0.004699
1782835027.749842	-0.416340	0.044555	1.298360	0.013558	-0.013841	0.386947	-0.001439	0.003276	0.004699
1782835027.764106	-0.416340	0.044555	1.298360	0.013558	-0.013841	0.386947	0.005129	0.001941	0.021940
1782835027.769779	-0.416292	0.044576	1.298745	0.015756	-0.012956	0.389361	0.005129	0.001941	0.021940
1782835027.781807	-0.416453	0.044757	1.299160	0.015801	-0.012689	0.390879	0.012501	-0.004866	0.020114
1782835027.789294	-0.416453	0.044757	1.299160	0.015801	-0.012689	0.390879	0.012501	-0.004866	0.020114
1782835027.799614	-0.416526	0.044947	1.299332	0.016381	-0.012814	0.391679	-0.001195	0.009040	-0.002779
1782835027.809961	-0.416441	0.044951	1.299544	0.014735	-0.012393	0.394090	-0.001195	0.009040	-0.002779
1782835027.822430	-0.416471	0.044867	1.299677	0.013297	-0.012059	0.396029	0.003055	-0.000335	0.012752
1782835027.829823	-0.416460	0.044885	1.299846	0.012344	-0.011254	0.397932	0.003055	-0.000335	0.012752
1782835027.839649	-0.416401	0.044996	1.300117	0.012563	-0.010214	0.398733	0.014552	-0.004215	0.015622
1782835027.849586	-0.416347	0.045167	1.300265	0.014806	-0.010937	0.399725	0.014552	-0.004215	0.015622
1782835027.863801	-0.416336	0.045331	1.300431	0.014755	-0.010686	0.402187	-0.000561	0.007735	-0.009934
1782835027.870489	-0.416439	0.045533	1.300501	0.016538	-0.011415	0.402411	-0.000561	0.007735	-0.009934
1782835027.879553	-0.416439	0.045533	1.300501	0.016538	-0.011415	0.402411	0.001979	0.004206	0.003441
1782835027.889698	-0.416582	0.045644	1.300486	0.012030	-0.010494	0.404706	0.001979	0.004206	0.003441
1782835027.904164	-0.416582	0.045644	1.300486	0.012030	-0.010494	0.404706	0.016171	-0.004411	0.005741
1782835027.913984	-0.416651	0.045936	1.300620	0.014519	-0.011427	0.407823	0.016171	-0.004411	0.005741
1782835027.920938	-0.416519	0.045957	1.300714	0.016243	-0.011079	0.408648	0.001863	0.006694	-0.018394
1782835027.930721	-0.416553	0.046145	1.300756	0.011746	-0.008231	0.409894	0.001863	0.006694	-0.018394
1782835027.940217	-0.416668	0.046280	1.300748	0.011910	-0.008854	0.410752	0.001863	0.006694	-0.018394
1782835027.951779	-0.416755	0.046478	1.300644	0.011263	-0.009273	0.411862	0.001585	0.005500	-0.012619
1782835027.960607	-0.416720	0.046503	1.300653	0.008562	-0.007969	0.412892	0.013985	-0.001704	-0.000767
1782835027.975582	-0.416883	0.046628	1.300418	0.006316	-0.007626	0.415384	0.013985	-0.001704	-0.000767
1782835027.991767	-0.416883	0.046628	1.300418	0.006316	-0.007626	0.415384	-0.001912	0.008642	-0.017528
1782835027.995826	-0.417052	0.046854	1.300561	0.008150	-0.007617	0.416748	-0.001912	0.008642	-0.017528
1782835028.004354	-0.417010	0.047069	1.300621	0.008681	-0.006114	0.417358	0.004374	0.005993	-0.009563
1782835028.013281	-0.417036	0.047211	1.300592	0.007861	-0.006007	0.419411	0.004374	0.005993	-0.009563
1782835028.022938	-0.417119	0.047483	1.300630	0.008474	-0.005692	0.420821	0.014254	-0.001461	-0.000320
1782835028.030255	-0.417119	0.047483	1.300630	0.008474	-0.005692	0.420821	0.014254	-0.001461	-0.000320
1782835028.041720	-0.417199	0.047904	1.300526	0.010507	-0.005800	0.424838	0.007090	0.008987	-0.011197
1782835028.052800	-0.417394	0.047898	1.300611	0.009312	-0.005917	0.427294	0.007090	0.008987	-0.011197
1782835028.062769	-0.417455	0.048014	1.300702	0.010889	-0.006350	0.429056	0.011434	0.010992	-0.000979
1782835028.072254	-0.417455	0.048014	1.300702	0.010889	-0.006350	0.429056	0.011434	0.010992	-0.000979
1782835028.083823	-0.417504	0.048388	1.301105	0.014592	-0.004919	0.431273	0.015301	0.001284	0.010823
1782835028.091862	-0.417504	0.048388	1.301105	0.014592	-0.004919	0.431273	0.015301	0.001284	0.010823
1782835028.102336	-0.417527	0.048669	1.301254	0.017451	-0.006794	0.433530	0.004305	0.010661	0.001111
1782835028.110426	-0.417579	0.048848	1.301447	0.015475	-0.006285	0.434907	0.004305	0.010661	0.001111
1782835028.122237	-0.417579	0.048848	1.301447	0.015475	-0.006285	0.434907	0.007966	0.009320	0.014102
1782835028.130388	-0.417725	0.049217	1.301705	0.010324	-0.006158	0.439752	0.007966	0.009320	0.014102
1782835028.140971	-0.417757	0.049470	1.301763	0.010899	-0.006653	0.441730	0.007966	0.009320	0.014102
1782835028.150473	-0.417795	0.049740	1.301918	0.011488	-0.006635	0.443357	0.009988	0.003125	0.023363
1782835028.159633	-0.417796	0.050073	1.302145	0.011047	-0.005316	0.444759	0.004183	0.009639	0.012222
1782835028.169541	-0.417710	0.050226	1.302298	0.012793	-0.005841	0.445958	0.004183	0.009639	0.012222
1782835028.179445	-0.417710	0.050226	1.302298	0.012793	-0.005841	0.445958	0.009522	0.007975	0.000668
1782835028.190999	-0.417788	0.050448	1.302187	0.013049	-0.006161	0.448084	0.009522	0.007975	0.000668
1782835028.200901	-0.417729	0.050499	1.302277	0.012610	-0.005586	0.448561	0.015827	0.000620	-0.005410
1782835028.209412	-0.417675	0.050742	1.302226	0.014205	-0.006351	0.450529	0.015827	0.000620	-0.005410
1782835028.219689	-0.417642	0.050932	1.302243	0.015098	-0.007143	0.453021	0.008771	0.007704	-0.014568
1782835028.230285	-0.417497	0.051136	1.302224	0.017402	-0.006630	0.452874	0.008771	0.007704	-0.014568
1782835028.239774	-0.417467	0.051483	1.302047	0.016976	-0.005460	0.455404	0.008771	0.007704	-0.014568
1782835028.250514	-0.417258	0.051647	1.301817	0.017874	-0.004700	0.457108	0.008771	0.007704	-0.014568
1782835028.259835	-0.417284	0.051901	1.301805	0.018097	-0.005072	0.458404	0.024646	0.001086	-0.023725
1782835028.270564	-0.417159	0.052120	1.301473	0.014168	-0.003700	0.460501	0.024646	0.001086	-0.023725
1782835028.279817	-0.417141	0.052258	1.301337	0.014315	-0.003134	0.462271	0.014208	0.002741	-0.024930
1782835028.289699	-0.417141	0.052258	1.301337	0.014315	-0.003134	0.462271	0.014208	0.002741	-0.024930
1782835028.299824	-0.417096	0.052500	1.301205	0.017202	-0.004750	0.463303	0.020717	0.005127	-0.018546
1782835028.309875	-0.416920	0.052795	1.301064	0.017730	-0.004070	0.464910	0.020717	0.005127	-0.018546
1782835028.320369	-0.416827	0.053021	1.300964	0.020398	-0.003818	0.465416	0.029803	-0.000604	-0.020698
1782835028.329479	-0.416697	0.053369	1.300842	0.019871	-0.005438	0.466838	0.029803	-0.000604	-0.020698
1782835028.344354	-0.416615	0.053524	1.300658	0.019549	-0.005287	0.468193	0.022227	0.005085	-0.019605
1782835028.350986	-0.416286	0.053650	1.300412	0.016717	-0.005196	0.471536	0.022227	0.005085	-0.019605
1782835028.359609	-0.416335	0.053842	1.300241	0.017263	-0.005780	0.473049	0.022227	0.005085	-0.019605
1782835028.370850	-0.416335	0.053842	1.300241	0.017263	-0.005780	0.473049	0.029046	0.003909	-0.010829
1782835028.379380	-0.416241	0.054173	1.300118	0.017427	-0.005767	0.473535	0.029046	0.003909	-0.010829
1782835028.390465	-0.416061	0.054398	1.300199	0.019406	-0.006698	0.474572	0.028201	0.002042	-0.011552
1782835028.400728	-0.415954	0.054590	1.300133	0.017923	-0.006221	0.476731	0.021365	0.003294	0.002166
1782835028.409459	-0.415783	0.054809	1.300188	0.016283	-0.007144	0.478197	0.021365	0.003294	0.002166
1782835028.419571	-0.415500	0.055039	1.300200	0.019476	-0.006013	0.479296	0.032778	-0.001696	0.006336
1782835028.430169	-0.415222	0.055222	1.300227	0.016616	-0.007042	0.481550	0.032778	-0.001696	0.006336
1782835028.439517	-0.415161	0.055309	1.300158	0.016277	-0.008661	0.483990	0.032778	-0.001696	0.006336
1782835028.450125	-0.415017	0.055531	1.300209	0.015939	-0.009132	0.484500	0.022475	-0.000131	0.001675
1782835028.459646	-0.414723	0.055916	1.300084	0.018623	-0.009067	0.485529	0.022475	-0.000131	0.001675
1782835028.469765	-0.414420	0.055963	1.300207	0.019350	-0.006684	0.487858	0.019523	0.001605	0.012188
1782835028.479369	-0.414370	0.056378	1.300122	0.018022	-0.007888	0.488144	0.019523	0.001605	0.012188
1782835028.489353	-0.414370	0.056378	1.300122	0.018022	-0.007888	0.488144	0.031913	-0.003423	0.006813
1782835028.500316	-0.414202	0.056571	1.300130	0.019232	-0.007891	0.489580	0.031913	-0.003423	0.006813
1782835028.509959	-0.413900	0.056875	1.299997	0.017499	-0.007243	0.491267	0.025186	-0.001609	-0.015388
1782835028.519592	-0.413696	0.056946	1.299805	0.016685	-0.008990	0.493217	0.021505	0.000072	-0.009443
1782835028.529412	-0.413501	0.057103	1.299762	0.015170	-0.008816	0.494243	0.021505	0.000072	-0.009443
1782835028.539448	-0.413258	0.057225	1.299594	0.016844	-0.009357	0.494667	0.021505	0.000072	-0.009443
1782835028.550576	-0.413081	0.057381	1.299547	0.017839	-0.009795	0.496571	0.036788	-0.008413	-0.004600
1782835028.560738	-0.412864	0.057714	1.299463	0.015757	-0.008976	0.497795	0.029864	-0.000961	-0.032974
1782835028.569523	-0.412654	0.057898	1.299288	0.015023	-0.008001	0.498940	0.029864	-0.000961	-0.032974
1782835028.579600	-0.412497	0.058130	1.299011	0.014801	-0.008577	0.500836	0.029864	-0.000961	-0.032974
1782835028.589629	-0.412497	0.058130	1.299011	0.014801	-0.008577	0.500836	0.023804	-0.000663	-0.028027
1782835028.601427	-0.412330	0.058479	1.298757	0.014562	-0.008306	0.501380	0.037070	-0.009059	-0.015734
1782835028.610693	-0.411980	0.058574	1.298574	0.015432	-0.010468	0.502059	0.037070	-0.009059	-0.015734
1782835028.621042	-0.411980	0.058574	1.298574	0.015432	-0.010468	0.502059	0.029131	-0.002071	-0.031625
1782835028.629523	-0.411361	0.058734	1.298467	0.016023	-0.009696	0.505455	0.029131	-0.002071	-0.031625
1782835028.640071	-0.411030	0.058861	1.298290	0.017182	-0.009619	0.505212	0.029131	-0.002071	-0.031625
1782835028.649620	-0.411005	0.059087	1.298350	0.016228	-0.009382	0.506011	0.027925	-0.004905	-0.019600
1782835028.660573	-0.411005	0.059087	1.298350	0.016228	-0.009382	0.506011	0.027925	-0.004905	-0.019600
1782835028.669507	-0.410556	0.059574	1.298111	0.015129	-0.013068	0.508694	0.040625	-0.008621	-0.011041
1782835028.680564	-0.410387	0.059688	1.298049	0.014790	-0.012938	0.509349	0.040625	-0.008621	-0.011041
1782835028.689667	-0.410387	0.059688	1.298049	0.014790	-0.012938	0.509349	0.028911	0.000330	-0.029826
1782835028.700159	-0.410188	0.059882	1.298070	0.016309	-0.013512	0.510697	0.032148	-0.005418	-0.002714
1782835028.710922	-0.410010	0.060093	1.298006	0.015654	-0.014756	0.512855	0.032148	-0.005418	-0.002714
1782835028.721870	-0.409830	0.060350	1.298048	0.017254	-0.013792	0.513727	0.035492	-0.009599	0.000943
1782835028.729415	-0.409539	0.060433	1.298246	0.018407	-0.012799	0.513583	0.035492	-0.009599	0.000943
1782835028.739505	-0.409291	0.060570	1.298068	0.015610	-0.014722	0.514315	0.035492	-0.009599	0.000943
1782835028.750540	-0.409112	0.060764	1.298170	0.013864	-0.014183	0.515682	0.017936	-0.000820	-0.006464
1782835028.761234	-0.408915	0.061003	1.298347	0.015819	-0.016479	0.515242	0.026366	-0.006306	0.023835
1782835028.769973	-0.408915	0.061003	1.298347	0.015819	-0.016479	0.515242	0.026366	-0.006306	0.023835
1782835028.779451	-0.408623	0.061106	1.298564	0.017007	-0.016303	0.519993	0.026366	-0.006306	0.023835
1782835028.789557	-0.408623	0.061106	1.298564	0.017007	-0.016303	0.519993	0.023912	-0.004899	0.016137
1782835028.801346	-0.408385	0.061290	1.298775	0.017921	-0.016139	0.520598	0.009881	0.000567	0.012514
1782835028.809480	-0.408219	0.061433	1.298987	0.016819	-0.014659	0.522047	0.009881	0.000567	0.012514
1782835028.820282	-0.407989	0.061611	1.299136	0.018301	-0.014389	0.521748	0.018983	-0.005414	0.028891
1782835028.829509	-0.407935	0.061698	1.299126	0.015705	-0.014544	0.522215	0.018983	-0.005414	0.028891
1782835028.840021	-0.407832	0.061816	1.299288	0.016948	-0.015421	0.522973	0.024256	-0.008929	0.014594
1782835028.849644	-0.407666	0.061880	1.299204	0.015409	-0.015048	0.524627	0.024256	-0.008929	0.014594
1782835028.859589	-0.407546	0.061915	1.299159	0.014784	-0.016462	0.526274	0.024256	-0.008929	0.014594
1782835028.869976	-0.407465	0.062118	1.299264	0.015905	-0.015437	0.525315	0.007563	0.002952	-0.012818
1782835028.880352	-0.407329	0.062220	1.299299	0.018132	-0.013687	0.524839	0.007563	0.002952	-0.012818
1782835028.889413	-0.407329	0.062220	1.299299	0.018132	-0.013687	0.524839	0.009423	-0.004347	-0.003544
1782835028.899667	-0.407185	0.062287	1.298960	0.017113	-0.017077	0.526700	0.025178	-0.012667	-0.006292
1782835028.909457	-0.407170	0.062483	1.298900	0.017636	-0.018482	0.526895	0.025178	-0.012667	-0.006292
1782835028.922141	-0.407070	0.062457	1.298615	0.016951	-0.018925	0.527689	0.025178	-0.012667	-0.006292
1782835028.931264	-0.406961	0.062495	1.298497	0.015462	-0.019152	0.530151	0.011483	-0.004016	-0.036631
1782835028.940170	-0.406861	0.062598	1.298357	0.017168	-0.017734	0.529950	0.008681	-0.007045	-0.036086
1782835028.949476	-0.406662	0.062635	1.298229	0.018026	-0.018107	0.529687	0.008681	-0.007045	-0.036086
1782835028.960069	-0.406505	0.062728	1.297918	0.019203	-0.019048	0.530909	0.022201	-0.017203	-0.024873
1782835028.969825	-0.406567	0.062624	1.297722	0.020758	-0.019219	0.531099	0.022201	-0.017203	-0.024873
1782835028.979965	-0.406440	0.062846	1.297440	0.018985	-0.018670	0.533423	0.022201	-0.017203	-0.024873
1782835028.989617	-0.406440	0.062846	1.297440	0.018985	-0.018670	0.533423	0.011072	-0.011699	-0.040360
1782835029.000379	-0.406265	0.062754	1.297144	0.019348	-0.017486	0.534352	0.011072	-0.011699	-0.040360
1782835029.010079	-0.406329	0.062771	1.296983	0.019274	-0.017951	0.535607	-0.006154	-0.003832	-0.026806
1782835029.019788	-0.406349	0.062806	1.296793	0.017621	-0.017155	0.535847	0.012154	-0.017147	-0.017948
1782835029.030737	-0.406089	0.062795	1.296703	0.017122	-0.015461	0.536101	0.012154	-0.017147	-0.017948
1782835029.040010	-0.406073	0.062690	1.296527	0.015366	-0.015669	0.537852	0.008653	-0.014643	-0.008222
1782835029.049684	-0.406032	0.062736	1.296164	0.012182	-0.017504	0.539740	0.008653	-0.014643	-0.008222
1782835029.059533	-0.405916	0.062802	1.296304	0.014291	-0.015935	0.539655	0.008653	-0.014643	-0.008222
1782835029.069583	-0.406007	0.062632	1.296046	0.011377	-0.016551	0.541329	-0.002034	-0.009690	-0.006875
1782835029.081663	-0.406007	0.062632	1.296046	0.011377	-0.016551	0.541329	-0.000979	-0.013629	-0.009857
1782835029.091024	-0.405945	0.062585	1.296176	0.011688	-0.017820	0.542958	-0.000979	-0.013629	-0.009857
1782835029.101114	-0.406037	0.062547	1.296287	0.013175	-0.018349	0.544089	-0.000979	-0.013629	-0.009857
1782835029.111351	-0.406140	0.062567	1.296543	0.016331	-0.019459	0.544356	0.001753	-0.011331	-0.002278
1782835029.121107	-0.405971	0.062473	1.296656	0.016178	-0.017209	0.545192	-0.003518	-0.013700	0.030423
1782835029.134631	-0.405819	0.062402	1.296983	0.017808	-0.016896	0.546051	-0.003518	-0.013700	0.030423
1782835029.145662	-0.405819	0.062402	1.296983	0.017808	-0.016896	0.546051	-0.003830	-0.010247	-0.007645
1782835029.155136	-0.405956	0.062399	1.297132	0.018182	-0.016486	0.546856	-0.003830	-0.010247	-0.007645
1782835029.163014	-0.405841	0.062106	1.297554	0.019154	-0.017270	0.550783	-0.003830	-0.010247	-0.007645
1782835029.171390	-0.405907	0.062048	1.297626	0.019731	-0.018262	0.551790	-0.014076	-0.013534	0.018752
1782835029.181008	-0.405907	0.062048	1.297626	0.019731	-0.018262	0.551790	-0.008422	-0.014113	0.033039
1782835029.189809	-0.405907	0.062048	1.297626	0.019731	-0.018262	0.551790	-0.008422	-0.014113	0.033039
1782835029.202769	-0.405949	0.061733	1.298039	0.020511	-0.016761	0.553073	-0.008422	-0.014113	0.033039
1782835029.210715	-0.405886	0.061630	1.298217	0.019826	-0.016108	0.554233	-0.004748	-0.018793	0.025628
1782835029.219566	-0.405993	0.061699	1.298541	0.018176	-0.014801	0.553373	-0.016869	-0.010345	0.005833
1782835029.230188	-0.405993	0.061699	1.298541	0.018176	-0.014801	0.553373	-0.016869	-0.010345	0.005833
1782835029.240778	-0.406211	0.061288	1.298588	0.013408	-0.015038	0.556830	-0.016869	-0.010345	0.005833
1782835029.251263	-0.406244	0.061133	1.298748	0.011501	-0.014232	0.557238	-0.006192	-0.015178	0.012472
1782835029.260570	-0.406232	0.060880	1.298937	0.013586	-0.013721	0.557709	-0.006192	-0.015178	0.012472
1782835029.269465	-0.406161	0.060779	1.298933	0.012718	-0.012911	0.558955	0.001441	-0.022342	0.002211
1782835029.280714	-0.406234	0.060673	1.299073	0.012882	-0.010858	0.560043	0.001441	-0.022342	0.002211
1782835029.289395	-0.406234	0.060673	1.299073	0.012882	-0.010858	0.560043	-0.010492	-0.016416	-0.020619
1782835029.304039	-0.406257	0.060473	1.299135	0.015220	-0.010942	0.559427	-0.006590	-0.017468	-0.017674
1782835029.309596	-0.406221	0.060425	1.299087	0.013153	-0.011594	0.561693	-0.006590	-0.017468	-0.017674
1782835029.319769	-0.406350	0.060169	1.299028	0.014627	-0.012629	0.562708	0.003291	-0.024646	-0.010988
1782835029.330601	-0.406383	0.059996	1.298886	0.016429	-0.013587	0.562792	0.003291	-0.024646	-0.010988
1782835029.341701	-0.406291	0.059930	1.298874	0.016326	-0.012453	0.563583	-0.004979	-0.019052	-0.026191
1782835029.351203	-0.406291	0.059930	1.298874	0.016326	-0.012453	0.563583	-0.004979	-0.019052	-0.026191
1782835029.362046	-0.406416	0.059655	1.298812	0.016434	-0.012312	0.564863	-0.005436	-0.018858	-0.019289
1782835029.369591	-0.406355	0.059528	1.298878	0.016853	-0.011233	0.565504	-0.005436	-0.018858	-0.019289
1782835029.383245	-0.406464	0.059176	1.298644	0.014246	-0.012566	0.567067	-0.005436	-0.018858	-0.019289
1782835029.389432	-0.406464	0.059176	1.298644	0.014246	-0.012566	0.567067	0.002658	-0.026991	0.004327
1782835029.400548	-0.406464	0.059176	1.298644	0.014246	-0.012566	0.567067	0.002658	-0.026991	0.004327
1782835029.410759	-0.406746	0.058755	1.298908	0.015320	-0.012524	0.569033	-0.007072	-0.022437	-0.013884
1782835029.422133	-0.406654	0.058511	1.298936	0.015760	-0.010270	0.569871	-0.009395	-0.022066	0.005685
1782835029.430563	-0.406760	0.058413	1.298977	0.015266	-0.010344	0.570438	-0.009395	-0.022066	0.005685
1782835029.441784	-0.406734	0.058518	1.299250	0.014818	-0.010393	0.570845	-0.000562	-0.027618	0.021826
1782835029.449512	-0.406743	0.058318	1.299225	0.014244	-0.008406	0.570732	-0.000562	-0.027618	0.021826
1782835029.462916	-0.406738	0.058116	1.299374	0.014353	-0.009834	0.573448	-0.000562	-0.027618	0.021826
1782835029.469558	-0.406716	0.057961	1.299460	0.013994	-0.009773	0.574985	-0.018239	-0.018635	0.000674
1782835029.479463	-0.406888	0.057880	1.299625	0.016281	-0.011182	0.574671	-0.018239	-0.018635	0.000674
1782835029.490181	-0.406888	0.057880	1.299625	0.016281	-0.011182	0.574671	-0.018239	-0.018635	0.000674
1782835029.500005	-0.406687	0.057606	1.299581	0.016001	-0.011788	0.576616	-0.015804	-0.018432	0.020580
1782835029.510863	-0.406687	0.057606	1.299581	0.016001	-0.011788	0.576616	-0.001891	-0.028840	0.026228
1782835029.519768	-0.406818	0.057439	1.299946	0.017432	-0.009757	0.576267	-0.001891	-0.028840	0.026228
1782835029.531424	-0.406731	0.057224	1.299837	0.016981	-0.009727	0.578447	-0.001891	-0.028840	0.026228
1782835029.540915	-0.406628	0.056889	1.299681	0.017326	-0.010381	0.581219	-0.016395	-0.016552	-0.005224
1782835029.549535	-0.406830	0.056715	1.299452	0.014818	-0.011389	0.581673	-0.016787	-0.019096	-0.000698
1782835029.563029	-0.406830	0.056715	1.299452	0.014818	-0.011389	0.581673	-0.005360	-0.023430	0.007692
1782835029.569698	-0.406663	0.056477	1.299501	0.016277	-0.008030	0.581050	-0.005360	-0.023430	0.007692
1782835029.582451	-0.406742	0.056373	1.299196	0.013481	-0.007703	0.581906	-0.005360	-0.023430	0.007692
1782835029.589475	-0.406742	0.056373	1.299196	0.013481	-0.007703	0.581906	-0.000696	-0.025427	-0.009571
1782835029.601163	-0.406724	0.056326	1.299148	0.013656	-0.006982	0.582044	-0.000696	-0.025427	-0.009571
1782835029.610830	-0.406724	0.056326	1.299148	0.013656	-0.006982	0.582044	-0.012489	-0.017976	-0.031569
1782835029.621305	-0.406716	0.055977	1.298589	0.013258	-0.009154	0.585236	-0.012489	-0.017976	-0.031569
1782835029.629695	-0.406702	0.055808	1.298584	0.014605	-0.008930	0.584783	-0.008420	-0.022292	-0.020981
1782835029.640019	-0.406702	0.055808	1.298584	0.014605	-0.008930	0.584783	0.007400	-0.031050	-0.026296
1782835029.649719	-0.406539	0.055540	1.298100	0.014595	-0.009032	0.585288	0.007400	-0.031050	-0.026296
1782835029.662579	-0.406563	0.055328	1.297671	0.014841	-0.009997	0.584922	-0.003070	-0.021050	-0.049656
1782835029.669996	-0.406590	0.055163	1.297226	0.011589	-0.008914	0.585253	-0.003070	-0.021050	-0.049656
1782835029.679468	-0.406590	0.055163	1.297226	0.011589	-0.008914	0.585253	-0.006842	-0.022674	-0.036790
1782835029.690636	-0.406411	0.054921	1.296844	0.011311	-0.009366	0.588837	-0.006842	-0.022674	-0.036790
1782835029.700866	-0.406375	0.054673	1.296606	0.014368	-0.010717	0.588981	-0.006842	-0.022674	-0.036790
1782835029.709662	-0.406367	0.054645	1.296499	0.013988	-0.010003	0.588896	0.009447	-0.032872	-0.021222
1782835029.719927	-0.406367	0.054645	1.296499	0.013988	-0.010003	0.588896	-0.008336	-0.022211	-0.037728
1782835029.730303	-0.406220	0.054429	1.295988	0.016751	-0.008238	0.589073	-0.008336	-0.022211	-0.037728
1782835029.741166	-0.406095	0.054201	1.295753	0.015713	-0.010359	0.590230	-0.007324	-0.026886	-0.010938
1782835029.749699	-0.406053	0.054097	1.295452	0.015153	-0.010869	0.590687	-0.007324	-0.026886	-0.010938
1782835029.763336	-0.406019	0.053917	1.295444	0.015611	-0.010816	0.591319	0.001271	-0.030966	0.002377
1782835029.771464	-0.406001	0.053693	1.295256	0.015594	-0.010921	0.592211	0.001271	-0.030966	0.002377
1782835029.781593	-0.405896	0.053576	1.295287	0.013608	-0.010544	0.593378	0.001271	-0.030966	0.002377
1782835029.789397	-0.405896	0.053576	1.295287	0.013608	-0.010544	0.593378	-0.012179	-0.024733	-0.005858
1782835029.801443	-0.405774	0.053309	1.295435	0.017012	-0.008998	0.593712	0.002248	-0.029175	0.021330
1782835029.809516	-0.405649	0.053163	1.295418	0.016131	-0.009552	0.593656	0.002248	-0.029175	0.021330
1782835029.822395	-0.405593	0.053098	1.295520	0.014924	-0.009969	0.594677	-0.002208	-0.027379	0.004055
1782835029.831982	-0.405534	0.053045	1.295604	0.015554	-0.009820	0.594100	-0.002208	-0.027379	0.004055
1782835029.840429	-0.405397	0.052767	1.295694	0.015436	-0.008847	0.595565	-0.008416	-0.023757	0.000335
1782835029.849407	-0.405514	0.052561	1.295686	0.012957	-0.008418	0.598233	-0.008416	-0.023757	0.000335
1782835029.863240	-0.405514	0.052561	1.295686	0.012957	-0.008418	0.598233	0.011014	-0.030333	0.015930
1782835029.871332	-0.405321	0.052235	1.296078	0.013890	-0.009050	0.599081	0.011014	-0.030333	0.015930
1782835029.880744	-0.405204	0.052064	1.296067	0.012708	-0.007992	0.600890	0.005510	-0.027859	-0.005566
1782835029.889683	-0.405204	0.052064	1.296067	0.012708	-0.007992	0.600890	0.005510	-0.027859	-0.005566
1782835029.901453	-0.405038	0.051989	1.296180	0.013816	-0.008316	0.599651	0.005510	-0.027859	-0.005566
1782835029.909773	-0.405069	0.051946	1.296171	0.013419	-0.008296	0.600195	-0.007746	-0.019039	-0.009050
1782835029.920019	-0.405052	0.051800	1.296294	0.011890	-0.009469	0.601638	0.009408	-0.031784	0.015683
1782835029.929456	-0.404938	0.051682	1.296340	0.009138	-0.009925	0.602158	0.009408	-0.031784	0.015683
1782835029.940855	-0.404881	0.051479	1.296332	0.009856	-0.010247	0.603837	0.001885	-0.028162	0.005420
1782835029.949637	-0.404715	0.051436	1.296604	0.010537	-0.009349	0.603948	0.001885	-0.028162	0.005420
1782835029.960380	-0.404611	0.051326	1.296796	0.008684	-0.006281	0.603572	0.001885	-0.028162	0.005420
1782835029.970024	-0.404518	0.051137	1.296733	0.008243	-0.008639	0.605113	-0.009976	-0.018143	-0.000279
1782835029.981395	-0.404702	0.051157	1.296825	0.010499	-0.009754	0.606311	0.005354	-0.027473	0.019954
1782835029.989296	-0.404702	0.051157	1.296825	0.010499	-0.009754	0.606311	0.005354	-0.027473	0.019954
1782835030.000389	-0.404628	0.051100	1.296874	0.010991	-0.009810	0.605999	0.005678	-0.025825	0.007731
1782835030.009391	-0.404500	0.050977	1.296974	0.009042	-0.009767	0.608361	0.005678	-0.025825	0.007731
1782835030.020365	-0.404524	0.050862	1.297134	0.008921	-0.008590	0.609401	-0.008300	-0.013298	-0.010577
1782835030.030681	-0.404513	0.050887	1.297141	0.010962	-0.008683	0.608995	-0.008300	-0.013298	-0.010577
1782835030.039645	-0.404526	0.050721	1.297234	0.009603	-0.006909	0.610546	0.003932	-0.019790	0.005095
1782835030.049511	-0.404364	0.050713	1.297309	0.010263	-0.007249	0.611200	0.003932	-0.019790	0.005095
1782835030.062183	-0.404383	0.050804	1.297200	0.010438	-0.009412	0.611713	0.003932	-0.019790	0.005095
1782835030.069477	-0.404352	0.050756	1.297177	0.008360	-0.008611	0.613676	0.007763	-0.022259	0.002299
1782835030.080200	-0.404302	0.050521	1.297210	0.008596	-0.008871	0.614760	0.007763	-0.022259	0.002299
1782835030.089514	-0.404302	0.050521	1.297210	0.008596	-0.008871	0.614760	-0.000168	-0.006788	-0.020894
1782835030.100174	-0.404128	0.050541	1.297008	0.005205	-0.008840	0.616430	0.003920	-0.016183	-0.000733
1782835030.109435	-0.404260	0.050729	1.297167	0.008806	-0.007916	0.617490	0.003920	-0.016183	-0.000733
1782835030.122569	-0.404190	0.050604	1.297145	0.008758	-0.006998	0.615717	0.012030	-0.018650	0.005611
1782835030.131465	-0.404142	0.050693	1.297029	0.007570	-0.009331	0.619189	0.012030	-0.018650	0.005611
1782835030.140707	-0.404128	0.050801	1.296922	0.007611	-0.009450	0.619844	0.012030	-0.018650	0.005611
1782835030.149443	-0.404131	0.050793	1.296851	0.007907	-0.009237	0.620383	-0.005894	-0.006886	-0.015602
1782835030.160475	-0.404140	0.050874	1.296806	0.007364	-0.008850	0.621987	-0.005894	-0.006886	-0.015602
1782835030.169355	-0.404140	0.050874	1.296806	0.007364	-0.008850	0.621987	-0.004124	-0.006799	0.004730
1782835030.183661	-0.404101	0.050957	1.296834	0.007619	-0.009050	0.623265	0.005918	-0.013720	0.019909
1782835030.191836	-0.404126	0.051049	1.296771	0.008289	-0.008813	0.622934	0.005918	-0.013720	0.019909
1782835030.204337	-0.404123	0.051106	1.296654	0.010818	-0.008827	0.623375	-0.008738	-0.005236	0.001363
1782835030.210155	-0.404013	0.051203	1.296493	0.013436	-0.008491	0.623963	-0.008738	-0.005236	0.001363
1782835030.220135	-0.404013	0.051203	1.296493	0.013436	-0.008491	0.623963	-0.009927	-0.001552	0.009316
1782835030.230399	-0.404134	0.051259	1.296307	0.012530	-0.008953	0.625549	-0.009927	-0.001552	0.009316
1782835030.242374	-0.404134	0.051259	1.296307	0.012530	-0.008953	0.625549	0.004829	-0.009335	0.019073
1782835030.250655	-0.404006	0.051324	1.296215	0.012079	-0.008037	0.626521	0.004829	-0.009335	0.019073
1782835030.261475	-0.404006	0.051324	1.296215	0.012079	-0.008037	0.626521	-0.006743	-0.003086	-0.004518
1782835030.270431	-0.403853	0.051653	1.296040	0.010165	-0.005648	0.626860	-0.006743	-0.003086	-0.004518
1782835030.280064	-0.403860	0.051724	1.295947	0.009373	-0.006871	0.627839	-0.006743	-0.003086	-0.004518
1782835030.290648	-0.403860	0.051724	1.295947	0.009373	-0.006871	0.627839	-0.006761	0.005995	-0.002548
1782835030.302901	-0.403887	0.051778	1.295697	0.007130	-0.007851	0.630013	-0.006761	0.005995	-0.002548
1782835030.310692	-0.403905	0.051971	1.295635	0.009779	-0.006464	0.628847	0.009659	-0.005161	0.011255
1782835030.320417	-0.403905	0.051971	1.295635	0.009779	-0.006464	0.628847	0.003404	0.001438	-0.014618
1782835030.329919	-0.403807	0.052170	1.295440	0.011378	-0.006099	0.632429	0.003404	0.001438	-0.014618
1782835030.340175	-0.403838	0.052412	1.295465	0.012556	-0.005886	0.632095	0.003404	0.001438	-0.014618
1782835030.350961	-0.403786	0.052589	1.295496	0.012190	-0.006764	0.633864	0.001503	0.003496	-0.008915
1782835030.360098	-0.403847	0.052805	1.295247	0.012675	-0.008140	0.634832	0.001503	0.003496	-0.008915
1782835030.370942	-0.403847	0.052805	1.295247	0.012675	-0.008140	0.634832	0.018908	-0.006305	0.014783
1782835030.380555	-0.403835	0.052857	1.295225	0.012345	-0.009395	0.635669	0.007050	0.001868	-0.007358
1782835030.389254	-0.403972	0.053046	1.295140	0.012881	-0.009524	0.636688	0.007050	0.001868	-0.007358
1782835030.399620	-0.403795	0.053176	1.295318	0.014731	-0.008293	0.637769	0.007050	0.001868	-0.007358
1782835030.409485	-0.403784	0.053306	1.295450	0.013856	-0.007670	0.638557	0.002562	0.004360	0.000506
1782835030.421729	-0.403841	0.053572	1.295387	0.014576	-0.008665	0.639010	0.015187	-0.004595	0.023240
1782835030.429975	-0.403841	0.053572	1.295387	0.014576	-0.008665	0.639010	0.015187	-0.004595	0.023240
1782835030.439387	-0.403768	0.053805	1.295366	0.014925	-0.009697	0.639536	0.015187	-0.004595	0.023240
1782835030.451251	-0.403817	0.054030	1.295451	0.012082	-0.010031	0.641506	0.001276	0.004220	0.000482
1782835030.460568	-0.403807	0.054145	1.295641	0.013077	-0.010625	0.642281	0.002023	0.005693	0.011107
1782835030.469599	-0.403807	0.054145	1.295641	0.013077	-0.010625	0.642281	0.002023	0.005693	0.011107
1782835030.479548	-0.403748	0.054340	1.295665	0.012546	-0.009338	0.642531	0.002023	0.005693	0.011107
1782835030.490016	-0.403748	0.054340	1.295665	0.012546	-0.009338	0.642531	0.018008	-0.003555	0.020825
1782835030.500424	-0.403793	0.054474	1.295810	0.010880	-0.007696	0.643712	0.008440	0.004976	-0.003430
1782835030.510778	-0.403781	0.054786	1.296028	0.011677	-0.008426	0.643290	0.008440	0.004976	-0.003430
1782835030.520784	-0.403600	0.055278	1.296017	0.012969	-0.008681	0.645169	0.008571	0.006931	-0.005325
1782835030.532543	-0.403551	0.055380	1.296058	0.012439	-0.008840	0.645826	0.008571	0.006931	-0.005325
1782835030.541602	-0.403654	0.055552	1.296083	0.013503	-0.010121	0.646446	0.008571	0.006931	-0.005325
1782835030.553906	-0.403491	0.055740	1.296390	0.013817	-0.010393	0.648439	0.020407	-0.002669	0.006765
1782835030.561080	-0.403491	0.055740	1.296390	0.013817	-0.010393	0.648439	0.020407	-0.002669	0.006765
1782835030.570770	-0.403573	0.055916	1.296489	0.014370	-0.009827	0.649469	0.011954	0.004678	-0.013892
1782835030.582540	-0.403664	0.056280	1.296671	0.016605	-0.011052	0.650164	0.013911	0.003092	-0.000157
1782835030.590524	-0.403499	0.056561	1.296688	0.017006	-0.011811	0.650915	0.013911	0.003092	-0.000157
1782835030.602895	-0.403510	0.056693	1.296861	0.014603	-0.010254	0.652502	0.024253	-0.002551	0.014976
1782835030.612276	-0.403492	0.056792	1.296797	0.014619	-0.011832	0.652514	0.024253	-0.002551	0.014976
1782835030.623976	-0.403457	0.056946	1.297074	0.015222	-0.012508	0.653410	0.007813	0.008355	-0.001642
1782835030.631465	-0.403473	0.057244	1.297507	0.014498	-0.009023	0.652641	0.007813	0.008355	-0.001642
1782835030.642656	-0.403484	0.057333	1.297683	0.013245	-0.009803	0.654922	0.011959	0.002031	0.018057
1782835030.649773	-0.403293	0.057543	1.297837	0.015816	-0.010665	0.655596	0.011959	0.002031	0.018057
1782835030.660314	-0.403373	0.057782	1.298166	0.019698	-0.011633	0.655736	0.016670	-0.004710	0.027296
1782835030.669584	-0.403219	0.058017	1.298411	0.017539	-0.013072	0.657789	0.016670	-0.004710	0.027296
1782835030.680017	-0.403219	0.058017	1.298411	0.017539	-0.013072	0.657789	-0.001139	0.005919	0.006539
1782835030.689395	-0.403219	0.058017	1.298411	0.017539	-0.013072	0.657789	-0.001139	0.005919	0.006539
1782835030.699352	-0.403219	0.058017	1.298411	0.017539	-0.013072	0.657789	0.001268	0.003526	0.024924
1782835030.710993	-0.403243	0.058432	1.298732	0.015601	-0.013201	0.660809	0.001268	0.003526	0.024924
1782835030.720482	-0.403243	0.058432	1.298732	0.015601	-0.013201	0.660809	0.013491	-0.006436	0.032603
1782835030.730208	-0.403326	0.058999	1.299152	0.018703	-0.012598	0.661008	0.013491	-0.006436	0.032603
1782835030.739450	-0.403226	0.059213	1.299128	0.018354	-0.012532	0.662123	0.013491	-0.006436	0.032603
1782835030.750265	-0.403148	0.059297	1.299163	0.019746	-0.011888	0.662607	-0.002505	0.004682	0.001953
1782835030.759475	-0.403138	0.059337	1.299027	0.018799	-0.012684	0.663833	-0.002505	0.004682	0.001953
1782835030.769369	-0.403138	0.059337	1.299027	0.018799	-0.012684	0.663833	-0.003869	0.006057	0.000614
1782835030.780963	-0.402873	0.059570	1.298950	0.022193	-0.011529	0.664214	-0.003869	0.006057	0.000614
1782835030.789524	-0.402873	0.059570	1.298950	0.022193	-0.011529	0.664214	0.004771	-0.001345	0.009271
1782835030.800323	-0.402888	0.059851	1.298788	0.022487	-0.013179	0.664636	0.004771	-0.001345	0.009271
1782835030.810237	-0.402888	0.059851	1.298788	0.022487	-0.013179	0.664636	0.007742	-0.004972	-0.003725
1782835030.819973	-0.402656	0.060016	1.298243	0.022956	-0.012423	0.666010	0.007742	-0.004972	-0.003725
1782835030.831726	-0.402672	0.060139	1.297672	0.014872	-0.008529	0.668114	-0.002508	0.003003	-0.024316
1782835030.841637	-0.402514	0.060361	1.297605	0.016964	-0.007822	0.668116	0.002479	-0.000296	-0.012752
1782835030.849789	-0.402396	0.060486	1.297455	0.017665	-0.007209	0.668260	0.002479	-0.000296	-0.012752
1782835030.859713	-0.402445	0.060636	1.297104	0.016895	-0.008048	0.668228	0.002479	-0.000296	-0.012752
1782835030.869555	-0.402322	0.060762	1.296845	0.018366	-0.008883	0.668319	0.012376	-0.009318	-0.012156
1782835030.880217	-0.402322	0.060762	1.296845	0.018366	-0.008883	0.668319	0.012376	-0.009318	-0.012156
1782835030.889948	-0.402342	0.060807	1.296517	0.020378	-0.010082	0.668463	-0.000565	-0.002834	-0.032162
1782835030.899632	-0.402067	0.060841	1.296288	0.018153	-0.011920	0.670968	-0.000565	-0.002834	-0.032162
1782835030.909846	-0.402098	0.060818	1.296117	0.021045	-0.012288	0.670443	0.001249	-0.005967	-0.013265
1782835030.921116	-0.402018	0.060992	1.296195	0.019450	-0.011821	0.671320	0.004440	-0.009409	-0.013178
1782835030.933607	-0.402018	0.060992	1.296195	0.019450	-0.011821	0.671320	0.004440	-0.009409	-0.013178
1782835030.942200	-0.401710	0.061011	1.296098	0.020969	-0.012797	0.673705	0.004440	-0.009409	-0.013178
1782835030.949976	-0.401716	0.061175	1.296291	0.020698	-0.011437	0.672491	0.003634	-0.007052	-0.008624
1782835030.966125	-0.401619	0.061102	1.296320	0.019350	-0.011680	0.674057	0.003634	-0.007052	-0.008624
1782835030.976131	-0.401442	0.061151	1.296390	0.018991	-0.012447	0.675018	0.012293	-0.017127	0.023203
1782835030.990228	-0.401483	0.061201	1.296530	0.018754	-0.011908	0.673992	0.015353	-0.017073	0.014235
1782835031.005298	-0.401483	0.061201	1.296530	0.018754	-0.011908	0.673992	0.015353	-0.017073	0.014235
1782835031.013083	-0.401251	0.060998	1.296991	0.020134	-0.010614	0.678238	0.001887	-0.009140	0.011066
1782835031.026373	-0.400974	0.060866	1.297408	0.020622	-0.010714	0.679580	0.020093	-0.024741	0.046588
1782835031.033601	-0.400923	0.060800	1.297765	0.024425	-0.011928	0.679040	0.020093	-0.024741	0.046588
1782835031.037228	-0.400923	0.060800	1.297765	0.024425	-0.011928	0.679040	0.020093	-0.024741	0.046588
1782835031.043500	-0.400741	0.060895	1.298123	0.023973	-0.011133	0.680369	0.020093	-0.024741	0.046588
1782835031.051615	-0.400627	0.060855	1.298502	0.023797	-0.011555	0.680276	0.005984	-0.019817	0.024707
1782835031.060253	-0.400570	0.060793	1.298802	0.023865	-0.012609	0.680644	0.005984	-0.019817	0.024707
1782835031.070166	-0.400343	0.060721	1.299067	0.021710	-0.012451	0.682240	0.013394	-0.025693	0.047247
1782835031.081411	-0.400229	0.060680	1.299372	0.017787	-0.012659	0.681973	0.011889	-0.021697	0.023970
1782835031.089586	-0.400229	0.060680	1.299372	0.017787	-0.012659	0.681973	0.011889	-0.021697	0.023970
1782835031.102635	-0.400069	0.060527	1.299581	0.019165	-0.012787	0.683124	0.014811	-0.030456	0.013142
1782835031.110369	-0.399888	0.060482	1.299967	0.018127	-0.010854	0.683800	0.014811	-0.030456	0.013142
1782835031.120379	-0.399711	0.060439	1.300119	0.019345	-0.011288	0.682894	0.014811	-0.030456	0.013142
1782835031.129855	-0.399659	0.060394	1.300147	0.017370	-0.011884	0.683279	0.004520	-0.022245	0.030097
1782835031.141629	-0.399527	0.060360	1.300171	0.019368	-0.011972	0.684174	0.007368	-0.028837	0.001809
1782835031.150129	-0.399328	0.060139	1.300216	0.016964	-0.011517	0.686290	0.007368	-0.028837	0.001809
1782835031.161803	-0.399177	0.059969	1.300019	0.016605	-0.012091	0.688840	0.015914	-0.035957	0.004173
1782835031.171255	-0.399177	0.059969	1.300019	0.016605	-0.012091	0.688840	0.015914	-0.035957	0.004173
1782835031.181241	-0.398861	0.059787	1.300147	0.016353	-0.012327	0.688485	0.003326	-0.030930	-0.018356
1782835031.189621	-0.398861	0.059787	1.300147	0.016353	-0.012327	0.688485	0.003326	-0.030930	-0.018356
1782835031.201050	-0.398854	0.059721	1.299985	0.016015	-0.012443	0.689572	0.003326	-0.030930	-0.018356
1782835031.209678	-0.398678	0.059530	1.299809	0.016165	-0.012443	0.689272	-0.003653	-0.025640	-0.016656
1782835031.221934	-0.398470	0.059358	1.299700	0.015954	-0.013247	0.690075	-0.003653	-0.025640	-0.016656
1782835031.230510	-0.398359	0.059259	1.299507	0.014947	-0.012911	0.691762	0.009226	-0.034810	0.005826
1782835031.240626	-0.398146	0.059219	1.299395	0.015438	-0.011458	0.690433	-0.000297	-0.032809	-0.004227
1782835031.249458	-0.397911	0.058980	1.299240	0.014673	-0.012436	0.693229	-0.000297	-0.032809	-0.004227
1782835031.259961	-0.397643	0.058820	1.298850	0.017048	-0.013108	0.692582	-0.000297	-0.032809	-0.004227
1782835031.371829	-0.397349	0.058366	1.298682	0.014712	-0.012448	0.693956	-0.008671	-0.023337	-0.007335
1782835031.454229	-0.396084	0.057324	1.298097	0.012369	-0.007894	0.698918	-0.002124	-0.025914	0.009625
1782835031.533344	-0.390776	0.057806	1.295476	0.033392	0.084530	0.667328	0.052409	-0.028229	0.031225
1782835031.605269	-0.377446	0.060505	1.286214	0.057846	0.227198	0.607687	0.237392	-0.061269	-0.108565
1782835031.683542	-0.353732	0.066645	1.259638	0.075864	0.357401	0.529247	0.426489	-0.072901	-0.203150
1782835031.753418	-0.321627	0.076045	1.226661	0.070383	0.406869	0.462352	0.752188	-0.098410	-0.221507
1782835031.824142	-0.266931	0.092371	1.181463	0.058533	0.385314	0.399717	1.035689	-0.085085	-0.248962
1782835031.895055	-0.206134	0.110386	1.141410	0.058242	0.292887	0.362851	1.260639	-0.094522	-0.334619
1782835031.968548	-0.135665	0.130147	1.100495	0.052281	0.147501	0.330324	1.309844	-0.102680	-0.521621
1782835032.048343	-0.036913	0.155520	1.039281	0.051025	-0.005164	0.305386	1.229272	-0.126862	-0.805694
1782835032.129405	0.045963	0.174131	0.980665	0.044910	-0.122977	0.274877	1.087399	-0.140980	-0.895133
1782835032.196973	0.118663	0.187949	0.926522	0.033886	-0.180866	0.247491	0.859558	-0.122360	-0.854199
1782835032.273097	0.168886	0.196045	0.894896	0.018773	-0.173712	0.229586	0.683944	-0.096472	-0.506896
1782835032.339516	0.207852	0.201527	0.879728	0.017859	-0.127722	0.210066	0.572939	-0.050775	-0.142205
1782835032.416939	0.228870	0.203926	0.878084	0.014095	-0.084631	0.197870	0.518981	-0.027448	0.019973
1782835032.527797	0.272730	0.208201	0.891379	0.034212	0.012924	0.162610	0.494996	-0.020368	0.165793
1782835032.632852	0.330976	0.208352	0.917189	0.082986	0.101604	0.118513	0.552970	-0.037087	0.183362
1782835032.706847	0.362025	0.205452	0.928156	0.105011	0.105279	0.099565	0.604958	-0.078242	0.168811
1782835032.778926	0.402515	0.197767	0.938027	0.103453	0.074494	0.073344	0.660177	-0.155962	0.146812
1782835032.855677	0.439166	0.186874	0.944759	0.089570	0.026505	0.056058	0.662953	-0.227107	0.095989
1782835032.925481	0.487026	0.166486	0.947918	0.056200	-0.039935	0.044634	0.629406	-0.297078	-0.015028
1782835033.005224	0.519031	0.148062	0.945387	0.023262	-0.077944	0.041222	0.562007	-0.332571	-0.091777
1782835033.082356	0.550472	0.125661	0.935624	-0.010189	-0.098868	0.040290	0.416750	-0.340098	-0.184294
1782835033.156313	0.570997	0.106887	0.922883	-0.034092	-0.100011	0.040829	0.313081	-0.317346	-0.202627
1782835033.229919	0.588994	0.085120	0.902152	-0.060732	-0.075735	0.036215	0.182125	-0.258094	-0.213851
1782835033.306949	0.597036	0.072392	0.886712	-0.063081	-0.040166	0.027711	0.111251	-0.193271	-0.194477
1782835033.384997	0.601841	0.061686	0.870164	-0.051524	0.001658	0.010336	0.085680	-0.155186	-0.152296
1782835033.466060	0.604464	0.054986	0.856481	-0.035148	0.036811	-0.005448	0.046485	-0.102620	-0.111927
1782835033.564042	0.607122	0.050485	0.845883	-0.015660	0.057690	-0.018070	0.055541	-0.086562	-0.026348
1782835033.700749	0.613124	0.048292	0.844874	-0.001391	0.069469	-0.027422	0.076201	-0.073168	0.080092
1782835033.791913	0.626181	0.046285	0.860598	0.006520	0.060877	-0.026040	0.082151	-0.067809	0.219610
1782835033.867298	0.638772	0.044333	0.881021	0.010855	0.049939	-0.028437	0.081898	-0.058193	0.269948
1782835033.936080	0.651415	0.042787	0.902524	0.004996	0.034691	-0.028850	0.071815	-0.051246	0.219264
1782835034.027503	0.660153	0.041574	0.914253	0.000076	0.030899	-0.030287	0.068577	-0.055021	0.181826
1782835034.144185	0.670404	0.040719	0.919432	0.001096	0.026878	-0.038943	0.019128	-0.036040	0.007557
1782835034.233033	0.679735	0.040200	0.904528	0.002557	0.029054	-0.047796	-0.002732	-0.031592	-0.213560
1782835034.305317	0.685133	0.040210	0.876811	0.008554	0.032427	-0.051482	-0.039235	-0.035597	-0.345512
1782835034.372902	0.687955	0.039415	0.847272	0.014952	0.037003	-0.057056	-0.047643	-0.046271	-0.339601
1782835034.446139	0.689701	0.037749	0.826031	0.020157	0.039062	-0.054005	-0.043644	-0.062442	-0.234601
1782835034.515662	0.691528	0.034292	0.815223	0.019410	0.036926	-0.051850	-0.048714	-0.069420	-0.048423
1782835034.581995	0.693627	0.030485	0.821834	0.011419	0.038963	-0.050611	-0.054008	-0.073960	0.200488
1782835034.654441	0.694973	0.026380	0.837026	0.006020	0.038022	-0.046202	-0.066068	-0.067780	0.350084
1782835034.734079	0.696595	0.020634	0.867704	-0.001262	0.039646	-0.046482	-0.083920	-0.062693	0.417690
1782835034.851305	0.697210	0.014832	0.901804	-0.008440	0.036946	-0.047550	-0.085672	-0.058236	0.334708
1782835034.921438	0.696087	0.008289	0.925068	-0.013192	0.043316	-0.062933	-0.099702	-0.044724	0.057738
1782835034.983816	0.694349	0.005215	0.922333	-0.010444	0.052208	-0.069596	-0.095914	-0.037896	-0.206216
1782835035.056226	0.692842	0.002533	0.905749	-0.009948	0.059299	-0.077464	-0.098518	-0.022673	-0.344590
1782835035.131613	0.690706	-0.000069	0.877036	-0.008107	0.063837	-0.079632	-0.084099	-0.032694	-0.352753
1782835035.209391	0.689444	-0.002127	0.853859	-0.001326	0.061020	-0.077807	-0.061105	-0.027665	-0.275352
1782835035.281478	0.689413	-0.004383	0.839487	-0.002143	0.051569	-0.076679	-0.058253	-0.015100	-0.040500
1782835035.350727	0.690362	-0.006422	0.841498	-0.004285	0.037872	-0.074224	-0.048325	-0.009554	0.155495
1782835035.425649	0.692221	-0.008344	0.859910	-0.002425	0.031886	-0.070520	-0.059814	0.000367	0.315691
1782835035.496178	0.693715	-0.010295	0.888028	-0.000452	0.029886	-0.066468	-0.066534	0.005751	0.355238
1782835035.571109	0.693971	-0.011954	0.910823	0.003464	0.034245	-0.065199	-0.058077	-0.002330	0.291135
1782835035.647762	0.693285	-0.013207	0.926853	0.004761	0.041184	-0.067061	-0.065422	-0.002392	0.109992
1782835035.714577	0.692180	-0.015274	0.930418	0.002916	0.049846	-0.072724	-0.075641	-0.004378	-0.077047
1782835035.791601	0.690981	-0.016263	0.921562	0.000305	0.059053	-0.077149	-0.038885	-0.012981	-0.256138
1782835035.870521	0.689484	-0.017641	0.898299	-0.005717	0.064166	-0.085407	-0.043517	0.001256	-0.370125
1782835035.984375	0.688299	-0.018334	0.870799	-0.010151	0.051806	-0.088903	-0.041384	0.010259	-0.302674
1782835036.055068	0.687272	-0.017304	0.845608	-0.013969	0.029244	-0.090870	-0.043893	0.043160	-0.007176
1782835036.133609	0.686861	-0.015286	0.850549	-0.011675	0.017202	-0.092430	-0.048181	0.046671	0.176901
1782835036.210486	0.685933	-0.012908	0.867065	-0.005181	0.018007	-0.093211	-0.071431	0.062663	0.296904
1782835036.282725	0.683890	-0.010180	0.890673	0.003641	0.028626	-0.090692	-0.077155	0.052053	0.312728
1782835036.355594	0.680880	-0.007993	0.907657	0.008231	0.040302	-0.089067	-0.084952	0.058465	0.180490
1782835036.433068	0.677491	-0.005651	0.917924	0.010549	0.053875	-0.086432	-0.081522	0.042292	0.026236
1782835036.505246	0.673817	-0.003769	0.913897	0.009413	0.068460	-0.087510	-0.066346	0.031602	-0.138158
1782835036.595310	0.670862	-0.002257	0.896971	0.010903	0.072347	-0.081954	-0.031322	0.024797	-0.271581
1782835036.697685	0.669196	-0.000705	0.869631	0.006190	0.069287	-0.077256	0.005596	0.017630	-0.316830
1782835036.786623	0.670402	0.000760	0.845805	0.004355	0.053098	-0.073805	0.022940	0.032322	-0.166633
1782835036.862506	0.673685	0.001969	0.843127	0.001264	0.032380	-0.073849	0.040338	0.036325	0.038433
1782835036.931839	0.677376	0.003401	0.860218	-0.003851	0.018667	-0.073083	0.030294	0.043307	0.294864
1782835037.016102	0.679181	0.004271	0.885758	0.005139	0.013398	-0.067567	0.001649	0.045115	0.418823
1782835037.131197	0.679625	0.005275	0.923454	0.010943	0.016361	-0.059579	-0.008814	0.028368	0.366533
1782835037.253005	0.675915	0.004707	0.951102	0.019133	0.029500	-0.054118	-0.050525	0.008305	0.068424
1782835037.325201	0.669863	0.002670	0.936145	0.018635	0.050025	-0.049194	-0.030903	-0.037816	-0.296205
1782835037.396917	0.665246	0.000828	0.901369	0.013955	0.065073	-0.047416	-0.019442	-0.039482	-0.512199
1782835037.472239	0.661733	-0.001084	0.861622	0.000738	0.069006	-0.042836	0.006926	-0.045413	-0.601807
1782835037.541332	0.659255	-0.002693	0.820275	-0.008219	0.056705	-0.041539	0.024846	-0.024204	-0.426627
1782835037.612115	0.658896	-0.003481	0.803069	-0.016485	0.038682	-0.038999	0.017774	0.010579	-0.131121
1782835037.702190	0.661344	-0.001855	0.821870	-0.017926	0.018366	-0.039962	0.018268	0.051738	0.397608
1782835037.773484	0.664030	0.000862	0.858671	-0.009728	0.014342	-0.041969	0.010961	0.073169	0.631356
1782835037.843165	0.665075	0.003486	0.896041	0.002257	0.016581	-0.040388	0.012421	0.066104	0.643038
1782835037.911309	0.665365	0.007228	0.943053	0.006801	0.020994	-0.041022	-0.022436	0.068539	0.500859
1782835037.985044	0.664386	0.009879	0.968311	0.014406	0.027696	-0.042644	-0.036149	0.054423	0.185832
1782835038.051782	0.662046	0.012276	0.974982	0.020177	0.041644	-0.042307	-0.045253	0.040717	-0.040269
1782835038.123198	0.659183	0.014224	0.962461	0.022449	0.058804	-0.042678	-0.024975	0.014802	-0.309280
1782835038.199926	0.656710	0.015521	0.936115	0.018730	0.069138	-0.039935	0.003488	-0.009500	-0.463160
1782835038.295530	0.654597	0.016726	0.895697	0.017720	0.066534	-0.032757	0.025801	-0.011575	-0.533435
1782835038.370281	0.653170	0.016851	0.849917	0.005498	0.044551	-0.031328	0.027201	-0.006125	-0.342475
1782835038.440177	0.653667	0.017663	0.834428	-0.003015	0.019442	-0.031118	0.030561	0.011294	-0.119410
1782835038.514211	0.655259	0.018613	0.841551	-0.001458	0.008862	-0.032927	0.028323	0.034916	0.206310
1782835038.582552	0.656315	0.019764	0.864743	0.004604	0.008172	-0.030498	0.007434	0.044207	0.440760
1782835038.652721	0.656805	0.021523	0.897489	0.006093	0.018022	-0.029929	-0.017184	0.045943	0.504091
1782835038.726830	0.655482	0.023135	0.934820	0.015171	0.030684	-0.028217	-0.035441	0.036515	0.385837
1782835038.796237	0.653758	0.023566	0.957924	0.022616	0.051045	-0.029916	-0.027487	0.017838	0.202574
1782835038.871201	0.652289	0.023855	0.960094	0.024111	0.065726	-0.025992	-0.012992	-0.008400	-0.087224
