时间(s)	位置x(m)	位置y(m)	位置z(m)	欧拉角roll(rad)	欧拉角pitch(rad)	欧拉角yaw(rad)	速度x(m/s)	速度y(m/s)	速度z(m/s)
1782835001.729366	-0.462671	0.021264	1.234372	0.006460	-0.002107	-0.013939	0.022911	-0.013221	0.025271
1782835001.740482	-0.462635	0.021218	1.234572	0.003410	-0.002498	-0.014447	0.008775	-0.001601	0.011503
1782835001.750015	-0.462460	0.021229	1.234816	0.004569	-0.003590	-0.013269	0.008775	-0.001601	0.011503
1782835001.761851	-0.462460	0.021229	1.234816	0.004569	-0.003590	-0.013269	0.024044	-0.011445	0.034227
1782835001.769879	-0.462284	0.021235	1.235023	0.003188	-0.003814	-0.012607	0.024044	-0.011445	0.034227
1782835001.780342	-0.462091	0.021294	1.235238	0.005811	-0.003466	-0.008816	0.024884	-0.006170	0.035693
1782835001.790077	-0.462021	0.021340	1.235579	0.007154	-0.002351	-0.007996	0.024884	-0.006170	0.035693
1782835001.798865	-0.461873	0.021578	1.236009	0.009983	-0.002709	-0.006985	0.019673	-0.001647	0.086957
1782835001.809811	-0.461873	0.021578	1.236009	0.009983	-0.002709	-0.006985	0.019673	-0.001647	0.086957
1782835001.819644	-0.461704	0.021823	1.236860	0.008064	-0.003942	-0.003186	0.019515	-0.003854	0.135058
1782835001.829276	-0.461463	0.021771	1.237710	0.004808	-0.003180	-0.001373	0.019515	-0.003854	0.135058
1782835001.839516	-0.461515	0.021974	1.239086	0.008047	-0.002276	0.001820	0.016036	0.005731	0.187487
1782835001.849166	-0.461574	0.022011	1.240465	0.006962	-0.003501	0.004683	0.016036	0.005731	0.187487
1782835001.858721	-0.461455	0.022288	1.242187	0.004211	-0.003090	0.008094	0.015497	0.006733	0.208721
1782835001.870100	-0.461360	0.022444	1.244180	0.008094	-0.004685	0.009111	0.015497	0.006733	0.208721
1782835001.880728	-0.461124	0.022899	1.248994	0.006820	-0.004478	0.013831	0.026395	0.004206	0.250654
1782835001.889256	-0.461124	0.022899	1.248994	0.006820	-0.004478	0.013831	0.026395	0.004206	0.250654
1782835001.899637	-0.460975	0.023163	1.251614	0.008094	-0.004245	0.017306	0.016799	0.008523	0.239598
1782835001.908309	-0.460904	0.023211	1.254190	0.006492	-0.002924	0.018635	0.016799	0.008523	0.239598
1782835001.923323	-0.460904	0.023211	1.254190	0.006492	-0.002924	0.018635	0.025929	0.007779	0.248724
1782835001.930766	-0.460686	0.023383	1.259559	0.010862	-0.004356	0.025594	0.025929	0.007779	0.248724
1782835001.939679	-0.460686	0.023383	1.259559	0.010862	-0.004356	0.025594	0.032383	0.004140	0.243145
1782835001.949240	-0.460557	0.023811	1.262382	0.010871	-0.004869	0.026225	0.032383	0.004140	0.243145
1782835001.960173	-0.460553	0.024042	1.264973	0.011369	-0.004040	0.028862	0.032383	0.004140	0.243145
1782835001.969704	-0.460498	0.024140	1.267396	0.013564	-0.005146	0.032225	0.030486	0.005643	0.214461
1782835001.979321	-0.460552	0.024130	1.269903	0.012320	-0.006911	0.034959	0.024437	0.012177	0.176724
1782835001.989522	-0.460201	0.024602	1.274051	0.012448	-0.006360	0.039069	0.024437	0.012177	0.176724
1782835001.999614	-0.460201	0.024602	1.274051	0.012448	-0.006360	0.039069	0.018628	0.011539	0.152650
1782835002.010031	-0.460201	0.024602	1.274051	0.012448	-0.006360	0.039069	0.018628	0.011539	0.152650
1782835002.020538	-0.459939	0.024811	1.275868	0.012441	-0.005159	0.040821	0.018628	0.011539	0.152650
1782835002.031050	-0.460006	0.024979	1.277469	0.015690	-0.008786	0.043958	0.012041	0.011426	0.147355
1782835002.041311	-0.459779	0.025211	1.279019	0.009396	-0.005823	0.048350	0.018064	0.003081	0.111080
1782835002.049732	-0.459759	0.025474	1.280385	0.015578	-0.007617	0.048184	0.018064	0.003081	0.111080
1782835002.061164	-0.459653	0.025970	1.281481	0.012883	-0.006016	0.051588	0.028343	-0.001631	0.092599
1782835002.069300	-0.459798	0.025954	1.282458	0.010052	-0.006481	0.055480	0.028343	-0.001631	0.092599
1782835002.079003	-0.459487	0.026201	1.283244	0.009851	-0.007820	0.059330	0.031094	-0.001725	0.081462
1782835002.093661	-0.459225	0.026717	1.284481	0.011271	-0.004860	0.062766	0.031094	-0.001725	0.081462
1782835002.099458	-0.459225	0.026717	1.284481	0.011271	-0.004860	0.062766	0.028029	0.004063	0.049462
1782835002.109797	-0.459225	0.026717	1.284481	0.011271	-0.004860	0.062766	0.028029	0.004063	0.049462
1782835002.119727	-0.459180	0.026953	1.284856	0.009308	-0.006292	0.064584	0.019363	0.013792	-0.001353
1782835002.130673	-0.459076	0.027149	1.285132	0.008588	-0.006518	0.069699	0.019363	0.013792	-0.001353
1782835002.142476	-0.458985	0.027593	1.285709	0.011564	-0.008080	0.073671	0.029468	0.005800	-0.000107
1782835002.149479	-0.458985	0.027593	1.285709	0.011564	-0.008080	0.073671	0.029468	0.005800	-0.000107
1782835002.161458	-0.458759	0.027856	1.285844	0.010534	-0.007859	0.075938	0.035338	-0.001045	0.003223
1782835002.170335	-0.458713	0.028053	1.285630	0.009436	-0.008409	0.077846	0.035338	-0.001045	0.003223
1782835002.180206	-0.458578	0.028234	1.285525	0.008691	-0.007081	0.080679	0.023314	0.009833	-0.006867
1782835002.190798	-0.458445	0.028331	1.285580	0.009384	-0.006174	0.083418	0.023314	0.009833	-0.006867
1782835002.198968	-0.458268	0.028802	1.285573	0.008330	-0.007068	0.086726	0.027238	0.008747	0.015017
1782835002.208441	-0.458056	0.029145	1.285739	0.011397	-0.006973	0.088124	0.027238	0.008747	0.015017
1782835002.249498	-0.457744	0.029808	1.286050	0.011116	-0.009747	0.095165	0.020338	0.010044	0.028746
1782835002.253651	-0.457584	0.030049	1.286224	0.010478	-0.010219	0.098610	0.020338	0.010044	0.028746
1782835002.264004	-0.457477	0.030130	1.286259	0.010237	-0.010164	0.101894	0.034591	0.000757	0.053079
1782835002.274184	-0.457430	0.030332	1.286491	0.008982	-0.010677	0.103995	0.034591	0.000757	0.053079
1782835002.283914	-0.457221	0.030561	1.286864	0.010658	-0.011137	0.105743	0.017296	0.009446	0.042179
1782835002.293674	-0.457118	0.030773	1.287382	0.008796	-0.010565	0.109138	0.017296	0.009446	0.042179
1782835002.304019	-0.457118	0.030773	1.287382	0.008796	-0.010565	0.109138	0.028509	0.003744	0.066775
1782835002.313877	-0.457054	0.031120	1.287922	0.008282	-0.011108	0.111917	0.028509	0.003744	0.066775
1782835002.326903	-0.457156	0.031310	1.288300	0.008671	-0.012776	0.113913	0.021094	0.006178	0.052926
1782835002.333988	-0.456841	0.031440	1.288985	0.009990	-0.009885	0.115296	0.021094	0.006178	0.052926
1782835002.351456	-0.456723	0.031622	1.289308	0.012385	-0.011270	0.118280	0.017531	0.007153	0.047424
1782835002.357908	-0.456573	0.031897	1.289649	0.010997	-0.012623	0.120597	0.017531	0.007153	0.047424
1782835002.364234	-0.456457	0.032077	1.290014	0.010442	-0.012511	0.123139	0.031613	-0.003075	0.057801
1782835002.373458	-0.456343	0.032297	1.290303	0.009091	-0.012704	0.125871	0.031613	-0.003075	0.057801
1782835002.383678	-0.456311	0.032391	1.290663	0.014978	-0.015673	0.129512	0.019384	0.002709	0.025775
1782835002.393152	-0.456266	0.032503	1.291196	0.013972	-0.015050	0.132303	0.019384	0.002709	0.025775
1782835002.403550	-0.456062	0.032656	1.291357	0.013563	-0.014847	0.135121	0.018782	0.004194	0.034010
1782835002.413383	-0.456062	0.032656	1.291357	0.013563	-0.014847	0.135121	0.018782	0.004194	0.034010
1782835002.423268	-0.455943	0.032864	1.291648	0.012102	-0.014940	0.137745	0.030063	-0.005722	0.044156
1782835002.433260	-0.455875	0.033228	1.291917	0.014329	-0.015774	0.139604	0.030063	-0.005722	0.044156
1782835002.443291	-0.455818	0.033406	1.291897	0.012160	-0.015977	0.143538	0.009260	0.005302	0.027430
1782835002.454274	-0.455843	0.033518	1.292091	0.011673	-0.016302	0.144590	0.009260	0.005302	0.027430
1782835002.463949	-0.455844	0.033703	1.292235	0.010397	-0.015258	0.148351	0.012729	0.005585	0.036587
1782835002.473576	-0.455641	0.033807	1.292395	0.009831	-0.014944	0.151527	0.012729	0.005585	0.036587
1782835002.483217	-0.455679	0.034176	1.292557	0.011553	-0.014969	0.153984	0.019375	-0.000109	0.035408
1782835002.493297	-0.455654	0.034401	1.292685	0.010405	-0.011005	0.156555	0.019375	-0.000109	0.035408
1782835002.504584	-0.455571	0.034602	1.292713	0.012386	-0.010595	0.159041	0.012720	0.008436	0.013041
1782835002.513828	-0.455571	0.034602	1.292713	0.012386	-0.010595	0.159041	0.012720	0.008436	0.013041
1782835002.523348	-0.455630	0.034740	1.292550	0.011475	-0.012580	0.161186	0.010816	0.010260	0.005312
1782835002.533661	-0.455570	0.034850	1.292530	0.009770	-0.011141	0.164589	0.010816	0.010260	0.005312
1782835002.544268	-0.455519	0.035062	1.292381	0.009274	-0.010909	0.168206	0.023110	0.000746	0.001867
1782835002.553529	-0.455577	0.035297	1.292405	0.007349	-0.011255	0.170924	0.023110	0.000746	0.001867
1782835002.564380	-0.455473	0.035501	1.292299	0.011141	-0.010233	0.172096	0.009677	0.009770	-0.015044
1782835002.573470	-0.455553	0.035648	1.292190	0.010226	-0.009766	0.174675	0.009677	0.009770	-0.015044
1782835002.583496	-0.455524	0.035928	1.292137	0.010307	-0.009965	0.177064	0.016762	0.006602	-0.005892
1782835002.593238	-0.455558	0.036189	1.292135	0.011479	-0.009821	0.179034	0.016762	0.006602	-0.005892
1782835002.604080	-0.455558	0.036189	1.292135	0.011479	-0.009821	0.179034	0.018242	0.003334	0.006385
1782835002.613644	-0.455647	0.036389	1.291825	0.010842	-0.011008	0.182669	0.018242	0.003334	0.006385
1782835002.623388	-0.455670	0.036734	1.291734	0.009539	-0.010758	0.185747	0.005527	0.010382	0.003039
1782835002.634352	-0.455749	0.037017	1.291718	0.010212	-0.008690	0.188036	0.005527	0.010382	0.003039
1782835002.643859	-0.455694	0.037194	1.291650	0.010965	-0.009541	0.192061	0.015659	0.005561	0.020407
1782835002.654233	-0.455760	0.037473	1.291703	0.010194	-0.009521	0.194373	0.015659	0.005561	0.020407
1782835002.663560	-0.455872	0.037741	1.291856	0.010385	-0.008820	0.195785	0.002975	0.011734	0.021144
1782835002.673538	-0.455881	0.037824	1.291788	0.011760	-0.008430	0.198672	0.002975	0.011734	0.021144
1782835002.683433	-0.455881	0.037824	1.291788	0.011760	-0.008430	0.198672	0.010086	0.009663	0.031373
1782835002.693145	-0.455994	0.038293	1.292151	0.010808	-0.008341	0.203543	0.010086	0.009663	0.031373
1782835002.703205	-0.456007	0.038596	1.292205	0.010538	-0.009421	0.207485	0.008356	0.008419	0.036556
1782835002.715472	-0.456007	0.038596	1.292205	0.010538	-0.009421	0.207485	0.008356	0.008419	0.036556
1782835002.726267	-0.456046	0.038857	1.292559	0.011864	-0.009098	0.209939	0.006165	0.012394	0.035797
1782835002.734051	-0.456181	0.039079	1.292695	0.012751	-0.009199	0.213090	0.006165	0.012394	0.035797
1782835002.743439	-0.456093	0.039202	1.292852	0.013052	-0.008257	0.216016	0.013591	0.009972	0.032808
1782835002.753470	-0.456158	0.039326	1.293002	0.013294	-0.006822	0.219084	0.013591	0.009972	0.032808
1782835002.763528	-0.456220	0.039738	1.293129	0.011491	-0.006838	0.222057	-0.002965	0.013627	0.026135
1782835002.773532	-0.456160	0.039970	1.293227	0.014817	-0.006415	0.224802	-0.002965	0.013627	0.026135
1782835002.783233	-0.456208	0.040062	1.293267	0.013853	-0.005262	0.227788	0.007812	0.018444	0.030187
1782835002.793231	-0.456476	0.040478	1.293391	0.015431	-0.007639	0.231837	0.007812	0.018444	0.030187
1782835002.803983	-0.456498	0.040627	1.293622	0.016642	-0.006695	0.233879	0.011281	0.011378	0.013321
1782835002.813257	-0.456498	0.040627	1.293622	0.016642	-0.006695	0.233879	0.011281	0.011378	0.013321
1782835002.823828	-0.456511	0.040710	1.293505	0.013968	-0.005592	0.237223	0.000637	0.016358	0.009625
1782835002.833416	-0.456585	0.040979	1.293534	0.013367	-0.005076	0.239405	0.000637	0.016358	0.009625
1782835002.844780	-0.456572	0.041127	1.293800	0.014580	-0.003646	0.241444	0.014895	0.008824	0.019825
1782835002.853727	-0.456560	0.041339	1.293802	0.012749	-0.003380	0.245636	0.014895	0.008824	0.019825
1782835002.864283	-0.456569	0.041667	1.293843	0.012138	-0.003486	0.249022	0.011450	0.010416	0.000151
1782835002.875430	-0.456652	0.041888	1.293952	0.014568	-0.002178	0.249765	0.011450	0.010416	0.000151
1782835002.883774	-0.456579	0.042199	1.293877	0.013610	-0.004303	0.253468	0.005272	0.009977	0.009582
1782835002.894536	-0.456634	0.042305	1.293787	0.013084	-0.003523	0.255276	0.005272	0.009977	0.009582
1782835002.903649	-0.456634	0.042305	1.293787	0.013084	-0.003523	0.255276	0.023080	0.000597	0.018176
1782835002.913471	-0.456625	0.042354	1.293993	0.015928	-0.003871	0.257655	0.023080	0.000597	0.018176
1782835002.924065	-0.456538	0.042381	1.293921	0.016070	-0.005109	0.262164	0.008144	0.008387	-0.003724
1782835002.933849	-0.456670	0.042714	1.294096	0.019066	-0.005332	0.264384	0.008144	0.008387	-0.003724
1782835002.945469	-0.456640	0.042838	1.294204	0.020402	-0.004176	0.265767	0.014104	0.001201	0.010387
1782835002.954582	-0.456507	0.042930	1.294277	0.018792	-0.003926	0.268350	0.014104	0.001201	0.010387
1782835002.963419	-0.456554	0.043189	1.294338	0.019964	-0.004593	0.270089	0.024063	-0.008491	0.019883
1782835002.973666	-0.456419	0.043238	1.294383	0.018129	-0.004285	0.273422	0.024063	-0.008491	0.019883
1782835002.984822	-0.456285	0.043164	1.294369	0.018286	-0.004339	0.277710	0.007636	0.003203	0.007688
1782835002.993416	-0.456402	0.043269	1.294574	0.020508	-0.004166	0.280188	0.007636	0.003203	0.007688
1782835003.004290	-0.456313	0.043235	1.294825	0.022287	-0.005264	0.282458	0.023881	-0.009794	0.030675
1782835003.015043	-0.456313	0.043235	1.294825	0.022287	-0.005264	0.282458	0.023881	-0.009794	0.030675
1782835003.023630	-0.456218	0.043253	1.294924	0.019124	-0.005035	0.286736	0.014096	-0.009313	0.017271
1782835003.033783	-0.456146	0.043403	1.295094	0.021664	-0.005498	0.288992	0.014096	-0.009313	0.017271
1782835003.043411	-0.456060	0.043252	1.295217	0.021385	-0.004806	0.291622	0.015937	-0.007413	0.015681
1782835003.053398	-0.455922	0.043281	1.295284	0.020983	-0.004257	0.293495	0.015937	-0.007413	0.015681
1782835003.063453	-0.455859	0.043434	1.295466	0.018599	-0.004808	0.295907	0.028528	-0.014529	0.019446
1782835003.073394	-0.455545	0.043321	1.295400	0.018416	-0.006826	0.299113	0.028528	-0.014529	0.019446
1782835003.085448	-0.455344	0.043216	1.295391	0.016369	-0.005117	0.303392	0.015889	-0.013709	0.011688
1782835003.093259	-0.455271	0.043225	1.295548	0.018115	-0.003999	0.304736	0.015889	-0.013709	0.011688
1782835003.104153	-0.455271	0.043225	1.295548	0.018115	-0.003999	0.304736	0.027798	-0.017909	0.002169
1782835003.113381	-0.454930	0.043111	1.295423	0.015968	-0.005441	0.311782	0.027798	-0.017909	0.002169
1782835003.123418	-0.454930	0.043111	1.295423	0.015968	-0.005441	0.311782	0.012933	-0.018950	-0.001686
1782835003.133533	-0.454741	0.042943	1.295473	0.019295	-0.005038	0.313573	0.012933	-0.018950	-0.001686
1782835003.144088	-0.454579	0.042916	1.295350	0.019768	-0.005850	0.317002	0.025050	-0.021004	0.007148
1782835003.154302	-0.454302	0.042911	1.295320	0.019802	-0.006348	0.320911	0.025050	-0.021004	0.007148
1782835003.163130	-0.454189	0.042734	1.295410	0.020374	-0.003673	0.322082	0.026803	-0.024873	-0.002651
1782835003.173644	-0.454015	0.042583	1.295061	0.018208	-0.005137	0.326482	0.026803	-0.024873	-0.002651
1782835003.188588	-0.454015	0.042583	1.295061	0.018208	-0.005137	0.326482	0.026803	-0.024873	-0.002651
1782835003.193743	-0.453884	0.042708	1.294984	0.018736	-0.004886	0.328995	0.026437	-0.021479	-0.010653
1782835003.205376	-0.453680	0.042527	1.295120	0.019862	-0.005223	0.331569	0.026437	-0.021479	-0.010653
1782835003.214966	-0.453478	0.042223	1.295035	0.017909	-0.005152	0.334703	0.018439	-0.019821	-0.002552
1782835003.223603	-0.453312	0.042113	1.294957	0.016745	-0.004529	0.337323	0.020644	-0.023946	-0.011116
1782835003.233438	-0.452951	0.042054	1.295123	0.020281	-0.004293	0.339441	0.020644	-0.023946	-0.011116
1782835003.244683	-0.452765	0.041646	1.295059	0.017720	-0.003122	0.343970	0.022455	-0.030804	0.002359
1782835003.253793	-0.452571	0.041637	1.295001	0.019667	-0.003890	0.345439	0.022455	-0.030804	0.002359
1782835003.265378	-0.452375	0.041489	1.295117	0.019314	-0.003605	0.347104	0.027443	-0.026770	0.010141
1782835003.273380	-0.452051	0.041186	1.295005	0.017747	-0.004495	0.349770	0.027443	-0.026770	0.010141
1782835003.284732	-0.451693	0.041126	1.295123	0.017292	-0.005564	0.352619	0.027443	-0.026770	0.010141
1782835003.294826	-0.451537	0.040821	1.295381	0.019407	-0.006754	0.354255	0.028692	-0.031919	0.010525
1782835003.304383	-0.451537	0.040821	1.295381	0.019407	-0.006754	0.354255	0.019363	-0.027501	0.003524
1782835003.314015	-0.451278	0.040513	1.295204	0.017588	-0.008198	0.359044	0.019363	-0.027501	0.003524
1782835003.323358	-0.451096	0.040280	1.295325	0.017438	-0.008797	0.362147	0.034652	-0.036287	0.021286
1782835003.333605	-0.450745	0.040020	1.295705	0.017313	-0.006702	0.362764	0.034652	-0.036287	0.021286
1782835003.343707	-0.450475	0.039763	1.295731	0.017649	-0.006790	0.365623	0.017917	-0.027844	0.007181
1782835003.362483	-0.450090	0.039578	1.295835	0.014664	-0.007832	0.369050	0.017917	-0.027844	0.007181
1782835003.370668	-0.449835	0.039426	1.296124	0.014849	-0.006373	0.370424	0.026236	-0.031866	0.015189
1782835003.385535	-0.449540	0.039214	1.296055	0.016078	-0.006917	0.372853	0.019624	-0.037472	0.010232
1782835003.391726	-0.449293	0.038928	1.296368	0.011358	-0.006637	0.375708	0.019624	-0.037472	0.010232
1782835003.397001	-0.448950	0.038656	1.296665	0.013725	-0.006781	0.377963	0.019624	-0.037472	0.010232
1782835003.404791	-0.448658	0.038278	1.296696	0.009945	-0.006772	0.380971	0.021281	-0.034897	0.012703
1782835003.414182	-0.448658	0.038278	1.296696	0.009945	-0.006772	0.380971	0.021281	-0.034897	0.012703
1782835003.425083	-0.448322	0.038030	1.296735	0.013376	-0.006473	0.383801	0.031789	-0.037012	0.023704
1782835003.435212	-0.448007	0.037754	1.297140	0.016805	-0.007253	0.385123	0.031789	-0.037012	0.023704
1782835003.450220	-0.447663	0.037400	1.297199	0.016762	-0.007742	0.387729	0.019932	-0.033587	0.014560
1782835003.455253	-0.447347	0.037142	1.297622	0.012962	-0.005756	0.391574	0.019932	-0.033587	0.014560
1782835003.463923	-0.447145	0.036991	1.297745	0.014443	-0.003550	0.392159	0.023746	-0.032695	0.013999
1782835003.473567	-0.446674	0.036678	1.297843	0.013165	-0.005333	0.395693	0.023746	-0.032695	0.013999
1782835003.483288	-0.446380	0.036479	1.297908	0.011813	-0.006318	0.397963	0.034987	-0.036067	0.006436
1782835003.493681	-0.446046	0.036190	1.298026	0.010078	-0.005966	0.399323	0.034987	-0.036067	0.006436
1782835003.504771	-0.446046	0.036190	1.298026	0.010078	-0.005966	0.399323	0.019226	-0.033168	-0.001126
1782835003.513374	-0.445706	0.035986	1.298011	0.010244	-0.005768	0.404344	0.019226	-0.033168	-0.001126
1782835003.523869	-0.445451	0.035699	1.298153	0.012654	-0.004906	0.406127	0.029228	-0.036065	0.002055
1782835003.533487	-0.444969	0.035456	1.298345	0.010559	-0.003869	0.405788	0.029228	-0.036065	0.002055
1782835003.544572	-0.444581	0.035308	1.298330	0.009864	-0.004710	0.410235	0.036879	-0.037534	-0.016008
1782835003.553248	-0.444415	0.035073	1.298513	0.008181	-0.003856	0.410646	0.036879	-0.037534	-0.016008
1782835003.564454	-0.443905	0.034746	1.298382	0.009700	-0.004515	0.414841	0.036879	-0.037534	-0.016008
1782835003.573529	-0.443574	0.034591	1.298258	0.007132	-0.003634	0.415873	0.022336	-0.034133	-0.009680
1782835003.585456	-0.443307	0.034341	1.298336	0.008608	-0.005236	0.417164	0.032641	-0.035237	-0.003641
1782835003.593756	-0.443307	0.034341	1.298336	0.008608	-0.005236	0.417164	0.032641	-0.035237	-0.003641
1782835003.604713	-0.442916	0.033943	1.298453	0.005894	-0.004433	0.419685	0.033716	-0.032569	-0.015929
1782835003.613564	-0.442270	0.033724	1.298566	0.008558	-0.006568	0.421058	0.033716	-0.032569	-0.015929
1782835003.623407	-0.442107	0.033635	1.298802	0.010175	-0.006100	0.422363	0.024764	-0.031329	-0.004908
1782835003.633571	-0.441680	0.033465	1.298813	0.008889	-0.005230	0.425895	0.024764	-0.031329	-0.004908
1782835003.644922	-0.441375	0.033309	1.298862	0.008322	-0.006005	0.428631	0.034566	-0.035654	0.001740
1782835003.654277	-0.441091	0.033162	1.299040	0.005728	-0.007005	0.429904	0.034566	-0.035654	0.001740
1782835003.672121	-0.440823	0.032899	1.299058	0.004034	-0.008064	0.432328	0.030113	-0.029152	-0.003373
1782835003.676355	-0.440466	0.032597	1.299087	0.007269	-0.008479	0.434731	0.030113	-0.029152	-0.003373
1782835003.685619	-0.440065	0.032474	1.299198	0.007193	-0.008283	0.435865	0.022914	-0.033136	0.001997
1782835003.695496	-0.440065	0.032474	1.299198	0.007193	-0.008283	0.435865	0.022914	-0.033136	0.001997
1782835003.705786	-0.439601	0.032438	1.299392	0.006604	-0.008955	0.437936	0.035728	-0.031186	0.015480
1782835003.713963	-0.439075	0.032303	1.299530	0.010719	-0.009529	0.438163	0.035728	-0.031186	0.015480
1782835003.726255	-0.438794	0.032150	1.299488	0.006081	-0.010161	0.440453	0.020349	-0.023595	-0.004486
1782835003.737365	-0.438505	0.032046	1.299498	0.008223	-0.011411	0.441560	0.020349	-0.023595	-0.004486
1782835003.745679	-0.438205	0.032000	1.299754	0.005549	-0.010035	0.443860	0.020349	-0.023595	-0.004486
1782835003.755677	-0.437912	0.031635	1.299641	0.002587	-0.011944	0.447103	0.020035	-0.023755	0.006770
1782835003.777466	-0.437582	0.031712	1.299851	0.006224	-0.013282	0.448717	0.031597	-0.030135	0.010045
1782835003.789964	-0.436901	0.031318	1.299822	0.004883	-0.012296	0.453510	0.016022	-0.016647	-0.015277
1782835003.807242	-0.436707	0.031353	1.299909	0.005839	-0.011260	0.452822	0.016022	-0.016647	-0.015277
1782835003.815674	-0.436420	0.031213	1.299901	0.006427	-0.011375	0.454730	0.018651	-0.025546	-0.000348
1782835003.824781	-0.436420	0.031213	1.299901	0.006427	-0.011375	0.454730	0.018651	-0.025546	-0.000348
1782835003.834103	-0.436080	0.030985	1.299848	0.004533	-0.011763	0.458308	0.034558	-0.026840	0.004351
1782835003.843368	-0.435893	0.030930	1.299903	0.005262	-0.011465	0.458481	0.034558	-0.026840	0.004351
1782835003.856042	-0.435302	0.030724	1.299681	0.004797	-0.013999	0.462896	0.017333	-0.017581	-0.023204
1782835003.873076	-0.434686	0.030590	1.299482	0.007007	-0.013854	0.463980	0.020256	-0.019878	-0.013435
1782835003.877122	-0.434686	0.030590	1.299482	0.007007	-0.013854	0.463980	0.020256	-0.019878	-0.013435
1782835003.891250	-0.434397	0.030587	1.299406	0.007289	-0.014893	0.465959	0.031945	-0.025572	-0.014310
1782835003.895951	-0.434295	0.030515	1.299432	0.009057	-0.016224	0.466589	0.031945	-0.025572	-0.014310
1782835003.909117	-0.434295	0.030515	1.299432	0.009057	-0.016224	0.466589	0.013978	-0.012113	-0.035733
1782835003.920517	-0.433953	0.030347	1.299092	0.006181	-0.015161	0.468309	0.013978	-0.012113	-0.035733
1782835003.926212	-0.433702	0.030373	1.299039	0.006394	-0.013953	0.470619	0.020611	-0.018412	-0.018895
1782835003.935093	-0.433476	0.030280	1.298996	0.006846	-0.014344	0.470127	0.020611	-0.018412	-0.018895
1782835003.946823	-0.433349	0.030222	1.298959	0.007641	-0.013942	0.471433	0.020611	-0.018412	-0.018895
1782835003.955886	-0.433051	0.030259	1.298896	0.006804	-0.013761	0.472064	0.027982	-0.022123	-0.017759
1782835003.964650	-0.433031	0.030231	1.298862	0.007245	-0.015216	0.473076	0.010697	-0.011024	-0.028105
1782835003.974610	-0.432916	0.030250	1.298774	0.006540	-0.014583	0.474137	0.010697	-0.011024	-0.028105
1782835003.985607	-0.432751	0.030116	1.298730	0.005641	-0.014636	0.475650	0.019343	-0.019044	-0.004127
1782835003.994557	-0.432580	0.030003	1.298621	0.005382	-0.017028	0.478266	0.019343	-0.019044	-0.004127
1782835004.004891	-0.432476	0.029956	1.298666	0.006188	-0.016416	0.479785	0.020023	-0.017283	-0.005644
1782835004.016095	-0.432476	0.029956	1.298666	0.006188	-0.016416	0.479785	0.020023	-0.017283	-0.005644
1782835004.024566	-0.432379	0.029967	1.298873	0.005712	-0.013817	0.479676	0.003289	-0.008282	-0.006660
1782835004.034969	-0.432251	0.029965	1.298821	0.005912	-0.014517	0.481207	0.003289	-0.008282	-0.006660
1782835004.044461	-0.432235	0.030030	1.298927	0.004368	-0.013799	0.480870	0.013839	-0.015326	0.020714
1782835004.054449	-0.432162	0.029989	1.299078	0.005275	-0.014013	0.481510	0.013839	-0.015326	0.020714
1782835004.064475	-0.432036	0.030007	1.299114	0.003648	-0.014565	0.483599	0.008461	-0.013437	0.010708
1782835004.074454	-0.432013	0.029987	1.299251	0.005553	-0.015958	0.484460	0.008461	-0.013437	0.010708
1782835004.084718	-0.432071	0.029822	1.299626	0.004483	-0.013250	0.485409	-0.008271	-0.003002	0.012056
1782835004.094648	-0.431963	0.029709	1.299671	0.004323	-0.014139	0.487057	-0.008271	-0.003002	0.012056
1782835004.104633	-0.431887	0.029801	1.299788	0.003622	-0.013397	0.488761	0.002202	-0.009273	0.029403
1782835004.116136	-0.431887	0.029801	1.299788	0.003622	-0.013397	0.488761	0.002202	-0.009273	0.029403
1782835004.125029	-0.431932	0.029792	1.299931	0.005563	-0.013536	0.488095	-0.004733	-0.005116	0.015436
1782835004.136230	-0.431873	0.029864	1.300027	0.006330	-0.013446	0.489895	-0.004733	-0.005116	0.015436
1782835004.144948	-0.431891	0.029806	1.300093	0.005293	-0.013173	0.491050	-0.012292	0.002158	0.010492
1782835004.154483	-0.432110	0.029797	1.299990	0.005041	-0.013950	0.491872	-0.012292	0.002158	0.010492
1782835004.166080	-0.431963	0.029772	1.300004	0.005547	-0.014547	0.491656	-0.006462	-0.005154	0.014472
1782835004.174574	-0.431969	0.029762	1.300010	0.007049	-0.014056	0.492736	-0.006462	-0.005154	0.014472
1782835004.184651	-0.431987	0.029868	1.299907	0.009181	-0.012660	0.493807	0.000153	-0.006575	-0.001003
1782835004.194642	-0.432029	0.030003	1.299969	0.008544	-0.010715	0.493684	0.000153	-0.006575	-0.001003
1782835004.204517	-0.432041	0.029974	1.299628	0.009532	-0.013260	0.494408	-0.009031	0.002209	-0.030135
1782835004.214658	-0.432041	0.029974	1.299628	0.009532	-0.013260	0.494408	-0.009031	0.002209	-0.030135
1782835004.224589	-0.432129	0.029880	1.299407	0.008438	-0.013422	0.495369	-0.015544	0.005350	-0.025067
1782835004.234742	-0.432323	0.029872	1.299345	0.010459	-0.012901	0.495567	-0.015544	0.005350	-0.025067
1782835004.245963	-0.432225	0.029837	1.299085	0.011177	-0.012382	0.495422	-0.015544	0.005350	-0.025067
1782835004.254804	-0.432470	0.030047	1.298819	0.013162	-0.011042	0.496866	0.003225	-0.006844	-0.013762
1782835004.264712	-0.432528	0.030121	1.298560	0.013458	-0.010565	0.497479	-0.007330	0.002636	-0.040077
1782835004.274551	-0.432535	0.030210	1.297983	0.009665	-0.009114	0.498473	-0.007330	0.002636	-0.040077
1782835004.284469	-0.432593	0.030177	1.297653	0.013055	-0.010518	0.499947	-0.014132	0.004826	-0.030580
1782835004.295036	-0.432877	0.030236	1.297446	0.010568	-0.011406	0.500800	-0.014132	0.004826	-0.030580
1782835004.305662	-0.432901	0.030370	1.297156	0.009924	-0.010393	0.501690	-0.014132	0.004826	-0.030580
1782835004.314780	-0.432901	0.030370	1.297156	0.009924	-0.010393	0.501690	-0.000631	-0.001641	-0.011989
1782835004.324606	-0.433029	0.030507	1.297137	0.012109	-0.009248	0.502425	-0.008814	0.007583	-0.030557
1782835004.334529	-0.433264	0.030601	1.296819	0.010387	-0.008615	0.502528	-0.008814	0.007583	-0.030557
1782835004.345255	-0.433356	0.030655	1.296651	0.012656	-0.008467	0.503400	-0.007746	0.004691	-0.015965
1782835004.356204	-0.433442	0.030801	1.296584	0.013024	-0.008047	0.503524	-0.007746	0.004691	-0.015965
1782835004.365611	-0.433641	0.030746	1.296390	0.010869	-0.008944	0.504319	0.003832	0.002960	-0.006013
1782835004.374969	-0.433768	0.030914	1.296444	0.011516	-0.009525	0.504913	0.003832	0.002960	-0.006013
1782835004.384662	-0.433959	0.031008	1.296579	0.014938	-0.010267	0.504511	-0.017092	0.010092	-0.006709
1782835004.395801	-0.434029	0.030785	1.296758	0.015082	-0.009416	0.507275	-0.017092	0.010092	-0.006709
1782835004.405638	-0.434029	0.030785	1.296758	0.015082	-0.009416	0.507275	-0.005198	0.002805	0.020969
1782835004.417853	-0.434192	0.030894	1.296999	0.014262	-0.008975	0.509243	-0.005198	0.002805	0.020969
1782835004.425671	-0.434337	0.031077	1.297234	0.015627	-0.010353	0.510243	-0.011903	0.006949	0.019932
1782835004.435303	-0.434467	0.031184	1.297546	0.015672	-0.010507	0.510727	-0.011903	0.006949	0.019932
1782835004.446690	-0.434623	0.031263	1.297736	0.018311	-0.012100	0.512658	-0.011903	0.006949	0.019932
1782835004.454717	-0.434802	0.031435	1.297943	0.017957	-0.011602	0.513597	-0.018314	0.007069	0.044250
1782835004.465141	-0.435148	0.031585	1.298314	0.015120	-0.012359	0.514655	-0.018314	0.007069	0.044250
1782835004.475244	-0.435202	0.031642	1.298506	0.017069	-0.011221	0.516488	-0.006003	0.006854	0.046521
1782835004.485583	-0.435405	0.031699	1.299054	0.014562	-0.008780	0.518554	-0.016419	0.007925	0.034400
1782835004.495180	-0.435501	0.031914	1.299599	0.015044	-0.008477	0.519867	-0.016419	0.007925	0.034400
1782835004.510542	-0.435501	0.031914	1.299599	0.015044	-0.008477	0.519867	-0.016099	0.016038	0.034444
1782835004.514662	-0.435580	0.032048	1.300118	0.018022	-0.008203	0.518957	-0.016099	0.016038	0.034444
1782835004.526452	-0.435733	0.032034	1.300208	0.016575	-0.008052	0.520581	-0.002063	0.005506	0.023209
1782835004.535791	-0.435811	0.032103	1.300377	0.016481	-0.008458	0.522195	-0.002063	0.005506	0.023209
1782835004.545609	-0.435915	0.032114	1.300555	0.018427	-0.007842	0.522813	-0.002761	0.005641	-0.000558
1782835004.557300	-0.435966	0.032231	1.300671	0.016810	-0.007785	0.524978	-0.002761	0.005641	-0.000558
1782835004.567848	-0.436159	0.032345	1.300835	0.017697	-0.006608	0.526400	-0.013753	0.010999	-0.011710
1782835004.575087	-0.436314	0.032504	1.300965	0.017219	-0.006168	0.527480	-0.013753	0.010999	-0.011710
1782835004.586200	-0.436364	0.032598	1.300768	0.016183	-0.004746	0.528691	-0.013753	0.010999	-0.011710
1782835004.595739	-0.436622	0.032670	1.300636	0.015974	-0.004892	0.529385	-0.007548	0.007731	-0.019196
1782835004.604544	-0.436622	0.032670	1.300636	0.015974	-0.004892	0.529385	-0.000448	0.005432	-0.016073
1782835004.615689	-0.436766	0.032938	1.300222	0.013333	-0.003631	0.531082	-0.000448	0.005432	-0.016073
1782835004.626567	-0.436784	0.032906	1.300221	0.013893	-0.002530	0.532758	-0.009514	0.004946	-0.019281
1782835004.634899	-0.436933	0.033102	1.300115	0.014192	-0.002625	0.533214	-0.014051	0.013933	-0.012677
1782835004.644705	-0.436916	0.033261	1.299900	0.016519	-0.002034	0.532944	-0.014051	0.013933	-0.012677
1782835004.655104	-0.436967	0.033379	1.299745	0.017535	-0.002077	0.534564	-0.014051	0.013933	-0.012677
1782835004.665815	-0.437095	0.033427	1.299322	0.017316	-0.003416	0.535907	-0.000318	0.005220	-0.018154
1782835004.674708	-0.437132	0.033532	1.299184	0.018114	-0.002387	0.537024	-0.000318	0.005220	-0.018154
1782835004.686321	-0.437283	0.033603	1.299032	0.018090	-0.002185	0.537777	-0.000318	0.005220	-0.018154
1782835004.694727	-0.437431	0.033771	1.298707	0.015709	-0.001995	0.541132	-0.003591	0.006591	-0.020419
1782835004.705715	-0.437478	0.034075	1.298694	0.017930	0.000059	0.539579	-0.003591	0.006591	-0.020419
1782835004.715884	-0.437478	0.034075	1.298694	0.017930	0.000059	0.539579	-0.008501	0.014052	-0.028001
1782835004.725382	-0.437425	0.034248	1.298272	0.019261	-0.000504	0.541111	0.006168	0.005694	-0.019008
1782835004.734661	-0.437486	0.034533	1.297977	0.017373	0.000032	0.544967	0.006168	0.005694	-0.019008
1782835004.744568	-0.437529	0.034605	1.297856	0.018740	0.000343	0.545726	0.006018	0.004819	-0.027525
1782835004.755057	-0.437622	0.034731	1.297610	0.016763	0.000611	0.547221	0.006018	0.004819	-0.027525
1782835004.766739	-0.437616	0.034921	1.297409	0.015038	0.002141	0.548146	-0.000588	0.011918	-0.024432
1782835004.774733	-0.437584	0.035050	1.297449	0.016811	0.000944	0.549438	-0.000588	0.011918	-0.024432
1782835004.785327	-0.437597	0.035134	1.297421	0.016366	0.001056	0.549770	-0.000588	0.011918	-0.024432
1782835004.795414	-0.437419	0.035334	1.297433	0.017483	0.000994	0.551646	0.014018	-0.000110	0.010050
1782835004.805404	-0.437419	0.035334	1.297433	0.017483	0.000994	0.551646	0.005146	0.005687	0.000607
1782835004.815030	-0.437342	0.035475	1.297508	0.017570	0.001759	0.551333	0.005146	0.005687	0.000607
1782835004.825855	-0.437285	0.035642	1.297655	0.019651	0.000153	0.552174	0.005409	0.007311	0.014145
1782835004.835324	-0.437197	0.035901	1.297791	0.016728	0.002203	0.554166	0.005409	0.007311	0.014145
1782835004.846422	-0.437014	0.036026	1.297903	0.017119	0.002154	0.556917	0.009319	-0.001164	0.029614
1782835004.855199	-0.437105	0.036137	1.298225	0.017005	0.001894	0.558918	0.003430	0.004831	0.021099
1782835004.865708	-0.437073	0.036461	1.298449	0.016837	0.000933	0.561558	0.003430	0.004831	0.021099
1782835004.875183	-0.436810	0.036523	1.298697	0.016932	0.003447	0.560806	0.003430	0.004831	0.021099
1782835004.885289	-0.436862	0.036822	1.298923	0.015881	0.002862	0.563174	0.010774	-0.000659	0.026573
1782835004.895382	-0.436666	0.036980	1.299129	0.015700	0.002016	0.563945	0.010774	-0.000659	0.026573
1782835004.904465	-0.436666	0.036980	1.299129	0.015700	0.002016	0.563945	0.018877	-0.005747	0.022451
1782835004.914555	-0.436388	0.037203	1.299252	0.017742	0.001355	0.564552	0.018877	-0.005747	0.022451
1782835004.925406	-0.436179	0.037344	1.299331	0.017628	0.000389	0.567987	0.012313	-0.000561	0.003825
1782835004.934643	-0.435969	0.037525	1.299351	0.019804	-0.001069	0.569399	0.017474	-0.003242	0.006055
1782835004.944622	-0.435851	0.037558	1.299704	0.021218	-0.000164	0.570288	0.017474	-0.003242	0.006055
1782835004.954584	-0.435488	0.037763	1.299865	0.018105	-0.000159	0.572056	0.017474	-0.003242	0.006055
1782835004.965917	-0.435313	0.038114	1.299872	0.019903	-0.000221	0.572766	0.032013	-0.012860	0.004892
1782835004.976067	-0.435096	0.038148	1.299950	0.018584	0.000562	0.572979	0.022704	-0.008743	-0.017282
1782835004.984808	-0.434819	0.038265	1.299763	0.015110	-0.001126	0.575462	0.022704	-0.008743	-0.017282
1782835004.994607	-0.434558	0.038265	1.299673	0.013191	-0.000471	0.576037	0.022704	-0.008743	-0.017282
1782835005.004930	-0.434558	0.038265	1.299673	0.013191	-0.000471	0.576037	0.022085	-0.004088	-0.017623
1782835005.015798	-0.434172	0.038430	1.299607	0.014108	-0.001027	0.577173	0.022085	-0.004088	-0.017623
1782835005.024966	-0.433865	0.038629	1.299465	0.017354	-0.001922	0.579740	0.038668	-0.016607	-0.009959
1782835005.034946	-0.433494	0.038919	1.299471	0.017894	-0.001653	0.580338	0.038668	-0.016607	-0.009959
1782835005.044527	-0.433078	0.039220	1.299350	0.019619	-0.001679	0.581460	0.024997	-0.010512	-0.022088
1782835005.054602	-0.432843	0.039382	1.299283	0.018048	-0.004564	0.583892	0.027715	-0.010236	-0.015278
1782835005.064620	-0.432653	0.039460	1.299173	0.017737	-0.003641	0.583993	0.027715	-0.010236	-0.015278
1782835005.075552	-0.432361	0.039546	1.299207	0.016849	-0.004084	0.586580	0.027715	-0.010236	-0.015278
1782835005.085254	-0.432035	0.039608	1.298985	0.015966	-0.003383	0.588203	0.039699	-0.019609	-0.005914
1782835005.094650	-0.431702	0.039716	1.298981	0.014939	-0.001983	0.588519	0.039699	-0.019609	-0.005914
1782835005.104465	-0.431316	0.039755	1.299072	0.017564	-0.002638	0.589365	0.024694	-0.014234	-0.012536
1782835005.114624	-0.431316	0.039755	1.299072	0.017564	-0.002638	0.589365	0.024694	-0.014234	-0.012536
1782835005.124529	-0.430945	0.039863	1.298987	0.016401	-0.005084	0.591954	0.029677	-0.015478	-0.002555
1782835005.134892	-0.430639	0.040048	1.299034	0.016852	-0.005366	0.593591	0.029677	-0.015478	-0.002555
1782835005.144560	-0.430240	0.040171	1.299096	0.016725	-0.006046	0.594426	0.037190	-0.024298	-0.000701
1782835005.154674	-0.430011	0.040203	1.299018	0.017017	-0.006384	0.596014	0.037190	-0.024298	-0.000701
1782835005.165266	-0.429488	0.040427	1.298935	0.020089	-0.007305	0.597549	0.022166	-0.014375	-0.008656
1782835005.175871	-0.428892	0.040541	1.298908	0.021988	-0.006807	0.598894	0.022166	-0.014375	-0.008656
1782835005.185079	-0.428426	0.040738	1.298793	0.019736	-0.006505	0.600892	0.032549	-0.023245	0.000429
1782835005.194381	-0.428113	0.040904	1.298831	0.017144	-0.006316	0.601898	0.032549	-0.023245	0.000429
1782835005.204496	-0.428113	0.040904	1.298831	0.017144	-0.006316	0.601898	0.036333	-0.026482	-0.001782
1782835005.214658	-0.427654	0.041012	1.298817	0.018288	-0.005488	0.602633	0.036333	-0.026482	-0.001782
1782835005.225367	-0.427290	0.041009	1.298653	0.018365	-0.006407	0.604367	0.027867	-0.020961	-0.010715
1782835005.234765	-0.426913	0.040992	1.298373	0.017142	-0.007076	0.605567	0.027867	-0.020961	-0.010715
1782835005.245305	-0.426506	0.041141	1.298481	0.016596	-0.006353	0.608702	0.034064	-0.029573	-0.004135
1782835005.255095	-0.426086	0.041083	1.298409	0.016310	-0.005406	0.611325	0.035764	-0.030978	-0.006741
1782835005.265003	-0.425706	0.041100	1.298341	0.016300	-0.005752	0.611987	0.035764	-0.030978	-0.006741
1782835005.275947	-0.425050	0.041136	1.298230	0.013872	-0.004711	0.612305	0.035764	-0.030978	-0.006741
1782835005.286582	-0.424554	0.041284	1.297976	0.017948	-0.005995	0.613666	0.027532	-0.023614	-0.016853
1782835005.295245	-0.424210	0.041371	1.297872	0.016689	-0.006019	0.614851	0.027532	-0.023614	-0.016853
1782835005.305681	-0.423726	0.041223	1.297800	0.017795	-0.006621	0.617074	0.033666	-0.033311	-0.006147
1782835005.315848	-0.423726	0.041223	1.297800	0.017795	-0.006621	0.617074	0.033666	-0.033311	-0.006147
1782835005.325696	-0.423252	0.041321	1.297774	0.019112	-0.007989	0.619066	0.034829	-0.033738	-0.007850
1782835005.335099	-0.422779	0.041237	1.297515	0.018608	-0.009127	0.620641	0.034829	-0.033738	-0.007850
1782835005.345280	-0.422266	0.041328	1.297322	0.017547	-0.007929	0.623277	0.032841	-0.029871	-0.028404
1782835005.354698	-0.421887	0.041340	1.297404	0.017776	-0.007107	0.622870	0.032841	-0.029871	-0.028404
1782835005.366768	-0.421487	0.041322	1.297380	0.019408	-0.008279	0.625158	0.043207	-0.035193	-0.023900
1782835005.374632	-0.420873	0.041350	1.297045	0.018406	-0.008929	0.627194	0.043207	-0.035193	-0.023900
1782835005.387494	-0.420451	0.041370	1.296962	0.019397	-0.008432	0.629005	0.043207	-0.035193	-0.023900
1782835005.394642	-0.420451	0.041370	1.296962	0.019397	-0.008432	0.629005	0.040992	-0.039147	-0.018928
1782835005.404533	-0.419491	0.041194	1.296762	0.016898	-0.009157	0.633604	0.028942	-0.032489	-0.013976
1782835005.414655	-0.419491	0.041194	1.296762	0.016898	-0.009157	0.633604	0.028942	-0.032489	-0.013976
1782835005.424565	-0.418982	0.041072	1.296906	0.016807	-0.008641	0.634142	0.042536	-0.040817	0.005033
1782835005.434742	-0.418577	0.040978	1.296961	0.018725	-0.010195	0.635237	0.042536	-0.040817	0.005033
1782835005.448986	-0.417902	0.040999	1.296891	0.018937	-0.009579	0.637083	0.030015	-0.037146	-0.001107
1782835005.454741	-0.417478	0.040885	1.296947	0.020528	-0.011972	0.638777	0.030015	-0.037146	-0.001107
1782835005.465128	-0.417112	0.041014	1.297078	0.021924	-0.010087	0.638781	0.033414	-0.037005	0.002130
1782835005.475287	-0.416635	0.040889	1.297194	0.020986	-0.011566	0.639332	0.033414	-0.037005	0.002130
1782835005.484718	-0.415988	0.040769	1.297184	0.018540	-0.014746	0.643541	0.041509	-0.045960	0.019568
1782835005.495172	-0.415650	0.040687	1.297364	0.018735	-0.013316	0.645161	0.041509	-0.045960	0.019568
1782835005.504574	-0.415650	0.040687	1.297364	0.018735	-0.013316	0.645161	0.028081	-0.038710	0.011477
1782835005.514811	-0.415078	0.040480	1.297623	0.016201	-0.011775	0.647304	0.028081	-0.038710	0.011477
1782835005.525516	-0.414777	0.040332	1.297769	0.015383	-0.012339	0.649217	0.037213	-0.047714	0.029372
1782835005.534614	-0.414128	0.040316	1.297958	0.016829	-0.011735	0.650959	0.037213	-0.047714	0.029372
1782835005.545072	-0.413545	0.040200	1.298309	0.017488	-0.011878	0.651658	0.032948	-0.048906	0.020686
1782835005.554569	-0.413164	0.040078	1.298492	0.016854	-0.013028	0.654599	0.032948	-0.048906	0.020686
1782835005.564682	-0.412715	0.040034	1.298837	0.015941	-0.014134	0.655475	0.028356	-0.041850	0.008376
1782835005.582715	-0.412327	0.039860	1.299079	0.015433	-0.014540	0.655453	0.028356	-0.041850	0.008376
1782835005.600780	-0.411811	0.039602	1.299150	0.014210	-0.015324	0.659576	0.036023	-0.051348	0.023129
1782835005.607915	-0.411376	0.039370	1.299442	0.015233	-0.015134	0.660705	0.031190	-0.049348	0.009504
1782835005.624316	-0.410980	0.039122	1.299556	0.014005	-0.013664	0.661391	0.031190	-0.049348	0.009504
1782835005.633863	-0.410450	0.038953	1.299624	0.014359	-0.013886	0.663520	0.028244	-0.046814	0.002686
1782835005.637995	-0.409913	0.038922	1.299921	0.016008	-0.013791	0.664977	0.028244	-0.046814	0.002686
1782835005.648850	-0.409510	0.038845	1.299979	0.016590	-0.013440	0.665185	0.034292	-0.052747	0.010236
1782835005.655567	-0.409141	0.038751	1.299873	0.015199	-0.015133	0.667173	0.034292	-0.052747	0.010236
1782835005.665046	-0.409141	0.038751	1.299873	0.015199	-0.015133	0.667173	0.028022	-0.049389	-0.002552
1782835005.670338	-0.408652	0.038609	1.299970	0.012529	-0.014827	0.669436	0.028022	-0.049389	-0.002552
1782835005.674519	-0.408070	0.038276	1.299966	0.012772	-0.014957	0.670814	0.028022	-0.049389	-0.002552
1782835005.685048	-0.407639	0.038088	1.299853	0.010863	-0.014160	0.673665	0.024244	-0.048857	-0.008387
1782835005.694665	-0.407346	0.038046	1.299933	0.011593	-0.014443	0.674304	0.024244	-0.048857	-0.008387
1782835005.704607	-0.407346	0.038046	1.299933	0.011593	-0.014443	0.674304	0.028667	-0.052854	0.001588
1782835005.715063	-0.406961	0.037988	1.300013	0.011532	-0.013620	0.672971	0.028667	-0.052854	0.001588
1782835005.725191	-0.406511	0.037720	1.299818	0.011329	-0.014618	0.676742	0.022015	-0.050285	-0.008098
1782835005.734529	-0.406018	0.037427	1.299872	0.010448	-0.014075	0.678038	0.022015	-0.050285	-0.008098
1782835005.744500	-0.405604	0.037190	1.299962	0.012368	-0.013487	0.679642	0.020563	-0.048851	-0.011832
1782835005.755137	-0.405192	0.036906	1.299884	0.010431	-0.013548	0.681039	0.025322	-0.054656	-0.007125
1782835005.765020	-0.404772	0.036644	1.299700	0.009606	-0.013777	0.682944	0.025322	-0.054656	-0.007125
1782835005.774710	-0.404552	0.036557	1.299780	0.010943	-0.012781	0.682817	0.025322	-0.054656	-0.007125
1782835005.784766	-0.404065	0.036328	1.299663	0.009471	-0.011998	0.685304	0.018278	-0.049022	-0.010873
1782835005.794707	-0.403627	0.036043	1.299688	0.009999	-0.012588	0.686207	0.018278	-0.049022	-0.010873
1782835005.805116	-0.403627	0.036043	1.299688	0.009999	-0.012588	0.686207	0.017417	-0.050767	-0.012370
1782835005.815120	-0.403262	0.035808	1.299793	0.011627	-0.012588	0.685966	0.017417	-0.050767	-0.012370
1782835005.824898	-0.402831	0.035552	1.299569	0.011308	-0.014715	0.689049	0.021380	-0.054998	-0.010135
1782835005.834480	-0.402496	0.035227	1.299617	0.007675	-0.013685	0.691002	0.021380	-0.054998	-0.010135
1782835005.845025	-0.402215	0.035057	1.299521	0.008339	-0.013839	0.691508	0.013587	-0.048314	-0.013256
1782835005.854655	-0.401775	0.034689	1.299140	0.007872	-0.013970	0.693598	0.013587	-0.048314	-0.013256
1782835005.864667	-0.401536	0.034546	1.299156	0.010320	-0.014487	0.695148	0.014691	-0.049590	-0.011789
1782835005.874797	-0.401179	0.034375	1.299276	0.010315	-0.013918	0.695205	0.014691	-0.049590	-0.011789
1782835005.884455	-0.400935	0.034079	1.299208	0.012230	-0.014959	0.695773	0.013726	-0.054033	-0.009955
1782835005.894502	-0.400573	0.033719	1.299026	0.008536	-0.014416	0.697668	0.013726	-0.054033	-0.009955
1782835005.904433	-0.400573	0.033719	1.299026	0.008536	-0.014416	0.697668	0.010470	-0.047621	-0.012254
1782835005.914457	-0.400293	0.033417	1.299174	0.008940	-0.013097	0.698936	0.010470	-0.047621	-0.012254
1782835005.924788	-0.399974	0.033102	1.298976	0.008640	-0.014464	0.699495	0.013127	-0.049884	-0.004632
1782835005.934568	-0.399793	0.032837	1.298901	0.005412	-0.012695	0.703016	0.013127	-0.049884	-0.004632
1782835005.944446	-0.399581	0.032616	1.299016	0.007640	-0.011983	0.703928	0.007742	-0.051753	-0.000662
1782835005.954471	-0.399248	0.032244	1.299037	0.006878	-0.011029	0.704123	0.007742	-0.051753	-0.000662
1782835005.964590	-0.398956	0.032090	1.298923	0.007874	-0.012003	0.705443	0.000641	-0.044309	-0.004062
1782835005.976897	-0.398818	0.031873	1.298957	0.008317	-0.012463	0.706462	0.000641	-0.044309	-0.004062
1782835005.984581	-0.398443	0.031600	1.299034	0.006046	-0.011503	0.706411	0.000641	-0.044309	-0.004062
1782835005.994629	-0.398270	0.031315	1.298853	0.005219	-0.014801	0.710503	0.008190	-0.047723	0.004042
1782835006.006300	-0.398270	0.031315	1.298853	0.005219	-0.014801	0.710503	0.001966	-0.048738	0.008460
1782835006.016246	-0.398064	0.031127	1.298900	0.006275	-0.014731	0.712912	0.001966	-0.048738	0.008460
1782835006.025068	-0.397822	0.030859	1.298954	0.006708	-0.013139	0.713175	-0.004676	-0.041304	0.007836
1782835006.034748	-0.397562	0.030675	1.299083	0.005459	-0.012561	0.714333	-0.004676	-0.041304	0.007836
1782835006.044552	-0.397389	0.030578	1.299193	0.005788	-0.011178	0.715521	0.006473	-0.045770	0.015370
1782835006.054687	-0.397148	0.030266	1.299371	0.007615	-0.010333	0.714993	0.006473	-0.045770	0.015370
1782835006.064916	-0.396955	0.030146	1.299458	0.006187	-0.009604	0.716337	-0.003922	-0.041858	0.010008
1782835006.075132	-0.396788	0.029902	1.299273	0.004285	-0.009359	0.718594	-0.003922	-0.041858	0.010008
1782835006.086656	-0.396675	0.029708	1.299410	0.002779	-0.009640	0.719144	-0.008411	-0.035143	0.009620
1782835006.094615	-0.396474	0.029545	1.299459	0.001485	-0.008415	0.719827	-0.008411	-0.035143	0.009620
1782835006.104623	-0.396474	0.029545	1.299459	0.001485	-0.008415	0.719827	0.001862	-0.038644	0.012966
1782835006.114577	-0.396161	0.029470	1.299377	0.000646	-0.007025	0.721677	0.001862	-0.038644	0.012966
1782835006.125076	-0.396030	0.029315	1.299553	0.001273	-0.006264	0.720800	-0.009166	-0.034672	0.008499
1782835006.135113	-0.395807	0.029107	1.299427	0.002778	-0.005375	0.721598	-0.009166	-0.034672	0.008499
1782835006.144819	-0.395461	0.029162	1.299381	0.002976	-0.004570	0.724063	-0.010458	-0.026179	0.016613
1782835006.154699	-0.395507	0.028798	1.299388	0.002095	-0.004557	0.723841	-0.010458	-0.026179	0.016613
1782835006.164722	-0.395290	0.028676	1.299157	0.003396	-0.006243	0.726322	0.002068	-0.030204	0.008908
1782835006.175416	-0.395137	0.028542	1.299073	0.001314	-0.005593	0.727280	0.002068	-0.030204	0.008908
1782835006.186206	-0.395035	0.028495	1.298963	0.005383	-0.005500	0.727825	-0.009699	-0.026361	-0.000162
1782835006.194606	-0.394979	0.028411	1.299024	0.006422	-0.004159	0.728540	-0.009699	-0.026361	-0.000162
1782835006.204689	-0.394824	0.028324	1.298926	0.006513	-0.003769	0.729194	-0.010598	-0.016422	0.007524
1782835006.215501	-0.394824	0.028324	1.298926	0.006513	-0.003769	0.729194	-0.010598	-0.016422	0.007524
1782835006.225801	-0.394766	0.028430	1.298732	0.008682	-0.005460	0.730046	0.002410	-0.022727	-0.004361
1782835006.235437	-0.394446	0.028256	1.298600	0.006963	-0.004884	0.731076	0.002410	-0.022727	-0.004361
1782835006.245458	-0.394357	0.028269	1.298447	0.007228	-0.004736	0.731222	0.000208	-0.021708	-0.008236
1782835006.254662	-0.394201	0.028234	1.298281	0.007123	-0.006229	0.732843	0.000208	-0.021708	-0.008236
1782835006.264880	-0.394012	0.028371	1.298153	0.005085	-0.004513	0.732697	-0.006020	-0.014779	-0.007674
1782835006.274622	-0.393624	0.028293	1.297825	0.005668	-0.004220	0.732747	-0.006020	-0.014779	-0.007674
1782835006.285287	-0.393599	0.028368	1.297494	0.004997	-0.003994	0.734342	0.004558	-0.013863	-0.010915
1782835006.297423	-0.393610	0.028465	1.297205	0.003162	-0.002297	0.735363	0.004558	-0.013863	-0.010915
1782835006.304441	-0.393494	0.028552	1.296956	0.006271	-0.003043	0.736108	0.008827	-0.015997	-0.016347
1782835006.314498	-0.393494	0.028552	1.296956	0.006271	-0.003043	0.736108	0.008827	-0.015997	-0.016347
1782835006.324599	-0.393343	0.028566	1.296783	0.004785	-0.002390	0.736938	-0.000691	-0.007559	-0.021769
1782835006.334458	-0.393213	0.028633	1.296650	0.005980	-0.001982	0.736950	-0.000691	-0.007559	-0.021769
1782835006.345864	-0.393043	0.028729	1.296593	0.006222	-0.001452	0.736125	0.011717	-0.009383	-0.013397
1782835006.355386	-0.392870	0.028737	1.296328	0.006805	-0.001629	0.737931	0.011717	-0.009383	-0.013397
1782835006.364589	-0.392868	0.028835	1.296055	0.005229	-0.002278	0.738947	0.018024	-0.008973	-0.017484
1782835006.374713	-0.392761	0.029042	1.296043	0.004099	-0.001648	0.738114	0.018024	-0.008973	-0.017484
1782835006.385314	-0.392395	0.029003	1.295662	0.004744	-0.003248	0.740310	0.006094	-0.001462	-0.014602
1782835006.395183	-0.392192	0.029239	1.295400	0.002167	-0.002708	0.742015	0.006094	-0.001462	-0.014602
1782835006.404601	-0.392192	0.029239	1.295400	0.002167	-0.002708	0.742015	0.016482	-0.004911	-0.001078
1782835006.414616	-0.392135	0.029460	1.295483	0.004171	-0.003178	0.742234	0.016482	-0.004911	-0.001078
1782835006.424829	-0.392079	0.029724	1.295574	0.004558	-0.003092	0.741580	0.015611	-0.006435	0.005318
1782835006.434578	-0.391768	0.029988	1.295555	0.007717	-0.004958	0.743799	0.015611	-0.006435	0.005318
1782835006.447001	-0.391652	0.030197	1.295541	0.007779	-0.003483	0.744079	0.015611	-0.006435	0.005318
1782835006.454393	-0.391595	0.030342	1.295745	0.006748	-0.005455	0.744231	0.007247	-0.000674	0.016849
1782835006.464666	-0.391330	0.030554	1.295982	0.009525	-0.007487	0.744172	0.011994	0.000536	0.022507
1782835006.474772	-0.391249	0.030792	1.296296	0.010085	-0.007104	0.745572	0.011994	0.000536	0.022507
1782835006.484694	-0.391194	0.031019	1.296496	0.009452	-0.006954	0.745360	0.008377	-0.002138	0.027658
1782835006.494931	-0.391091	0.031232	1.296844	0.012235	-0.007605	0.745377	0.008377	-0.002138	0.027658
1782835006.504668	-0.391091	0.031232	1.296844	0.012235	-0.007605	0.745377	0.008582	0.006359	0.028000
1782835006.515795	-0.391059	0.031622	1.297108	0.010731	-0.005709	0.745867	0.008582	0.006359	0.028000
1782835006.524752	-0.390978	0.031732	1.297307	0.010111	-0.005999	0.746321	0.016612	0.001921	0.027878
1782835006.534616	-0.390854	0.031876	1.297415	0.009820	-0.007181	0.747520	0.016612	0.001921	0.027878
1782835006.544699	-0.390646	0.032150	1.297717	0.012122	-0.007279	0.748165	0.022127	-0.000414	0.026093
1782835006.556009	-0.390365	0.032400	1.297979	0.012057	-0.008917	0.750189	0.022127	-0.000414	0.026093
1782835006.566050	-0.390314	0.032618	1.298118	0.011979	-0.008555	0.750435	0.011540	0.008800	0.009734
1782835006.575511	-0.390124	0.033013	1.298610	0.012730	-0.006285	0.747817	0.011540	0.008800	0.009734
1782835006.584713	-0.390028	0.033237	1.298792	0.010707	-0.007212	0.749030	0.011982	0.008156	0.004372
1782835006.595485	-0.389868	0.033480	1.298922	0.007481	-0.007603	0.750573	0.011982	0.008156	0.004372
1782835006.604953	-0.389868	0.033480	1.298922	0.007481	-0.007603	0.750573	0.031805	-0.000394	0.010788
1782835006.614964	-0.389908	0.033647	1.299156	0.010115	-0.010352	0.750996	0.031805	-0.000394	0.010788
1782835006.625682	-0.389762	0.033980	1.299327	0.010761	-0.010058	0.751605	0.021890	0.003985	-0.013878
1782835006.635484	-0.389660	0.034287	1.299393	0.012028	-0.009632	0.752113	0.021890	0.003985	-0.013878
1782835006.645962	-0.389598	0.034581	1.299518	0.014013	-0.010574	0.751175	0.021890	0.003985	-0.013878
1782835006.655221	-0.389529	0.034845	1.299630	0.013061	-0.012886	0.752076	0.012283	0.012893	-0.026362
1782835006.665029	-0.389447	0.035040	1.299516	0.014715	-0.013061	0.753690	0.024434	0.001437	-0.012590
1782835006.675086	-0.389392	0.035233	1.299547	0.015359	-0.013783	0.752535	0.024434	0.001437	-0.012590
1782835006.687387	-0.389188	0.035511	1.299530	0.016967	-0.014079	0.752894	0.024434	0.001437	-0.012590
1782835006.703091	-0.388988	0.035736	1.299600	0.018638	-0.012168	0.751863	0.015253	0.008093	-0.042810
1782835006.713626	-0.388988	0.035736	1.299600	0.018638	-0.012168	0.751863	0.015253	0.008093	-0.042810
1782835006.719049	-0.389007	0.036192	1.299408	0.016570	-0.015493	0.752047	0.015253	0.008093	-0.042810
1782835006.733834	-0.388904	0.036359	1.299245	0.017469	-0.015692	0.752790	0.015389	0.007059	-0.030252
1782835006.741341	-0.388904	0.036359	1.299245	0.017469	-0.015692	0.752790	0.023736	-0.003596	-0.018181
1782835006.746828	-0.388809	0.036587	1.299111	0.014700	-0.016872	0.752829	0.023736	-0.003596	-0.018181
1782835006.755184	-0.388810	0.036884	1.299077	0.014634	-0.015899	0.752859	0.023736	-0.003596	-0.018181
1782835006.765106	-0.388520	0.037220	1.299066	0.017039	-0.014912	0.751011	0.015188	0.006077	-0.027761
1782835006.775149	-0.388520	0.037220	1.299066	0.017039	-0.014912	0.751011	0.015188	0.006077	-0.027761
1782835006.785988	-0.388413	0.037670	1.299050	0.014275	-0.016817	0.752346	0.015188	0.006077	-0.027761
1782835006.795201	-0.388479	0.037933	1.298985	0.015053	-0.016657	0.752120	0.006426	0.006195	-0.011341
1782835006.805309	-0.388479	0.037933	1.298985	0.015053	-0.016657	0.752120	0.017975	-0.003000	0.009996
1782835006.815090	-0.388454	0.037969	1.298954	0.013650	-0.016991	0.752846	0.017975	-0.003000	0.009996
1782835006.825280	-0.388421	0.038137	1.299089	0.013546	-0.017667	0.753234	0.004423	0.007668	-0.002080
1782835006.835379	-0.388502	0.038301	1.299181	0.014311	-0.016697	0.751852	0.004423	0.007668	-0.002080
1782835006.845339	-0.388427	0.038409	1.299309	0.013223	-0.016736	0.752465	0.004423	0.007668	-0.002080
1782835006.855035	-0.388350	0.038639	1.299474	0.013247	-0.017108	0.752109	-0.001055	0.008399	0.018845
1782835006.866546	-0.388444	0.038827	1.299610	0.013133	-0.016977	0.751269	0.007957	0.003304	0.021718
1782835006.875471	-0.388483	0.039058	1.299827	0.011582	-0.016878	0.752427	0.007957	0.003304	0.021718
1782835006.885080	-0.388471	0.039083	1.300031	0.011647	-0.015860	0.752632	0.007957	0.003304	0.021718
1782835006.896868	-0.388553	0.039243	1.300385	0.015702	-0.017440	0.752143	-0.000542	0.005002	0.016960
1782835006.905373	-0.388559	0.039377	1.300694	0.018109	-0.018139	0.751644	-0.007917	0.011119	0.021064
1782835006.915276	-0.388559	0.039377	1.300694	0.018109	-0.018139	0.751644	-0.007917	0.011119	0.021064
1782835006.925390	-0.388552	0.039496	1.300895	0.020068	-0.017114	0.751686	-0.007917	0.011119	0.021064
1782835006.938521	-0.388629	0.039516	1.301023	0.020386	-0.017711	0.752141	0.004954	0.002967	0.020003
1782835006.945177	-0.388721	0.039758	1.301223	0.019862	-0.019174	0.753222	0.004954	0.002967	0.020003
1782835006.957306	-0.388709	0.039785	1.301364	0.020709	-0.018534	0.753356	0.004954	0.002967	0.020003
1782835006.967273	-0.388766	0.039903	1.301447	0.021089	-0.019151	0.754127	-0.005822	0.010196	0.008436
1782835006.977712	-0.388897	0.040179	1.301691	0.018924	-0.017125	0.754807	-0.005822	0.010196	0.008436
1782835006.992065	-0.388897	0.040179	1.301691	0.018924	-0.017125	0.754807	-0.012863	0.016786	-0.006948
1782835007.002830	-0.389046	0.040415	1.301772	0.018022	-0.017887	0.755080	-0.012863	0.016786	-0.006948
1782835007.006864	-0.389046	0.040415	1.301772	0.018022	-0.017887	0.755080	-0.001818	0.005337	0.000987
1782835007.017005	-0.389053	0.040446	1.301771	0.017263	-0.017808	0.756062	-0.001818	0.005337	0.000987
1782835007.025740	-0.389179	0.040481	1.301550	0.020550	-0.016701	0.755068	0.006082	0.001786	-0.017514
1782835007.035391	-0.389121	0.040644	1.301636	0.018132	-0.015018	0.755094	0.006082	0.001786	-0.017514
1782835007.044665	-0.389223	0.040780	1.301636	0.019122	-0.012396	0.753159	-0.007666	0.011687	-0.043191
1782835007.056204	-0.389342	0.040768	1.301226	0.018309	-0.014283	0.753013	-0.007666	0.011687	-0.043191
1782835007.064723	-0.389312	0.040727	1.300896	0.016159	-0.014177	0.754707	-0.011125	0.009126	-0.037141
1782835007.075541	-0.389299	0.040719	1.300796	0.014982	-0.013725	0.755113	0.001087	-0.001262	-0.021024
1782835007.084738	-0.389427	0.040812	1.300532	0.014276	-0.013551	0.754641	0.001087	-0.001262	-0.021024
1782835007.094613	-0.389452	0.040820	1.300330	0.017014	-0.012239	0.753557	-0.004735	0.003255	-0.037899
1782835007.105285	-0.389452	0.040820	1.300330	0.017014	-0.012239	0.753557	-0.004735	0.003255	-0.037899
1782835007.114650	-0.389476	0.040901	1.300106	0.020637	-0.012720	0.753429	-0.017418	0.007162	-0.027639
1782835007.124696	-0.389626	0.041119	1.299854	0.018396	-0.014193	0.753607	-0.017418	0.007162	-0.027639
1782835007.134498	-0.389806	0.041125	1.299667	0.019416	-0.015469	0.752854	-0.017418	0.007162	-0.027639
1782835007.145911	-0.389835	0.041028	1.299494	0.017680	-0.014321	0.753552	-0.006154	-0.001289	-0.004792
1782835007.155567	-0.389850	0.040983	1.299433	0.017021	-0.014121	0.754309	-0.011588	0.002161	-0.016004
1782835007.164517	-0.390011	0.041099	1.299411	0.019174	-0.014795	0.753674	-0.011588	0.002161	-0.016004
1782835007.174495	-0.390051	0.041181	1.299259	0.017755	-0.013971	0.752906	-0.011588	0.002161	-0.016004
1782835007.184442	-0.390116	0.041165	1.299225	0.017372	-0.014944	0.753664	-0.022227	0.002999	-0.007528
1782835007.194799	-0.390116	0.041165	1.299225	0.017372	-0.014944	0.753664	-0.022227	0.002999	-0.007528
1782835007.206531	-0.390350	0.041184	1.299166	0.015655	-0.016020	0.752848	-0.010081	0.006422	0.006246
1782835007.214681	-0.390350	0.041184	1.299166	0.015655	-0.016020	0.752848	-0.010081	0.006422	0.006246
1782835007.224527	-0.390380	0.041098	1.299186	0.015499	-0.015811	0.753439	-0.011489	-0.001550	0.002793
1782835007.234448	-0.390463	0.040997	1.299316	0.017436	-0.013491	0.754673	-0.016429	0.005140	0.006528
1782835007.244525	-0.390458	0.040913	1.299378	0.016616	-0.012963	0.755236	-0.016429	0.005140	0.006528
1782835007.282711	-0.390854	0.040997	1.299849	0.015158	-0.013430	0.757870	-0.014111	-0.000916	0.019553
1782835007.285477	-0.390854	0.040997	1.299849	0.015158	-0.013430	0.757870	-0.014111	-0.000916	0.019553
1782835007.295552	-0.391081	0.040886	1.300105	0.015336	-0.012972	0.757097	-0.014111	-0.000916	0.019553
1782835007.308591	-0.391081	0.040886	1.300105	0.015336	-0.012972	0.757097	-0.029514	0.004227	0.026188
1782835007.316703	-0.391134	0.040811	1.300234	0.016013	-0.012796	0.757776	-0.029514	0.004227	0.026188
1782835007.325853	-0.391108	0.040820	1.300177	0.016497	-0.011852	0.758207	-0.028195	0.004548	0.020948
1782835007.335474	-0.391305	0.040850	1.300546	0.018096	-0.014238	0.757847	-0.021704	-0.002694	0.028310
1782835007.345567	-0.391341	0.040723	1.300566	0.014410	-0.013075	0.757903	-0.021704	-0.002694	0.028310
1782835007.355485	-0.391455	0.040448	1.300632	0.016051	-0.013793	0.759842	-0.021704	-0.002694	0.028310
1782835007.368064	-0.391755	0.040357	1.300766	0.014140	-0.012766	0.760801	-0.023910	0.000436	0.019587
1782835007.375453	-0.391764	0.040300	1.300944	0.015872	-0.009963	0.761010	-0.023910	0.000436	0.019587
1782835007.386368	-0.391845	0.040268	1.300985	0.016400	-0.008366	0.761338	-0.031029	0.007025	-0.004075
1782835007.395766	-0.391845	0.040268	1.300985	0.016400	-0.008366	0.761338	-0.031029	0.007025	-0.004075
1782835007.407245	-0.391845	0.040268	1.300985	0.016400	-0.008366	0.761338	-0.025995	0.007694	-0.014303
1782835007.417570	-0.392088	0.040152	1.300908	0.015701	-0.007958	0.760812	-0.025995	0.007694	-0.014303
1782835007.425698	-0.392066	0.039986	1.300829	0.016989	-0.007747	0.761941	-0.011106	-0.006572	0.005908
1782835007.436065	-0.392118	0.040073	1.300837	0.014282	-0.006336	0.762591	-0.021858	0.001373	-0.024310
1782835007.446694	-0.392289	0.039956	1.300768	0.015083	-0.005782	0.762055	-0.021858	0.001373	-0.024310
1782835007.455700	-0.392337	0.039886	1.300610	0.015203	-0.004805	0.762227	-0.021858	0.001373	-0.024310
1782835007.466750	-0.392482	0.039884	1.300518	0.012589	-0.004407	0.762366	-0.025411	0.004389	-0.017881
1782835007.475633	-0.392513	0.039724	1.300357	0.015246	-0.005336	0.762139	-0.025411	0.004389	-0.017881
1782835007.486485	-0.392562	0.039533	1.300151	0.014330	-0.005955	0.762388	-0.011719	-0.003992	-0.004487
1782835007.495688	-0.392562	0.039533	1.300151	0.014330	-0.005955	0.762388	-0.011719	-0.003992	-0.004487
1782835007.506204	-0.392374	0.039503	1.299993	0.013951	-0.003823	0.761964	-0.012924	-0.002349	-0.015149
1782835007.516034	-0.392451	0.039419	1.299806	0.018144	-0.004542	0.761509	-0.012924	-0.002349	-0.015149
1782835007.526753	-0.392526	0.039459	1.299730	0.018122	-0.004340	0.761581	-0.024364	0.005641	-0.020551
1782835007.535545	-0.392549	0.039309	1.299628	0.018264	-0.003470	0.760729	-0.024364	0.005641	-0.020551
1782835007.546981	-0.392539	0.039241	1.299330	0.017274	-0.005484	0.760761	-0.010840	-0.004021	-0.002873
1782835007.555563	-0.392496	0.039173	1.299224	0.017350	-0.006879	0.759274	-0.010840	-0.004021	-0.002873
1782835007.565874	-0.392489	0.039141	1.299365	0.017053	-0.004535	0.759143	-0.006160	-0.004834	-0.008251
1782835007.576048	-0.392312	0.039073	1.299273	0.014990	-0.003350	0.758635	-0.006160	-0.004834	-0.008251
1782835007.586961	-0.392414	0.039034	1.299185	0.015114	-0.004495	0.758609	-0.020949	0.001860	-0.007755
1782835007.595562	-0.392508	0.039129	1.299169	0.015820	-0.006027	0.757253	-0.009508	-0.008076	0.014480
1782835007.605459	-0.392508	0.039129	1.299169	0.015820	-0.006027	0.757253	-0.009508	-0.008076	0.014480
1782835007.615477	-0.392444	0.038964	1.299123	0.014532	-0.005973	0.757111	-0.009508	-0.008076	0.014480
1782835007.626157	-0.392414	0.038951	1.299100	0.013800	-0.005729	0.758129	0.001141	-0.010592	0.000026
1782835007.635439	-0.392465	0.038791	1.299088	0.015282	-0.008223	0.757979	0.001141	-0.010592	0.000026
1782835007.645541	-0.392478	0.038806	1.299067	0.014771	-0.007892	0.757920	-0.012900	-0.002590	-0.020526
1782835007.655477	-0.392172	0.038706	1.299269	0.013287	-0.006431	0.756762	-0.012900	-0.002590	-0.020526
1782835007.665460	-0.392226	0.038621	1.299274	0.014560	-0.007559	0.756879	-0.014734	-0.006179	-0.006118
1782835007.676435	-0.392174	0.038625	1.299333	0.013458	-0.007966	0.756163	-0.014734	-0.006179	-0.006118
1782835007.687546	-0.392079	0.038485	1.299338	0.014054	-0.008259	0.756262	-0.000632	-0.014514	0.007510
1782835007.695533	-0.392176	0.038361	1.299186	0.011789	-0.009523	0.757341	-0.014422	-0.007109	-0.005304
1782835007.705779	-0.392176	0.038361	1.299186	0.011789	-0.009523	0.757341	-0.014422	-0.007109	-0.005304
1782835007.715562	-0.392073	0.038331	1.299319	0.012749	-0.010299	0.756095	-0.014422	-0.007109	-0.005304
1782835007.790784	-0.391874	0.038147	1.299468	0.012470	-0.008797	0.756683	-0.019653	-0.008804	0.005940
1782835007.855915	-0.391693	0.037693	1.300008	0.013529	-0.008748	0.756483	-0.005607	-0.008201	0.007904
1782835007.962310	-0.387664	0.038070	1.298920	0.031370	0.067807	0.725033	0.028677	-0.011383	0.036458
1782835008.038923	-0.370787	0.042057	1.285614	0.076604	0.244704	0.632294	0.207204	-0.052921	-0.127141
1782835008.109300	-0.345157	0.048656	1.254589	0.092634	0.382149	0.543741	0.497876	-0.089037	-0.281995
1782835008.187247	-0.310799	0.058381	1.216418	0.080475	0.439472	0.463948	0.872089	-0.105221	-0.284389
1782835008.262647	-0.251925	0.075315	1.167453	0.068314	0.400099	0.389282	1.164859	-0.082095	-0.309583
1782835008.338152	-0.174257	0.097042	1.117817	0.059708	0.272911	0.340835	1.311002	-0.086816	-0.385294
1782835008.408699	-0.085846	0.120368	1.064603	0.051344	0.111604	0.307046	1.367106	-0.101719	-0.649089
1782835008.475788	-0.008833	0.139641	1.011217	0.042325	-0.022467	0.286552	1.235645	-0.110303	-1.021235
1782835008.550384	0.076428	0.159799	0.943434	0.031118	-0.141433	0.259519	1.021873	-0.079754	-1.115556
1782835008.625264	0.140058	0.173897	0.891746	0.016855	-0.190134	0.239883	0.769611	-0.041154	-0.865954
1782835008.694178	0.197295	0.186428	0.856654	0.010081	-0.175457	0.216967	0.619206	0.002389	-0.418186
1782835008.763435	0.227941	0.193629	0.849634	0.022977	-0.128682	0.198597	0.541906	0.032456	-0.089542
1782835008.836389	0.256748	0.200195	0.856715	0.036262	-0.065647	0.173275	0.498122	0.035301	0.098462
1782835008.909882	0.288935	0.205477	0.877919	0.061632	0.006986	0.143932	0.462461	0.032448	0.208376
1782835008.981242	0.312648	0.207271	0.897184	0.077885	0.047154	0.119773	0.473714	0.013388	0.272117
1782835009.094896	0.341744	0.206150	0.920648	0.096570	0.063631	0.093230	0.484568	-0.009446	0.251065
1782835009.179364	0.388534	0.197712	0.943719	0.103772	0.050367	0.057906	0.556917	-0.116909	0.098570
1782835009.258540	0.428590	0.183597	0.947385	0.093516	0.026100	0.044899	0.565658	-0.207055	0.000818
1782835009.329573	0.462670	0.166504	0.940095	0.061175	-0.003373	0.040377	0.548867	-0.285746	-0.119736
1782835009.399791	0.490380	0.149229	0.928307	0.025790	-0.026361	0.041998	0.477035	-0.320417	-0.188964
1782835009.470393	0.514980	0.130843	0.913354	-0.008412	-0.043053	0.046425	0.412655	-0.320942	-0.217685
1782835009.541206	0.539712	0.110028	0.893863	-0.040344	-0.045637	0.050415	0.339271	-0.289849	-0.262036
1782835009.614402	0.557151	0.094547	0.878100	-0.058743	-0.034894	0.050722	0.283016	-0.242227	-0.227386
1782835009.689203	0.572170	0.082399	0.865679	-0.060204	-0.019228	0.045322	0.228194	-0.182601	-0.113021
1782835009.780175	0.586400	0.072908	0.858296	-0.050412	-0.002404	0.038823	0.209121	-0.132076	-0.008629
1782835009.876295	0.600468	0.067661	0.859385	-0.032342	0.017336	0.024995	0.166543	-0.075718	0.089606
1782835009.987934	0.615883	0.066797	0.869887	-0.007816	0.036193	0.003473	0.135665	-0.026053	0.133161
1782835010.097313	0.629099	0.067991	0.880981	0.008770	0.041938	-0.014178	0.113777	-0.027841	0.132122
1782835010.214193	0.643675	0.068433	0.888035	0.025680	0.037944	-0.018719	0.096411	-0.055292	0.055999
1782835010.290018	0.658825	0.065552	0.884129	0.031923	0.031137	-0.017947	0.074990	-0.083062	-0.063761
1782835010.356590	0.666035	0.062089	0.876579	0.028830	0.032169	-0.015719	0.059160	-0.114277	-0.095092
1782835010.429947	0.673169	0.056552	0.865112	0.018804	0.030624	-0.011645	0.045356	-0.124915	-0.114835
1782835010.497371	0.678571	0.050832	0.856669	0.006932	0.030579	-0.007636	0.026000	-0.129000	-0.040420
1782835010.570754	0.683079	0.045110	0.851750	-0.004794	0.029493	-0.003622	0.000043	-0.119252	0.012947
1782835010.641168	0.687743	0.039327	0.852571	-0.017594	0.030144	0.000073	-0.016872	-0.091550	0.079525
1782835010.715826	0.690834	0.035590	0.857619	-0.021201	0.035070	0.002569	-0.033409	-0.068752	0.140216
1782835010.791604	0.693719	0.032468	0.866281	-0.019147	0.040070	0.004227	-0.038107	-0.045432	0.157320
1782835010.869678	0.695612	0.031233	0.873892	-0.010123	0.041811	-0.001159	-0.053371	-0.027990	0.121419
1782835010.949446	0.696769	0.030027	0.880397	-0.003492	0.040637	-0.006267	-0.059031	-0.022722	0.051324
1782835011.025577	0.697126	0.029112	0.880243	0.005885	0.042153	-0.016123	-0.092363	-0.017795	0.003271
1782835011.097677	0.696764	0.027433	0.875159	0.015403	0.043598	-0.015740	-0.085153	-0.027795	-0.045112
1782835011.168966	0.696307	0.025393	0.869199	0.013480	0.050135	-0.016992	-0.081841	-0.043429	-0.070518
1782835011.275612	0.695386	0.022623	0.862395	0.016260	0.056397	-0.016791	-0.084095	-0.047816	-0.055189
1782835011.375393	0.695102	0.017794	0.858614	0.008056	0.063219	-0.012077	-0.074771	-0.049239	0.031518
1782835011.451426	0.695962	0.012571	0.864260	0.002580	0.063544	-0.007040	-0.054984	-0.041230	0.136281
1782835011.526567	0.697925	0.008772	0.876015	0.001875	0.058574	-0.005534	-0.063259	-0.020663	0.188541
1782835011.595691	0.699675	0.005356	0.890385	-0.002382	0.050637	-0.006235	-0.067639	-0.017915	0.203921
1782835011.678952	0.700776	0.002682	0.901048	0.000618	0.046052	-0.007382	-0.068883	-0.017812	0.139492
1782835011.750829	0.701140	-0.000367	0.907240	0.002833	0.042705	-0.009624	-0.073609	-0.016674	0.045509
1782835011.825414	0.700721	-0.003844	0.904853	0.005279	0.045841	-0.014728	-0.079970	-0.024677	-0.075131
1782835011.904755	0.699188	-0.007268	0.893371	0.005858	0.048301	-0.018214	-0.065641	-0.036727	-0.186739
1782835011.973148	0.697350	-0.010601	0.879555	0.005615	0.049301	-0.018676	-0.078270	-0.042434	-0.187048
1782835012.045454	0.695050	-0.014525	0.864479	0.003069	0.054713	-0.016439	-0.062270	-0.042393	-0.150785
1782835012.123302	0.693049	-0.018587	0.855913	-0.003646	0.052472	-0.013348	-0.059228	-0.034901	-0.068750
1782835012.205016	0.691935	-0.021428	0.856911	-0.013212	0.048579	-0.010507	-0.060501	-0.019364	0.069064
1782835012.325923	0.691279	-0.023754	0.867783	-0.012969	0.042562	-0.009560	-0.047283	0.003491	0.225570
1782835012.506124	0.688066	-0.024163	0.912642	-0.006955	0.036918	-0.010577	-0.057197	0.030586	0.219611
1782835012.576514	0.681961	-0.022128	0.931241	-0.003338	0.042037	-0.018541	-0.092241	0.038990	0.037684
1782835012.654490	0.676852	-0.020717	0.927175	0.009870	0.043052	-0.018891	-0.091906	0.035087	-0.088103
1782835012.725856	0.672360	-0.019898	0.913695	0.010866	0.051847	-0.018634	-0.083463	0.014827	-0.242043
1782835012.854009	0.666860	-0.019535	0.889697	0.017092	0.053814	-0.012808	-0.049299	-0.002237	-0.313910
1782835012.954293	0.659372	-0.021098	0.851345	0.013372	0.057868	-0.008592	-0.045165	-0.007297	-0.183973
1782835013.023253	0.657677	-0.023041	0.841845	0.007047	0.051953	-0.006425	-0.006675	-0.004637	0.008497
1782835013.092937	0.657791	-0.024546	0.847414	-0.000390	0.049561	-0.005441	0.011420	0.005656	0.156144
1782835013.162893	0.659375	-0.025593	0.863382	-0.005746	0.044423	-0.006239	0.014172	0.017545	0.313221
1782835013.236323	0.662002	-0.025777	0.888900	-0.010561	0.038786	-0.009834	0.015209	0.030163	0.352774
1782835013.311586	0.664369	-0.025490	0.912459	-0.005219	0.036000	-0.010547	0.013256	0.034333	0.299224
1782835013.384948	0.665906	-0.024945	0.924535	-0.002798	0.037424	-0.012006	0.016850	0.030492	0.115214
1782835013.462539	0.667338	-0.024158	0.922666	-0.002153	0.040060	-0.015249	0.028180	0.029082	-0.081200
1782835013.554756	0.668188	-0.023392	0.904290	0.002349	0.043677	-0.018806	0.029641	0.022837	-0.311648
