时间(s)	角速度roll(rad/s)	角速度pitch(rad/s)	角速度yaw(rad/s)	推力
1782835177.494883	0.120396	0.634781	2.646032	-1.653924
1782835177.572017	0.119834	0.631409	2.644517	-1.659450
1782835177.645479	0.149318	0.440029	2.264407	-1.689064
1782835177.716443	0.187725	0.075118	1.116118	-1.263934
1782835177.791599	0.213045	-0.044771	-0.404801	-0.492064
1782835177.857855	0.229027	-0.056906	-1.349497	-0.117142
1782835177.931150	0.225320	-0.019717	-1.596327	-0.016735
1782835178.002351	0.219423	-0.055263	-1.606243	-0.044887
1782835178.073052	0.261755	-0.151018	-1.099006	-0.179600
1782835178.159129	0.360662	-0.214177	-0.328253	-0.233509
1782835178.244501	0.343711	-0.151256	0.891743	-0.163703
1782835178.329045	0.306282	0.007017	1.554238	-0.103771
1782835178.400059	0.279144	0.158306	1.674186	-0.139890
1782835178.497571	0.258981	0.247585	1.409377	-0.185515
1782835178.576163	0.238020	0.236603	0.779562	-0.146238
1782835178.653480	0.231920	0.181677	0.216825	-0.064435
1782835178.721466	0.233219	0.025831	-0.164505	-0.037691
1782835178.805026	0.233064	-0.109430	-0.310666	-0.044145
1782835178.882792	0.232308	-0.204856	-0.220283	-0.061697
1782835178.982559	0.245785	-0.265745	-0.027587	-0.068673
1782835179.055416	0.272886	-0.164551	0.330056	-0.054149
1782835179.140761	0.281407	-0.128906	0.531348	-0.043995
1782835179.245796	0.286187	-0.020498	0.725261	-0.036440
1782835179.316270	0.285171	0.074714	0.669224	-0.043815
1782835179.405417	0.277159	0.133572	0.565610	-0.042392
1782835179.480196	0.259473	0.144650	0.497144	-0.032582
1782835179.615382	0.246903	0.149433	0.449782	-0.023322
1782835179.713695	0.235847	0.076249	0.395556	-0.012459
1782835179.783765	0.239858	0.041461	0.357130	-0.008060
1782835179.853056	0.258125	0.044677	0.291121	-0.001721
1782835179.928296	0.265314	0.017515	0.264623	0.000366
1782835179.998909	0.276750	-0.017764	0.270892	0.000383
1782835180.072858	0.283869	-0.010485	0.270427	0.000957
1782835180.143497	0.280727	-0.003607	0.341049	0.000620
1782835180.215661	0.273742	0.034277	0.392109	0.000891
1782835180.291097	0.262078	0.023058	0.397965	0.000008
1782835180.362571	0.253650	0.005966	0.423715	-0.000644
1782835180.463487	0.250595	0.034041	0.379005	0.001996
1782835180.541316	0.259421	0.025583	0.335932	0.005708
1782835180.615836	0.268706	0.031732	0.266330	0.009240
1782835180.705246	0.280042	0.049575	0.219140	0.009838
1782835180.781610	0.285526	0.090156	0.249368	0.009459
1782835180.854150	0.284468	0.073292	0.242001	0.005310
1782835180.925781	0.280001	0.069536	0.261443	0.002842
1782835180.995321	0.272230	0.055066	0.322994	-0.002695
1782835181.073148	0.256676	0.028537	0.401190	-0.008733
1782835181.140106	0.255523	0.041558	0.447721	-0.010934
1782835181.214723	0.252724	0.039595	0.442751	-0.011888
1782835181.283753	0.256119	0.008959	0.429822	-0.009781
1782835181.352886	0.263484	-0.005131	0.403076	-0.008810
1782835181.425709	0.270191	-0.029154	0.370409	-0.007390
1782835181.501554	0.278458	-0.009268	0.323733	-0.003339
1782835181.598586	0.285864	-0.027918	0.273895	-0.002653
1782835181.672813	0.275537	-0.027918	0.266983	-0.004347
1782835181.753843	0.270345	-0.037615	0.257580	-0.005941
1782835181.854408	0.261395	-0.032950	0.238713	-0.007109
1782835181.919065	0.246688	0.014725	0.294249	-0.006650
1782835182.004030	0.246188	0.071977	0.319415	-0.004891
1782835182.114118	0.259186	0.095915	0.334663	-0.005055
1782835182.215797	0.275220	0.057396	0.354464	-0.004767
1782835182.288678	0.295185	0.054639	0.318351	-0.001364
1782835182.354939	0.300259	-0.001256	0.284699	-0.001734
1782835182.426060	0.296439	0.006511	0.251736	-0.000804
1782835182.498453	0.288122	-0.020553	0.253130	-0.002805
1782835182.585499	0.256613	0.012901	0.286569	-0.002952
1782835182.699617	0.237472	0.027878	0.314655	-0.005465
1782835182.794546	0.219811	0.047141	0.344214	-0.005434
1782835182.886556	0.233829	0.028845	0.348125	-0.005283
1782835182.974044	0.265791	-0.009202	0.341359	-0.002078
1782835183.042651	0.292067	-0.062434	0.273402	0.000566
1782835183.114786	0.313159	-0.050565	0.274303	0.002041
1782835183.191972	0.317250	-0.038653	0.257472	0.004766
1782835183.265654	0.307303	0.022954	0.255987	0.007714
1782835183.339461	0.282910	0.050360	0.240096	0.011195
1782835183.414300	0.250679	0.086816	0.268871	0.011168
1782835183.485974	0.219894	0.117137	0.338098	0.007927
1782835183.553104	0.208476	0.131670	0.370713	0.008299
1782835183.625878	0.225512	0.100327	0.360987	0.006674
1782835183.696005	0.245847	0.049083	0.360435	0.006872
1782835183.774510	0.278056	0.001012	0.282619	0.010450
1782835183.857408	0.313050	-0.013356	0.179092	0.009994
1782835183.933996	0.325440	-0.025110	0.161113	0.009844
1782835184.040322	0.318283	-0.020938	0.206137	0.009248
1782835184.119401	0.279538	0.017096	0.331025	0.005567
1782835184.193257	0.232307	0.086878	0.393882	0.002656
1782835184.294696	0.187586	0.108034	0.423335	0.003110
1782835184.367246	0.194232	0.107176	0.426055	0.004435
1782835184.442194	0.211104	0.053221	0.400847	0.004186
1782835184.514291	0.255169	0.006247	0.351416	0.004663
1782835184.587123	0.305697	-0.029786	0.286046	0.006490
1782835184.660099	0.340820	-0.062872	0.217612	0.001955
1782835184.735317	0.350634	-0.062000	0.181290	0.000921
1782835184.820190	0.320801	-0.032145	0.204211	0.005829
1782835184.898012	0.279043	0.040957	0.277424	0.005996
1782835184.995455	0.221272	0.067368	0.329862	0.002918
1782835185.091887	0.184583	0.051213	0.417375	-0.001852
1782835185.211251	0.185656	0.014632	0.436725	-0.001860
1782835185.273606	0.224364	-0.088850	0.457186	-0.001496
1782835185.348296	0.265008	-0.101184	0.410493	0.006665
1782835185.423586	0.318772	-0.109390	0.328695	0.007970
1782835185.496322	0.344219	-0.135944	0.271098	0.004389
1782835185.615719	0.346356	-0.128221	0.255822	0.003498
1782835185.716982	0.293689	-0.083704	0.354223	0.004118
1782835185.795415	0.215609	-0.074595	0.428470	-0.004959
1782835185.868122	0.168268	-0.037045	0.478612	-0.004606
1782835185.943344	0.151684	-0.051437	0.488379	-0.003718
1782835186.025762	0.173740	-0.061544	0.533820	-0.002634
1782835186.112000	0.215584	-0.099117	0.466589	0.002046
1782835186.180632	0.305412	-0.106777	0.334306	0.012963
1782835186.264674	0.366527	-0.056354	0.167016	0.014995
1782835186.355823	0.406253	-0.057130	0.024162	0.009233
1782835186.424151	0.376338	0.011947	0.069218	0.018962
1782835186.489885	0.319776	0.012579	0.250331	0.020794
1782835186.553070	0.233488	0.014191	0.318602	0.008071
1782835186.632627	0.179187	0.051649	0.378729	0.004634
1782835186.695085	0.146618	0.087238	0.466503	0.005089
