时间(s)	角速度roll(rad/s)	角速度pitch(rad/s)	角速度yaw(rad/s)	推力
1782835128.937712	0.130519	0.712675	2.480219	-1.872433
1782835129.005093	0.129600	0.691695	2.484969	-1.880604
1782835129.071903	0.164440	0.584953	2.068982	-1.923842
1782835129.145019	0.190234	0.334826	1.274414	-1.667084
1782835129.215179	0.192723	0.244258	0.143354	-0.994476
1782835129.283406	0.216891	0.133994	-1.074718	-0.293331
1782835129.348380	0.213972	0.100549	-1.410763	-0.143495
1782835129.425758	0.210210	0.001955	-1.506954	-0.132722
1782835129.491270	0.239472	-0.052451	-1.101694	-0.247249
1782835129.559655	0.314113	-0.150030	-0.510988	-0.315962
1782835129.635841	0.344565	-0.152611	0.286977	-0.269215
1782835129.714691	0.326728	-0.077232	1.039849	-0.193547
1782835129.807071	0.298782	0.059220	1.384391	-0.181944
1782835129.891871	0.273760	0.183536	1.223240	-0.221635
1782835129.971181	0.254374	0.198141	0.881866	-0.208476
1782835130.039633	0.233777	0.110225	0.515414	-0.163042
1782835130.107442	0.232352	-0.004748	0.289128	-0.125145
1782835130.177449	0.224389	-0.145332	0.155290	-0.098205
1782835130.251603	0.220983	-0.237676	0.123342	-0.083244
1782835130.328765	0.233881	-0.324260	0.168172	-0.064002
1782835130.396830	0.246674	-0.330165	0.302930	-0.040586
1782835130.465634	0.258248	-0.350863	0.427587	-0.023880
1782835130.572566	0.274112	-0.305655	0.585826	-0.013145
1782835130.702662	0.287097	-0.160783	0.641346	-0.020391
1782835130.775618	0.284690	0.066621	0.600326	-0.027475
1782835130.862266	0.277828	0.185663	0.510504	-0.017586
1782835130.971229	0.265110	0.154367	0.398963	-0.001678
1782835131.091913	0.243094	0.088861	0.338369	0.014283
1782835131.199162	0.232744	-0.045952	0.310947	0.018599
1782835131.272241	0.236336	-0.168420	0.316112	0.020221
1782835131.340532	0.251976	-0.234731	0.302018	0.022595
1782835131.412920	0.275284	-0.240282	0.329408	0.028966
1782835131.488707	0.284423	-0.228145	0.366992	0.033674
1782835131.568454	0.298821	-0.153021	0.414524	0.041160
1782835131.637697	0.296395	-0.036591	0.405032	0.046721
1782835131.712036	0.292898	-0.000106	0.365600	0.049875
1782835131.780687	0.269510	0.035521	0.334717	0.050919
1782835131.853443	0.254539	0.068814	0.291713	0.050215
1782835131.933235	0.240588	0.056434	0.325042	0.049089
1782835132.026982	0.233338	0.014005	0.344064	0.043553
1782835132.122169	0.244408	-0.060798	0.352643	0.040425
1782835132.199281	0.256898	-0.169491	0.370351	0.035999
1782835132.274672	0.276091	-0.190655	0.315721	0.037569
1782835132.350238	0.282646	-0.195239	0.338083	0.039675
1782835132.426778	0.290180	-0.153248	0.384527	0.043403
1782835132.501896	0.291037	-0.105029	0.446863	0.045797
1782835132.573350	0.277736	-0.053539	0.449772	0.046649
1782835132.649398	0.263656	-0.038741	0.468002	0.045923
1782835132.723385	0.250080	-0.045021	0.433804	0.042563
1782835132.797136	0.241642	-0.051585	0.411035	0.042728
1782835132.870681	0.244374	-0.052911	0.351301	0.044712
1782835132.942981	0.262058	-0.038840	0.303573	0.048591
1782835133.019062	0.272282	-0.018598	0.304680	0.052188
1782835133.111890	0.276183	-0.016389	0.313422	0.051245
1782835133.213611	0.278409	-0.002688	0.321143	0.052747
1782835133.291463	0.283315	-0.052808	0.306316	0.050629
1782835133.369348	0.275048	-0.098584	0.331824	0.047577
1782835133.441295	0.262360	-0.098387	0.317366	0.043297
1782835133.524677	0.252551	-0.095317	0.335319	0.042013
1782835133.599256	0.249578	-0.095694	0.382599	0.042327
1782835133.673830	0.254922	-0.087351	0.385143	0.044415
1782835133.763099	0.274760	-0.069941	0.347137	0.048384
1782835133.836030	0.281185	-0.030087	0.325130	0.052189
1782835133.905279	0.282651	0.006761	0.311072	0.053814
1782835133.982732	0.281008	0.035274	0.311483	0.055022
1782835134.056561	0.271882	-0.008455	0.324857	0.050968
1782835134.183249	0.261811	0.017878	0.361543	0.050175
1782835134.306897	0.243298	-0.028642	0.414770	0.043521
1782835134.386565	0.240692	-0.037177	0.389695	0.043155
1782835134.453273	0.245055	-0.075542	0.351246	0.043476
1782835134.524446	0.254029	-0.104838	0.348429	0.042978
1782835134.593098	0.268890	-0.090581	0.325662	0.045392
1782835134.661734	0.282509	-0.047312	0.322782	0.050909
1782835134.726669	0.289084	-0.006170	0.314785	0.053490
1782835134.800726	0.290268	-0.005126	0.306852	0.053843
1782835134.874000	0.280405	0.001765	0.321500	0.051293
1782835134.947154	0.264851	-0.027999	0.354714	0.047409
1782835135.024102	0.246157	-0.061486	0.354666	0.039598
1782835135.093715	0.237969	-0.083669	0.376008	0.036269
1782835135.160624	0.239692	-0.110195	0.406417	0.033787
1782835135.231686	0.246742	-0.117800	0.417498	0.035924
1782835135.316396	0.266057	-0.131333	0.413579	0.038909
1782835135.456356	0.282910	-0.167135	0.371517	0.040489
1782835135.534560	0.299647	-0.120536	0.297989	0.044045
1782835135.625039	0.302847	-0.039381	0.271570	0.050950
1782835135.726385	0.278455	0.012951	0.262224	0.051385
1782835135.827880	0.248033	0.029786	0.276231	0.046103
1782835135.917459	0.214735	0.005918	0.292704	0.037943
1782835136.004325	0.205316	-0.018807	0.347446	0.034442
1782835136.123679	0.223996	-0.046787	0.342613	0.035433
1782835136.229481	0.262568	-0.081772	0.390566	0.041091
1782835136.332767	0.318719	-0.127792	0.345048	0.050103
1782835136.458436	0.356732	-0.122988	0.280529	0.056368
1782835136.580553	0.351753	-0.073296	0.248618	0.066002
1782835136.720750	0.286777	0.054490	0.251005	0.065899
1782835136.831667	0.148813	0.080656	0.302075	0.040901
1782835136.909154	0.085138	0.030073	0.401601	0.044159
1782835136.984451	0.084679	-0.059489	0.498352	0.043807
1782835137.057083	0.125307	-0.120660	0.544094	0.046402
1782835137.162255	0.189204	-0.142606	0.518632	0.054476
1782835137.272715	0.294755	-0.144610	0.328496	0.059157
1782835137.359257	0.413273	-0.098747	-0.006485	0.042953
1782835137.435676	0.468220	-0.022132	-0.194534	0.038293
1782835137.511961	0.436332	0.042202	-0.004826	0.054690
1782835137.595410	0.332916	0.031909	0.342091	0.056783
1782835137.697504	0.196401	0.048682	0.513992	0.016303
1782835137.764355	0.071169	0.015452	0.593175	0.000625
1782835137.837567	0.041943	-0.028985	0.657830	0.002793
1782835137.914624	0.045142	-0.081276	0.760885	0.008798
1782835137.992038	0.089746	-0.158761	0.762299	0.016338
1782835138.069310	0.149546	-0.182238	0.629195	0.023525
